gene,Plate,Row,Column,Unnamed: 4,Phenotypes.GenerationTimeWhen,Phenotypes.Monotonicity,CurvePhaseMetaPhenotypes.InitialLagAlternativeModel,Phenotypes.GenerationTimePopulationSize,CurvePhaseMetaPhenotypes.ModalitiesAlternativeModel,Phenotypes.ResidualGrowthAsPopulationDoublings,CurvePhaseMetaPhenotypes.MajorImpulseAveragePopulationDoublingTime,Phenotypes.ExperimentLowPoint,CurvePhaseMetaPhenotypes.InitialLag,CurvePhaseMetaPhenotypes.FirstMinorImpulseYieldContribution,CurvePhaseMetaPhenotypes.TimeBeforeMajorGrowth,Phenotypes.ResidualGrowth,Phenotypes.ExperimentEndAverage,CurvePhaseMetaPhenotypes.InitialAccelerationAsymptoteIntersect,Phenotypes.ExperimentPopulationDoublings,CurvePhaseMetaPhenotypes.Collapses,CurvePhaseMetaPhenotypes.InitialAccelerationAsymptoteAngle,CurvePhaseMetaPhenotypes.FirstMinorImpulseAveragePopulationDoublingTime,CurvePhaseMetaPhenotypes.MajorImpulseYieldContribution,Phenotypes.ColonySize48h,Phenotypes.ChapmanRichardsParamXtra,Phenotypes.ExperimentLowPointWhen,Phenotypes.GenerationTimeStErrOfEstimate,Phenotypes.GenerationTime,Phenotypes.ExperimentGrowthYield,Phenotypes.InitialValue,Phenotypes.ExperimentBaseLine,Phenotypes.GrowthLag,CurvePhaseMetaPhenotypes.Modalities,CurvePhaseMetaPhenotypes.MajorImpulseFlankAsymmetry,Phenotypes.ChapmanRichardsParam2,Phenotypes.ChapmanRichardsParam3,Phenotypes.ChapmanRichardsParam1,Phenotypes.ChapmanRichardsParam4,CurvePhaseMetaPhenotypes.FinalRetardationAsymptoteAngle,Phenotypes.ChapmanRichardsFit,CurvePhaseMetaPhenotypes.FinalRetardationAsymptoteIntersect,k,kt2,log10n2,kt2b,log10n1,popt0
HA5 undiluted,1,0,0,x,5.84629975,0.680555556,3.386871645,52194.57675,1,3.707372043,0.713559124,4827.076371,UndecidedProblem,UndecidedProblem,UndecidedProblem,629603.1834,681797.7601,0.531439005,6.987942446,0,2.294334753,UndecidedProblem,3.574332725,681707.0363,12.29883345,1.677970417,0.030384218,0.653708453,676426.5111,5433.078695,5371.249002,0.368755161,1,1.023375186,-6.760605225,-0.648323268,2.004623134,9.495864941,2.347965254,0.996381287,0.247525631,1.06010561256,6.19769517765,4.71762538021,2.69113989477,2.02648548544,106.288306005
HA5 undiluted,1,0,1,,4.345784972,0.826388889,3.055344876,10997.25189,1,6.250862063,0.605300376,2469.75015,UndecidedProblem,UndecidedProblem,8.29103915,826495.6839,837492.9358,0.568271667,8.353421122,0,2.345653081,UndecidedProblem,2.908269138,841412.8572,11.31247996,1.510040889,0.035014449,0.515139259,834932.2822,2554.988288,2560.653579,0.191244152,1,0.935113948,24.38162592,-0.807734387,2.146348274,2.045411484,2.193452912,0.998495674,0.241065369,1.34526729985,5.846242415,4.0412841726,2.53853339774,1.50275077486,31.8237075569
HA5 undiluted,1,0,2,,4.345784972,0.861111111,3.245385012,15054.62351,1,5.939807597,0.774339822,5704.2963,UndecidedProblem,UndecidedProblem,UndecidedProblem,909069.1747,924123.7982,0.79191208,7.3398934,0,2.609622891,UndecidedProblem,3.970556161,926884.3918,12.54696107,0.177311222,0.028878927,0.666364079,918419.5019,5655.646753,5704.2963,0.166040405,1,0.898226161,23.66449382,-0.818502244,1.985823767,2.207836291,2.344031552,0.998592846,0.191885104,1.03997202406,4.51949479347,4.17766989903,1.96243803451,2.21523186453,164.146589792
HA5 undiluted,1,0,3,,5.678955056,0.9375,3.529430472,48240.74502,2,4.41998065,0.72049026,6060.664506,UndecidedProblem,1.272332758,UndecidedProblem,984427.3569,1032668.102,0.960510508,7.41268495,0,2.832172096,1.001596145,2.469740463,1034276.649,12.74304259,0.177311222,0.016805464,0.657763852,1026607.437,6009.233055,6060.664506,0.339672245,2,0,16.47817218,-0.833113725,1.96663887,2.226004662,2.314086699,0.998193136,0.209284006,1.05356960236,5.98317442018,4.68341400634,2.59799149813,2.08542250821,121.736975643
HA5 2-fold,1,0,4,y,6.179220528,0.923611111,3.242388515,39786.27178,1,4.790966585,0.724077639,2388.347504,UndecidedProblem,UndecidedProblem,9.551256832,1061646.249,1101432.521,0.479833607,8.779111114,0,2.304974217,UndecidedProblem,3.536009916,1101105.226,11.2426298,0.845140528,0.018150269,0.678015595,1098925.36,2522.460291,2507.160371,0.460886354,1,1.022409553,16.7608295,-0.94658233,2.163911515,1.922856725,2.356627658,0.998614831,0.194408335,1.02210038399,6.31578367442,4.59973324497,2.74241583779,1.85731740719,71.9974984558
HA5 2-fold,1,0,5,,4.845858389,0.902777778,3.105510856,9479.201378,UndecidedProblem,6.894501226,0.564240838,1079.129913,UndecidedProblem,1.777203333,8.678305997,1118298.294,1127777.495,UndecidedProblem,9.84492889,0,UndecidedProblem,1.395780111,2.83376228,1128502.547,10.14703021,1.510040889,0.055553886,0.482294271,1126551.173,1237.966101,1226.322009,0.248219913,2,0,36.81764839,-0.895130852,2.281477232,1.90218957,2.180846423,0.998380846,0.211537429,1.43688208977,6.96292712873,3.9767717496,3.02341603505,0.953355714548,8.98164146343
HA5 2-fold,1,0,6,,4.678461722,0.923611111,3.484843006,8098.216995,1,7.095584762,0.570868963,1925.957479,UndecidedProblem,UndecidedProblem,8.818087687,1099477.077,1107575.294,0.761028954,9.167613212,0,2.448409375,UndecidedProblem,2.715548337,1107379.852,11.07194034,0.177311222,0.035677603,0.499337524,1105649.337,1909.957652,1925.957479,0.183118637,1,0.897475902,24.97878845,-0.843821847,2.179402409,2.212607768,2.197388412,0.997963704,0.217052736,1.38783881982,6.49295079483,3.90838940968,2.81934467861,1.08904473108,12.2756566036
HA5 2-fold,1,0,7,,4.845858389,0.909722222,3.147544118,9637.286026,2,6.864042892,0.609873857,1380.056947,UndecidedProblem,0.903267886,9.151148791,1112995.059,1122632.345,0.857661136,9.615619567,0,2.495914664,0.740223809,3.749633753,1123520.957,10.63043051,0.677804139,0.041550442,0.520388734,1121201.319,1448.37267,1431.026362,0.249714474,2,UndecidedProblem,22.01817753,-0.86900057,2.231410443,2.055771475,2.299730936,0.997984702,0.175556884,1.33169677728,6.45321399978,3.98395474865,2.80209031688,1.18186443176,15.2007295364
HA5 4-fold,1,0,8,z,5.346070972,0.951388889,3.470939948,9145.428539,1,6.92332108,0.651428829,1254.210991,UndecidedProblem,UndecidedProblem,9.740275489,1100876.032,1110021.461,0.720041648,9.729944587,0,2.375895028,UndecidedProblem,4.488419087,1110109.609,10.5024041,0.845140528,0.02278976,0.600593929,1108714.308,1315.611644,1307.152321,0.292254143,1,0.952924627,35.13916884,-0.900515497,2.240940275,2.198395839,2.264048883,0.998330286,0.177757991,1.1538578173,6.16860578289,3.96120406058,2.67850880716,1.28269525342,19.1732287361
HA5 4-fold,1,0,9,,5.510712528,0.965277778,3.735580178,12633.82118,1,6.444292432,0.68412962,2056.609716,UndecidedProblem,UndecidedProblem,9.936956077,1087536.813,1100170.634,0.748834179,9.063243546,0,2.505636948,UndecidedProblem,4.058233439,1100166.063,11.24016706,0.177311222,0.048626493,0.594120913,1098114.025,2025.331551,2056.609716,0.270516309,1,0.900496481,26.20347507,-0.856082497,2.159126118,2.446647195,2.256317254,0.998316166,0.173559373,1.16642923155,6.42785617934,4.10153472557,2.79107953945,1.31045518612,20.438790218
HA5 4-fold,1,0,10,,6.846513861,0.951388889,5.020490025,62680.15297,1,4.244782978,0.96907958,17360.62743,5.066045328,UndecidedProblem,5.066045328,1125649.814,1188329.967,0.75305778,6.09697259,0,2.513724332,UndecidedProblem,2.983251508,1187780.396,14.05456743,0.177311222,0.009557785,0.886470733,1170969.339,17308.47924,17360.62743,0.284923256,1,0.992372701,29.6773191,-0.890139203,1.781065283,2.846766228,2.494551405,0.997107889,0.190071181,0.781751697154,5.35227383042,4.79713004769,2.32404421642,2.47308583126,297.225339139
HA5 4-fold,1,0,11,,5.678955056,0.909722222,4.549421608,20658.24303,1,5.767776572,0.786102313,7614.948987,4.563896633,UndecidedProblem,4.563896633,1104897.838,1125556.081,0.732583126,7.207587854,0,2.472375403,UndecidedProblem,3.711768195,1123505.714,12.84034844,0.177311222,0.013846885,0.719428773,1117941.132,7514.505589,7614.948987,0.183319826,1,0.952770505,40.33015907,-0.818004981,1.958014234,2.820474297,2.355606362,0.997662589,0.181237038,0.963264225741,5.47033424504,4.31509338229,2.37530796571,1.93978541658,87.0533356119
HA5 8-fold,1,0,12,a,5.010367222,0.861111111,3.947261256,4911.639852,1,7.856351794,0.714883644,1709.856717,UndecidedProblem,UndecidedProblem,UndecidedProblem,1133302.721,1138214.361,0.656955853,9.062135252,0,2.328791844,UndecidedProblem,5.869378097,1138422.216,10.85154925,3.510059417,0.015853749,0.54279793,1136084.999,2131.781363,2129.362127,0.11921898,1,0.996189049,27.92243993,-0.848796824,2.201783803,2.650612542,2.319916931,0.997738566,0.158339637,1.27671820709,6.39682705652,3.69122651448,2.77760619041,0.913620324068,8.19634676764
HA5 8-fold,1,0,13,,6.511028222,0.895833333,4.52504115,20826.22532,2,5.773149103,0.642212849,2414.021357,UndecidedProblem,1.710090718,10.27218362,1118115.784,1138942.01,0.625079891,8.76821046,0,2.311586726,0.765714383,2.790579458,1138656.423,11.29162341,2.510107167,0.046370748,0.541451912,1136329.805,2612.138166,2612.204995,0.281531807,2,UndecidedProblem,33.43493827,-0.81837958,2.154366357,2.821177295,2.34969283,0.998404817,0.179268941,1.27989205438,8.33341328721,4.31861056273,3.61850338133,0.700107181402,5.01310939043
HA5 8-fold,1,0,14,,6.511028222,0.895833333,4.293555864,18051.04198,2,6.005901226,0.60258198,1376.15084,UndecidedProblem,1.467626387,10.70726845,1141950.846,1160001.888,0.452577705,9.365594107,0,2.498850117,0.703961631,2.664306404,1160378.66,10.58738578,2.510107167,0.054802542,0.522998701,1158243.422,1770.402906,1758.465867,0.304236254,2,UndecidedProblem,27.96314771,-0.842347108,2.238107919,2.67165741,2.216939738,0.998689548,0.193453012,1.32505109224,8.62744505716,4.25650227622,3.74617675083,0.510325525388,3.23836297449
HA5 8-fold,1,0,15,,6.679198194,0.881944444,4.671394084,24744.90999,2,5.57165295,0.674845587,3166.055829,UndecidedProblem,1.089620536,10.7978009,1152103.545,1176848.455,0.5277071,8.409964045,0,2.359193398,0.915410451,2.615826906,1173893.443,11.7662182,1.677970417,0.017431,0.627548196,1173388.511,3462.259619,3459.944256,0.308270079,2,UndecidedProblem,-7.329785944,-0.872177297,2.114688382,10.06064607,2.43621449,0.998315979,0.199537173,1.10429765302,7.37582288969,4.3934858784,3.20270207976,1.19078379863,15.5161438982
HA5 16-fold,1,0,16,b,7.179124361,0.916666667,5.025346073,17847.17788,2,5.995847637,0.701990511,2044.52284,UndecidedProblem,2.25785297,UndecidedProblem,1121089.399,1138936.576,0.831682075,9.090055003,0,2.388821105,0.74164804,2.412118814,1137495.454,11.12516746,1.009694444,0.015406619,0.541261441,1136846.701,2095.171007,2089.875054,0.290432551,2,0,15.09263739,-0.808503015,2.172973258,3.191153797,2.367952886,0.998399662,0.170769293,1.280342451,9.19173768037,4.25156955221,3.99120177176,0.260367780446,1.82124251727
HA5 16-fold,1,0,17,,6.346647194,0.944444444,4.786627732,7365.834566,2,7.321620477,0.574048522,1097.937682,UndecidedProblem,2.355278434,UndecidedProblem,1170916.431,1178282.265,0.636373779,10.04434081,0,2.343442377,0.708477996,2.819028338,1178463.361,10.46879594,0.509624889,0.051128124,0.546033121,1177166.427,1125.72182,1115.838831,0.258902313,2,0,35.19633945,-0.80761061,2.249975207,3.049843361,2.329048979,0.997998304,0.163934313,1.26915378087,8.05487128214,3.86722196053,3.4975559193,0.369666041232,2.34242687016
HA5 16-fold,1,0,18,,7.179124361,0.951388889,4.951980783,17986.25818,2,6.031333266,0.627784516,1416.642526,5.074579834,1.703753563,4.509052277,1158408.417,1176394.675,0.72239935,9.697680688,0,2.365031838,0.709578866,2.681439883,1176851.924,10.55008995,0.177311222,0.015710636,0.476406401,1174978.033,1399.16631,1416.642526,0.302485453,2,0,34.57037186,-0.787270605,2.239266363,3.171909302,2.270509905,0.998634281,0.171219709,1.4546404048,10.4430443666,4.25494082311,4.53453945575,-0.279598632639,0.525292702313
HA5 16-fold,1,0,19,,6.511028222,0.895833333,5.172300433,10017.23373,1,6.866899944,0.605109362,2196.131046,UndecidedProblem,UndecidedProblem,UndecidedProblem,1159187.776,1169205.01,0.639589135,8.739528268,0,2.310291285,UndecidedProblem,3.685647943,1170941.743,11.12320743,2.010097222,0.041342092,0.558933514,1166469.549,2785.956271,2735.460897,0.185135914,1,0.967194266,26.7012601,-0.77681868,2.178855308,3.254874052,2.234500485,0.998534657,0.206252172,1.23986124046,8.07277152797,4.00074780719,3.50532849673,0.495419310464,3.12909904809
HA5 32-fold,1,0,20,c,7.679024111,0.895833333,5.495244312,15847.40971,2,6.166927442,0.642574848,1471.501662,UndecidedProblem,2.189069401,UndecidedProblem,1122797.81,1138645.22,0.638681186,9.262970986,0,2.356321278,0.781893038,2.584430957,1138785.972,10.75336251,2.678047194,0.022088011,0.533900847,1136791.874,1857.526577,1853.345173,0.286778794,2,0,39.72855494,-0.837824363,2.215697687,3.311349552,2.332243525,0.998651939,0.168769301,1.29799382019,9.96732584117,4.19995828608,4.32797474649,-0.128016460414,0.744703747979
HA5 32-fold,1,0,21,,8.179155333,0.923611111,4.706590408,31989.63369,1,5.183606214,0.707603017,1034.614724,UndecidedProblem,UndecidedProblem,UndecidedProblem,1130610.111,1162599.744,0.063709182,9.712219839,0,2.599030496,UndecidedProblem,4.366387923,1162596.657,10.47168574,1.677970417,0.020425938,0.645126752,1161213.752,1410.531586,1385.992011,0.496703149,1,0.924097804,-8.296364042,-0.947862032,2.254603459,11.11507579,2.314112951,0.9977385,0.1843042,1.07420750705,8.78611006007,4.50500926705,3.81507167176,0.689937595287,4.89708447047
HA5 32-fold,1,0,22,,7.679024111,0.944444444,6.704313896,20118.93556,2,5.841900384,0.596598056,6391.691768,6.706663611,1.404749305,6.033828838,1133845.028,1153963.964,0.852493184,7.493854629,0,2.37960312,0.834851357,2.116512354,1154155.581,12.66109228,0.344954222,0.022125349,0.56988313,1147561.941,6416.223364,6402.022855,0.167461839,2,0,36.55793661,-0.734837066,1.979707828,4.020847673,2.373384708,0.997748893,0.167741519,1.21603880431,9.33799129819,4.30360499961,4.05470746773,0.248897531881,1.77377092523
HA5 32-fold,1,0,23,,7.846507194,0.9375,5.611584845,19317.3556,1,5.925100768,0.572363223,1280.064343,5.943139294,UndecidedProblem,5.943139294,1154446.503,1173763.858,0.606075885,9.840710146,0,2.200667175,UndecidedProblem,3.274252131,1175781.484,10.65912975,0.177311222,0.041524229,0.494431769,1172483.794,1280.109805,1280.064343,0.33422535,1,1.014078188,13.48005177,-0.790266966,2.226118741,3.469768671,2.231648581,0.998425414,0.174866384,1.40160896498,10.9977348269,4.28594767452,4.7753950616,-0.489447387086,0.324005671955
HA5 64-fold,1,0,24,d,8.511040639,0.888888889,7.152302246,27882.0375,2,5.297745324,0.842889354,9166.840702,7.308670772,1.484048505,6.938748594,1068860.679,1096742.716,0.774495825,6.902584806,0,2.485920176,0.99154852,2.029802993,1097701.18,13.38922219,0.177311222,0.049342907,0.684114436,1087575.875,8881.618986,9166.840702,0.193722442,2,0,13.76367784,-0.837745604,1.869764203,4.051866413,2.568188778,0.998296577,0.193706312,1.01298841763,8.62158558927,4.44532450697,3.74363247471,0.701692032254,5.03143692022
HA5 64-fold,1,0,25,,7.846507194,0.895833333,5.930770013,7565.725118,2,7.173747674,0.563811748,715.7725266,5.841271855,1.713876694,5.11975939,1084789.246,1092354.971,0.672124093,10.30042958,0,2.27373275,0.693349393,3.487265135,1095702.75,9.509910611,4.010306667,0.026629576,0.512113268,1091488.756,836.2522038,866.2146377,0.278100757,2,0,27.35120314,-0.793650037,2.331102949,3.624167353,2.298584502,0.998954843,0.183828812,1.35321625762,10.6180211004,3.87885055822,4.61051719516,-0.731666636934,0.18549549346
HA5 64-fold,1,0,26,,8.179155333,0.881944444,6.248547579,13461.26765,1,6.352310063,0.585537383,1368.613933,UndecidedProblem,UndecidedProblem,UndecidedProblem,1086359.283,1099820.55,0.698309846,9.383845888,0,2.236631545,UndecidedProblem,4.095748348,1101657.807,10.48567301,4.345784972,0.014265883,0.523936358,1098174.274,1632.443216,1646.276365,0.275940937,1,1.012775806,35.21789876,-0.777208342,2.233354543,3.819603821,2.265206316,0.998515396,0.20760513,1.32267972898,10.8184029591,4.1290859594,4.69752625232,-0.568440292921,0.270121844801
HA5 64-fold,1,0,27,,8.346460917,0.868055556,6.186038587,21430.67466,2,5.739938701,0.801325389,3201.396399,6.48565797,2.156328217,6.105848092,1123896.501,1145327.176,0.798826378,8.200857086,0,2.505633368,0.856301536,2.521749208,1147508.44,11.72830755,2.678047194,0.017539627,0.648898447,1141434.703,3910.35609,3892.472856,0.277375002,2,0,18.94234353,-0.84278141,2.103909,3.680042835,2.415610283,0.998885229,0.186939245,1.06796372099,8.91371745798,4.3310358433,3.87048087624,0.46055496706,2.8877192441
HA5 128-fold,1,0,28,e,9.011071639,0.826388889,7.116761812,17883.80922,2,5.935207253,0.71258773,3043.044726,8.8364291,1.570804565,8.658944971,1076413.779,1094297.588,0.689771907,8.346752042,0,2.305552589,0.61359477,2.383808384,1096967.95,11.63156481,4.510389417,0.009061363,0.552398681,1090936.246,3310.151368,3361.34207,0.232991189,2,0,25.80832915,-0.722147193,2.100602606,4.575710225,2.346568812,0.998096944,0.202334077,1.25452870153,11.3046480026,4.25246002828,4.9086617467,-0.656201718419,0.220697941075
HA5 128-fold,1,0,29,,8.846674111,0.888888889,6.600265362,15732.97721,1,6.143236783,0.555254708,964.820303,UndecidedProblem,UndecidedProblem,UndecidedProblem,1096278.976,1112011.953,-1.10335345,9.748738686,0,3.02376874,UndecidedProblem,3.70324448,1113917.064,10.20476839,3.345551667,0.034444041,0.483345016,1110719.405,1303.181825,1292.548033,0.301819909,1,1.080691972,44.50747299,-0.803297844,2.265173132,3.876332676,2.279414032,0.998655542,0.19013273,1.43375844802,12.6839937436,4.19681091357,5.50759606754,-1.31078515398,0.0488894156077
HA5 128-fold,1,0,30,,8.846674111,0.854166667,6.488983255,14296.79107,1,6.268445732,0.571307336,830.2375065,6.839470833,UndecidedProblem,6.839470833,1087822.901,1102119.692,0.632334563,10.34731636,0,2.176275918,UndecidedProblem,4.200115791,1104161.94,10.25861418,0.344954222,0.034796476,0.530116569,1101273.681,855.3221096,846.0112987,0.371676468,1,1.038500614,43.23896703,-0.763661186,2.259367141,4.108219308,2.260063877,0.998217499,0.200139439,1.30725964915,11.5649000945,4.15523857054,5.02166743139,-0.86642886085,0.136010093494
HA5 128-fold,1,0,31,,9.011071639,0.916666667,7.701458624,18329.70906,2,5.916269217,0.75063351,5547.105934,7.698521183,0.723676534,7.698521183,1088625.551,1106955.26,-1.164151382,7.640645921,0,3.13308396,0.922552984,3.040055559,1108382.66,12.4933584,0.177311222,0.015300225,0.671290385,1101408.154,5531.343227,5547.105934,0.203724634,2,UndecidedProblem,23.44228298,-0.783686512,1.999867948,4.459542747,2.439208429,0.999023119,0.172603344,1.03234012506,9.3024908227,4.26315557164,4.03929258476,0.22386298688,1.67441454108
HA5 256-fold,1,0,32,f,9.683198306,0.888888889,7.267723913,17271.73172,2,5.906035386,0.606268863,1041.72476,UndecidedProblem,1.63462103,UndecidedProblem,1018418.047,1035689.779,0.1651175,9.749823664,0,2.971811234,0.721925495,3.52216595,1036957.873,10.11232736,2.678047194,0.026825236,0.534858386,1034486.849,1217.855349,1202.929886,0.354156413,2,0,30.46475474,-0.777358526,2.265374182,4.338625413,2.335892065,0.999159809,0.193958495,1.29567006546,12.546230183,4.23733588353,5.44777689231,-1.21044100878,0.0615969191945
HA5 256-fold,1,0,33,,8.511040639,0.819444444,6.941048742,3652.678621,2,8.154081514,0.575697156,556.780892,UndecidedProblem,1.798861885,UndecidedProblem,1036829.355,1040482.034,0.655567451,10.42935689,0,2.249083277,0.750577016,4.185666759,1043067.861,9.295467804,2.510107167,0.019750323,0.538067218,1039727.488,755.798213,754.5453148,0.214905348,2,0,15.3321898,-0.829627446,2.35088092,4.031193879,2.376648112,0.999269994,0.204328935,1.28794317293,10.9617366855,3.56261146272,4.75976408403,-1.19715262131,0.0635107700828
HA5 256-fold,1,0,34,,9.346490556,0.826388889,8.152397486,11007.19692,1,6.562436971,0.632442,2949.459615,8.227169386,UndecidedProblem,8.227169386,1029313.19,1040320.387,-0.069627192,8.307437222,0,3.122695366,UndecidedProblem,3.347712598,1042606.806,11.54845272,6.179220528,0.019288186,0.563309036,1037036.567,3312.641423,3283.819808,0.174448573,1,0.980813389,28.03056234,-0.736903083,2.104379773,4.857302418,2.270422855,0.998497827,0.205776524,1.23023057631,11.4983384632,4.04167673612,4.99276529014,-0.951088554022,0.11192096498
HA5 256-fold,1,0,35,,9.346490556,0.8125,7.890574429,9554.961571,2,6.776011346,0.608458696,1831.374274,UndecidedProblem,1.588063708,UndecidedProblem,1037601.581,1047156.543,0.709766851,8.824477397,0,2.423507643,0.857415424,3.657247035,1048439.362,10.96787096,5.346070972,0.008354437,0.561146404,1044846.717,2322.120886,2309.825747,0.202372067,2,0,29.34486522,-0.753841954,2.175741096,4.691663755,2.428942879,0.998837816,0.200262396,1.23497182742,11.5426525219,3.98022894471,5.01200717409,-1.03177822938,0.0929440880622
HA5 512-fold,1,0,36,g,9.179088833,0.847222222,7.597963752,2678.623332,3,8.489645865,0.462219354,260.1627577,UndecidedProblem,1.566551624,UndecidedProblem,960151.5802,962830.2036,-0.463915669,10.90072298,0,3.047025179,1.275407703,3.625014291,966884.639,8.301750238,5.678955056,0.064727561,0.403739313,962326.5811,522.6866582,503.6224879,0.172846588,3,UndecidedProblem,31.09278212,-0.813486406,2.427949947,4.255059128,2.190506965,0.998329968,0.187090557,1.71645410215,15.7554846814,3.42791164741,6.84128731283,-3.41337566542,0.00038603291351
HA5 512-fold,1,0,37,,10.51502822,0.826388889,8.600513888,16919.11018,2,5.686791928,0.639555609,2054.404599,8.848519811,1.826583318,8.407266954,854591.0773,871510.1875,0.710348714,6.912430647,0,2.411416205,0.735224709,2.030166556,873114.2647,11.3390672,3.510059417,0.020269368,0.568143165,864275.438,8009.162856,7234.749535,0.126254128,2,0,32.12113229,-0.747336038,2.103284405,5.094366808,2.408177647,0.994300653,0.208057916,1.21976297999,12.8258421563,4.22837751863,5.56918895192,-1.3408114333,0.0456234966014
HA5 512-fold,1,0,38,,11.51866667,0.819444444,9.152425673,40282.72982,2,4.359294721,0.802133353,5215.451958,6.360628352,1.08148663,5.159176116,786511.3621,826794.0919,0.628380455,6.987554716,0,2.453429962,1.064756323,2.632625659,829616.6567,12.50018583,0.845140528,0.019473322,0.688477375,820278.8012,6754.662256,6515.290714,0.313017819,2,0,24.33946529,-0.796450373,1.944201028,5.109947263,2.598502148,0.998980771,0.207511888,1.00656902487,11.5943330778,4.6051188935,5.03444771074,-0.429328817244,0.372109864148
HA5 512-fold,1,0,39,,10.51502822,0.951388889,8.120469798,18304.13531,2,5.687528406,0.578172563,965.0379407,8.13524305,1.721777455,7.496804636,925030.6932,943334.8285,0.781621683,9.932968555,0,2.260134136,0.687393346,2.582106476,946387.4725,10.13001002,0.177311222,0.049793978,0.496258979,942369.7906,963.9963877,965.0379407,0.362547273,2,0,11.08820895,-0.798736719,2.249828048,4.580434069,2.384534389,0.998772593,0.199498121,1.39644828472,14.6836931216,4.26254921757,6.37589801197,-2.1133487944,0.00770284582847
HA5 1024-fold,1,0,40,h,10.51502822,0.861111111,8.536757155,9522.834002,1,6.56110296,0.633680472,1110.590755,8.669089758,UndecidedProblem,8.669089758,889674.4979,899197.3319,0.614772881,9.661166653,0,2.281372574,UndecidedProblem,4.326978588,901897.3184,10.17682179,0.177311222,0.017872107,0.609065605,898086.7412,1101.674443,1110.590755,0.32620204,1,1.016562089,13.25896319,-0.817447375,2.241194133,4.742628137,2.31915687,0.999441778,0.205461255,1.13780846318,11.9640880993,3.97876621396,5.19500134576,-1.2162351318,0.060780583943
HA5 1024-fold,1,0,41,,11.35425711,0.861111111,10.03158423,17601.41435,1,5.631400158,0.664782537,4449.004808,10.02870838,UndecidedProblem,10.02870838,854903.6003,872505.0147,0.761454475,7.614674099,0,2.398755876,UndecidedProblem,2.589090635,875978.2343,12.14875787,0.677804139,0.018755497,0.611418492,868053.3482,4452.887102,4451.666493,0.212953861,1,0.995226243,20.14978962,-0.797290453,2.002386238,5.385019864,2.387304798,0.998946618,0.243864672,1.1334298996,12.8692544962,4.24554756666,5.58803929492,-1.34249172826,0.0454473193202
HA5 1024-fold,1,0,42,,9.515039361,0.861111111,7.384200452,3570.07987,3,7.894610489,0.698026029,415.6005887,UndecidedProblem,2.307547443,UndecidedProblem,845986.8631,849556.943,0.543025514,10.54949124,0,2.671235428,0.520045912,2.538888338,851180.9686,9.008173095,1.345317167,0.071266121,0.468387413,848990.0786,597.287463,566.8644121,0.218134426,3,0,-6.264441807,-0.990834236,2.361460574,10.0637428,2.377977072,0.99871797,0.23404112,1.47954445565,14.0779237319,3.55267793228,6.11286310545,-2.56018517317,0.00275305461393
HA5 1024-fold,1,0,43,,11.186771,0.840277778,8.47085241,23198.31168,2,5.474265517,0.720421197,1654.573278,UndecidedProblem,1.679256749,UndecidedProblem,1008076.722,1031275.033,0.498481049,9.283754237,0,2.458035416,0.796003528,2.03722239,1034971.763,11.09631779,0.177311222,0.020274226,0.608394975,1029620.46,1627.629443,1654.573278,0.397265778,2,UndecidedProblem,41.72925024,-0.854628581,2.165965439,4.673166816,2.454505457,0.998758818,0.220723021,1.13906266238,12.7424331587,4.36545637908,5.53297141062,-1.16751503154,0.0679962510147
HA5 2048-fold,1,0,44,I,10.68304719,0.833333333,9.226833518,4034.782868,3,7.645141183,0.592492555,724.160007,9.189080914,1.856375943,6.473630296,803640.8588,807675.6417,0.589895223,9.825061411,0,3.053103916,0.801317546,2.926339927,811070.3439,9.631640544,1.009694444,0.047637708,0.521551662,806785.2138,897.607391,890.4279656,0.200268425,3,0,39.19077626,-0.922774715,2.289919989,4.590650585,2.708184226,0.999322448,0.235796466,1.32872743103,14.1948578484,3.60582016811,6.16363779781,-2.5578176297,0.00276810379219
HA5 2048-fold,1,0,45,,10.18306933,0.847222222,7.993887262,2532.144027,1,8.574002559,0.541232667,158.6418191,UndecidedProblem,UndecidedProblem,UndecidedProblem,962452.4002,964984.5442,0.715019778,12.12273511,0,2.141801749,UndecidedProblem,5.676402106,968201.5953,7.506626937,4.678461722,0.057519073,0.50885997,964768.166,218.9328027,216.3781777,0.312399283,1,1.059424785,14.78633213,-0.907131398,2.504184913,4.247393455,2.269077858,0.999528766,0.260948637,1.36186778457,13.8679940686,3.40348840449,6.02170823646,-2.61821983197,0.00240868588704
HA5 2048-fold,1,0,46,,9.850454889,0.819444444,8.452021125,3077.875225,2,7.984038506,0.758582988,969.223268,UndecidedProblem,2.401180658,UndecidedProblem,776188.7686,779266.6438,0.668577062,9.427777679,0,2.290489904,0.625899339,2.815038934,782022.2113,10.03227496,6.179220528,0.116411665,0.49544342,778135.176,1128.986648,1131.467836,0.129440817,2,0,25.03827144,-0.917582074,2.237191403,4.476829616,2.484739856,0.998896286,0.255060676,1.39874700526,13.7782942764,3.48825100984,5.98275913001,-2.49450812017,0.00320252021533
HA5 2048-fold,1,0,47,,10.01507008,0.840277778,8.31466353,2983.124096,1,8.529940623,0.612773295,424.3699416,UndecidedProblem,UndecidedProblem,UndecidedProblem,1099671.007,1102654.131,0.691311633,10.99118825,0,2.286716247,UndecidedProblem,4.305215859,1108883.778,8.935909305,2.510107167,0.0556646,0.534786579,1102112.427,543.650977,541.7038943,0.230327013,1,0.99337192,33.81412123,-0.92756656,2.393662063,4.310492741,2.271559709,0.999236406,0.233946597,1.295844038,12.9779688533,3.4746713201,5.63524483427,-2.16057351417,0.00690917966004
HA5 undiluted,1,1,0,,5.178466667,0.861111111,3.181503418,29571.52067,1,4.940920949,0.735647403,4534.093957,UndecidedProblem,UndecidedProblem,UndecidedProblem,878748.8833,908320.404,0.792138254,7.646243191,0,2.458293021,UndecidedProblem,3.719069833,905801.788,12.21340004,0.177311222,0.011973982,0.683929387,903786.31,4496.330221,4534.093957,0.319849579,1,0.946207851,23.59728571,-0.850878376,2.041439045,2.08423656,2.326056157,0.998222019,0.217814689,1.01326249928,5.24714607742,4.47087365803,2.27839603883,2.1924776192,155.767775986
HA5 control,1,1,1,,3.178060528,0.930555556,1.616629501,10325.97427,1,6.853201478,0.617312673,1788.055698,UndecidedProblem,UndecidedProblem,7.515863748,1183525.362,1193851.336,0.376589741,9.004517542,0,2.357851897,UndecidedProblem,3.872194804,1192313.21,10.77599319,1.009694444,0.019363253,0.568072898,1191526.885,2400.772982,2324.45088,0.214545462,1,0.942135542,37.27251478,-0.95382223,2.216850577,0.964980918,2.221416074,0.996857241,0.177040574,1.2199138569,3.87696007618,4.01393103855,1.6834390257,2.33049201285,214.03855624
HA5 undiluted,1,1,2,,4.678461722,0.972222222,2.805978343,18029.66243,1,5.85543215,0.689337167,2753.972629,UndecidedProblem,UndecidedProblem,UndecidedProblem,1025844.889,1043874.551,0.71654033,8.526378967,0,2.554385072,UndecidedProblem,2.741010066,1045238.446,11.53294496,0.677804139,0.018324395,0.608598163,1041043.469,2851.815993,2831.082249,0.282177506,1,0.898204858,32.61756177,-0.938859841,2.113469823,1.669817601,2.29436108,0.998241592,0.173426795,1.13868237226,5.32728189215,4.25598759549,2.31319231096,1.94279528452,87.658752247
HA5 control,1,1,3,,3.178060528,0.979166667,1.89916649,11879.30087,1,6.711971684,0.62653445,2897.97462,UndecidedProblem,UndecidedProblem,UndecidedProblem,1233482.926,1245362.227,0.788007324,8.741271115,0,2.57763578,UndecidedProblem,3.045742183,1245973.257,11.42188593,0.509624889,0.020065964,0.543545231,1242452.107,2929.025016,2910.119904,0.194581138,1,0.871584975,29.02171746,-0.960598655,2.153028482,1.023528119,2.246628617,0.99765512,0.156615085,1.27496289265,4.05190924378,4.07479088196,1.75940479539,2.31538608656,206.721708931
HA5 2-fold,1,1,4,,5.678955056,0.944444444,3.937393439,26755.79632,1,5.162889985,0.803706079,6058.501018,UndecidedProblem,UndecidedProblem,10.41167279,931767.4083,958523.2046,0.758680665,7.30339571,0,2.542114284,UndecidedProblem,2.954195269,959441.3168,12.64094481,0.344954222,0.009237201,0.715992158,952454.9827,6084.330738,6068.22188,0.266595422,1,0.937673307,23.42475823,-0.890466773,1.940524937,2.318096458,3.015720614,0.997340254,0.815736545,0.967887695776,5.49659072356,4.4274178812,2.38670895509,2.04070892612,109.82695079
HA5 control,1,1,5,,3.345551667,0.979166667,2.02026497,17172.32045,1,6.22690977,0.673816861,4373.010557,UndecidedProblem,UndecidedProblem,7.576062863,1269048.707,1286221.028,0.830165096,8.200296034,0,2.623277444,UndecidedProblem,3.071275759,1285891.069,12.07407495,0.177311222,0.013726848,0.573005905,1281848.017,4309.73271,4373.010557,0.199232553,1,0.859643886,33.08538296,-0.91977094,2.076947808,1.211500774,2.255084416,0.997201609,0.164789635,1.20941162029,4.04614906234,4.23482898418,1.75690363106,2.47792535312,300.555966026
HA5 2-fold,1,1,6,,5.178466667,1.0,3.074046938,16446.51016,2,5.978798381,0.634619508,1648.36183,UndecidedProblem,1.934980934,UndecidedProblem,1020774.746,1037221.256,0.727735866,9.297475,0,2.587567131,0.871824382,2.282595904,1039066.292,11.15871058,0.177311222,0.045882612,0.515964472,1035572.894,1506.545997,1648.36183,0.296726555,2,0,31.69094481,-0.913932459,2.156811592,1.962026294,2.356534904,0.997461256,0.147125776,1.34311573298,6.95528005314,4.21607375766,3.02009555065,1.19597820702,15.7028400519
HA5 control,1,1,7,,3.510059417,1.0,1.994144475,21748.67163,1,5.956597961,0.718645421,5041.41897,UndecidedProblem,UndecidedProblem,UndecidedProblem,1328915.546,1350664.217,0.791748757,8.065623487,0,2.652729801,UndecidedProblem,3.359887718,1353632.697,12.28714989,0.177311222,0.022386287,0.642066125,1345622.799,5033.622849,5041.41897,0.236679283,1,0.866943182,30.13840659,-0.953667285,2.06257997,1.155112394,2.299766014,0.997681332,0.133342958,1.07932808323,3.78850570256,4.33743273617,1.6450307002,2.69240203597,492.495238416
HA5 4-fold,1,1,8,,6.179220528,0.965277778,3.928134237,19923.93334,1,5.549137683,0.612764322,1542.262812,UndecidedProblem,UndecidedProblem,UndecidedProblem,912969.3634,932893.2967,0.576730034,9.240519635,0,2.172880373,UndecidedProblem,4.422898742,933720.2303,10.80018932,0.177311222,0.035809615,0.569984688,931351.0339,1506.656182,1542.262812,0.362085107,1,1.045235235,25.75085955,-0.771601238,2.16915992,2.708567259,2.271171126,0.997267519,0.166583982,1.21582213451,7.51283309194,4.29937508003,3.26219413458,1.03718094545,10.893838822
HA5 control,1,1,9,,3.510059417,1.0,2.093862643,19285.53659,1,6.136001545,0.653053063,4319.644362,UndecidedProblem,UndecidedProblem,UndecidedProblem,1337003.482,1356289.018,0.798317602,8.294536387,0,2.661374918,UndecidedProblem,3.19483252,1359026.663,12.11568856,0.177311222,0.02250047,0.579765134,1351969.374,4282.720963,4319.644362,0.219463922,1,0.852630211,27.84910077,-0.924983654,2.082832639,1.207248635,2.269168658,0.997333047,0.132207137,1.19531161734,4.1956147987,4.28523172694,1.82180408107,2.46342764587,290.68836278
HA5 4-fold,1,1,10,,5.84629975,0.902777778,4.16294075,16574.77388,1,5.939491255,0.632243234,2674.400778,4.709870243,UndecidedProblem,4.709870243,1000639.953,1017214.727,0.412381441,8.258451526,0,2.315238849,UndecidedProblem,2.962904364,1017571.344,11.54149718,3.178060528,0.038186482,0.557979155,1013892.946,3298.279361,3321.781118,0.226586779,1,0.989250051,23.75497497,-0.823116029,2.104616432,2.637402911,2.290350148,0.997548552,0.184833997,1.24198188013,7.26099835531,4.21944761229,3.15284340222,1.06660421007,11.657467412
HA5 control,1,1,11,,3.678288528,0.944444444,2.125214106,23967.05624,1,5.851545681,0.657483972,4641.011923,2.054594654,UndecidedProblem,2.054594654,1359935.355,1383902.411,0.478188183,8.147264833,0,2.323633273,UndecidedProblem,3.378949364,1383686.016,12.09191343,1.009694444,0.018679613,0.575114676,1379021.124,4898.921842,4881.287285,0.231007573,1,0.975816764,32.08114449,-0.908662991,2.091713648,1.239851819,2.267440301,0.997373142,0.144407979,1.20497707487,4.43225335099,4.37961469498,1.92455638341,2.45505831157,285.140109186
HA5 8-fold,1,1,12,,6.679198194,0.888888889,4.736532255,24265.81724,1,5.301153507,0.663265144,3154.897095,UndecidedProblem,UndecidedProblem,UndecidedProblem,932490.0617,956755.8789,0.622994305,7.76845763,0,2.3761303,UndecidedProblem,2.860709669,958269.3742,11.78730239,2.510107167,0.01676091,0.603727876,952367.9218,4428.745306,4387.9571,0.259385928,1,0.969892,19.06133987,-0.838863834,2.056886823,2.835445744,2.30458977,0.997014163,0.17999463,1.14786814979,7.66683887302,4.38499492235,3.32906594573,1.05592897662,11.3744125645
HA5 control,1,1,13,,5.178466667,0.958333333,2.265074505,108851.2218,1,3.684032987,0.840396234,9827.199554,UndecidedProblem,UndecidedProblem,UndecidedProblem,1290213.295,1399064.517,0.475089172,7.049217108,0,2.464722906,UndecidedProblem,3.480459542,1400813.198,13.2369964,1.009694444,0.002302462,0.808315026,1388500.917,10639.41517,10563.59997,0.463538326,1,0.998262674,18.44947696,-0.951060504,1.944266244,1.353930671,2.460440879,0.997716118,0.141011517,0.857339004855,4.43970145896,5.03683330814,1.92779047284,3.1090428353,1285.41343648
HA5 8-fold,1,1,14,,7.510941583,0.9375,4.73765223,51479.74161,1,4.289567878,0.860516923,5466.05947,UndecidedProblem,UndecidedProblem,UndecidedProblem,955277.954,1006757.696,0.698107464,7.326100692,0,2.35348702,UndecidedProblem,3.236519043,1007292.272,12.55984261,1.177710472,0.024906721,0.743546071,1000483.632,6422.317395,6274.063334,0.387406656,1,1.009902989,15.80390236,-0.872361299,1.982615088,2.896784443,2.376793575,0.999082037,0.194816496,0.932020256752,7.00034970263,4.7116363584,3.03966552437,1.67197083403,46.9862552925
HA5 control,1,1,15,,4.845858389,0.9375,2.616256206,93071.64915,1,3.938761653,0.900142103,16923.854,2.397755608,UndecidedProblem,2.397755608,1334187.425,1427259.074,0.549989353,6.307663678,0,2.416743317,UndecidedProblem,2.831017989,1429086.8,14.05629664,0.845140528,0.007899356,0.848349996,1409241.063,18236.50965,18018.01081,0.346544615,1,1.033254718,25.81053833,-0.90222646,1.830332779,1.624324646,2.497111436,0.998401836,0.180509561,0.816879829395,3.95848397408,4.96881740931,1.71883802609,3.24997938322,1778.19499376
HA5 16-fold,1,1,16,,7.179124361,0.930555556,4.827764761,21324.00808,2,5.5016529,0.899432475,4019.481492,UndecidedProblem,1.558708437,UndecidedProblem,944796.6916,966120.6996,0.749039967,7.767816191,0,2.567830705,0.849511929,2.443141617,966439.2547,12.26113801,0.845140528,0.032144052,0.671786163,961687.8223,4504.277316,4432.877327,0.264884093,2,0,13.53551349,-0.866385781,2.006884898,3.143628644,2.459717143,0.997536287,0.171847518,1.03157825833,7.40582860468,4.32886883841,3.21573104849,1.11313778992,12.9759089626
HA5 control,1,1,17,,3.00994825,0.875,1.45587944,12410.27947,2,6.657963984,0.57496404,1875.691908,UndecidedProblem,1.847831112,6.744883858,1240812.934,1253223.214,0.920203987,9.384004806,0,2.597419003,0.723464357,2.792017147,1260629.971,10.78416626,0.177311222,0.056398695,0.529374179,1251347.522,1875.486674,1875.691908,0.251593102,2,UndecidedProblem,23.50419284,-0.886342056,2.240652561,0.955093796,3.123446033,0.999691063,1.97674031,1.30909293934,3.94030200187,4.09378156159,1.71094311848,2.38283844311,241.456245375
HA5 16-fold,1,1,18,,7.346503806,0.965277778,5.159736678,18695.55893,2,5.622556865,0.581892837,1405.018516,UndecidedProblem,2.133548225,UndecidedProblem,902383.1046,921078.6635,0.545106768,9.35659142,0,2.166515627,0.878418203,2.763759493,921339.407,10.81302266,0.177311222,0.024607072,0.526725668,919673.645,1380.814417,1405.018516,0.33939046,2,0,18.83330226,-0.838622336,2.178769181,3.100403704,2.471568389,0.998630464,0.153235293,1.31567539253,9.66561427866,4.27173845353,4.19696668635,0.0747717671794,1.18787780331
HA5 control,1,1,19,,4.010306667,0.847222222,2.370029135,39332.24852,1,4.858234542,0.728830134,8259.648842,UndecidedProblem,UndecidedProblem,7.538854889,1101503.437,1140835.685,0.780709401,7.109794853,0,2.528125206,UndecidedProblem,3.309815802,1142493.345,13.06135115,0.177311222,0.01415838,0.685134512,1132576.037,8211.785124,8259.648842,0.268277948,1,0.924622542,22.58418065,-0.788811858,1.961979474,1.709706749,2.337561554,0.999189381,0.215854089,1.01148020989,4.05634582926,4.59474877458,1.76133123285,2.83341754173,681.42418235
HA5 32-fold,1,1,20,,6.679198194,0.840277778,5.322798466,2803.516849,UndecidedProblem,8.380007884,0.460002123,379.5956281,UndecidedProblem,2.599375096,UndecidedProblem,931175.0449,933978.5617,UndecidedProblem,9.280268276,0,UndecidedProblem,0.871857011,3.638152381,934104.118,9.376399604,3.845753861,0.070331945,0.379464613,932476.4654,1512.135926,1502.096343,0.066611978,3,UndecidedProblem,39.73436365,-0.74251927,2.320905477,3.542787422,2.4377729,0.992949665,0.17783101,1.82625724839,12.1979341152,3.44770317053,5.29654108348,-1.84883791295,0.0141632228004
HA5 control,1,1,21,,3.845753861,0.847222222,2.864935516,29394.24072,1,5.498251019,0.78425934,12262.10313,UndecidedProblem,UndecidedProblem,8.225473943,1299225.579,1328619.82,0.724491913,6.671396805,0,2.46048753,UndecidedProblem,3.33577662,1332658.613,13.51944919,1.177710472,0.016130738,0.737606973,1315584.846,13141.2633,13034.97419,0.154666475,1,0.958666282,21.64890683,-0.851737541,1.89841446,1.81509328,3.065582434,0.997572658,0.525950056,0.939524740637,3.61318089881,4.46826224645,1.56890182319,2.89936042326,793.15930446
HA5 32-fold,1,1,22,,8.179155333,0.895833333,6.523075717,33922.97922,1,4.829471807,0.836079239,8695.64546,6.779823289,UndecidedProblem,6.779823289,930593.9692,964516.9484,0.819041179,6.793369659,0,2.448620822,UndecidedProblem,2.488403265,961222.567,13.46041343,0.177311222,0.047351604,0.716899005,955821.3029,8696.048337,8695.64546,0.245695554,1,0.947296546,25.69199718,-0.754317923,1.83761081,4.11391403,2.319570047,0.997708765,0.228790146,0.966663358669,7.90648976528,4.53049398633,3.433126255,1.09736773133,12.513181137
HA5 control,1,1,23,,3.845753861,0.833333333,0.654840388,19285.79085,3,5.944427108,0.975765487,1493.380963,UndecidedProblem,2.646653274,UndecidedProblem,1168363.788,1187649.579,UndecidedProblem,9.353167653,0,3.141592654,0.638943649,2.794095907,1191364.07,10.6913338,0.677804139,0.024220076,0.494762676,1185833.627,1878.78424,1815.951734,0.292401091,3,UndecidedProblem,0.206512937,-0.861971921,2.25152795,1.826842013,2.261517114,0.998346009,0.185043714,1.40067154136,5.38663798818,4.28523745263,2.33896569178,1.94627176084,88.3632662774
HA5 64-fold,1,1,24,,9.515039361,0.819444444,7.715202633,56801.7306,1,4.009279342,0.930887327,14500.32546,7.943077958,UndecidedProblem,7.943077958,857890.3325,914692.0631,0.636076413,5.979128946,0,2.502151368,UndecidedProblem,2.415531012,914500.951,14.0711932,0.177311222,0.046388517,0.815477801,900191.7376,13946.26354,14500.32546,0.278964677,1,1.00561731,29.62306332,-0.836317282,1.710014011,4.279257346,2.925235208,0.995882618,0.208796438,0.84980854065,8.0859617136,4.75436156773,3.51105588953,1.24330567819,17.5107875186
HA5 control,1,1,25,,3.678288528,0.965277778,2.138066767,17451.08568,2,6.306363297,0.618810312,3086.949876,UndecidedProblem,1.456873721,8.451577663,1363654.771,1381105.856,0.902327253,8.805426128,0,2.810183251,0.796232292,2.587049928,1387444.727,11.77072964,0.177311222,0.017692649,0.59059187,1378018.906,3041.828154,3086.949876,0.257096916,2,0,15.04078589,-0.944192514,2.140007997,1.237416452,2.376732745,0.998348965,0.181349546,1.17339915295,4.31610064308,4.24182245079,1.87412099135,2.36770145944,233.18545593
HA5 64-fold,1,1,26,,8.679149306,0.826388889,7.027347712,19438.3641,1,5.645076399,0.59682851,2785.150461,UndecidedProblem,UndecidedProblem,UndecidedProblem,953302.2224,972740.5865,0.610443669,8.1132231,0,2.289833804,UndecidedProblem,2.960214425,973669.997,11.56722507,5.178466667,0.050125539,0.570392143,969227.624,3508.411482,3512.962566,0.245677963,1,0.997593267,13.08845896,-0.730735121,2.095705567,4.293690148,2.284322785,0.99868259,0.203222395,1.21495362183,10.5447638837,4.28865971264,4.57870772198,-0.29004800934,0.512804692561
HA5 control,1,1,27,,3.845753861,0.854166667,2.249155275,22600.31314,2,5.8429389,0.679704028,4532.850777,UndecidedProblem,1.154984887,UndecidedProblem,1274621.755,1297222.068,0.44572699,8.023637639,0,2.391504158,0.860480872,3.32062304,1300905.986,12.10573252,1.345317167,0.011169574,0.636790607,1292237.142,4989.728234,4984.926103,0.242465418,2,0,22.7021196,-0.859365318,2.095532493,1.513435683,3.11271231,0.998609612,1.634980134,1.08826982117,4.18521786656,4.35411445658,1.81728956429,2.53682489229,344.211116722
HA5 128-fold,1,1,28,,8.179155333,0.819444444,6.548828475,5424.925017,1,7.377132808,0.528652762,640.1701812,UndecidedProblem,UndecidedProblem,UndecidedProblem,896420.2723,901845.1974,0.639800702,4.989885872,0,2.30549479,UndecidedProblem,3.923839617,902770.7813,11.51592119,4.845858389,0.030338719,0.492319937,873464.264,28411.35669,28380.93339,UndecidedProblem,1,0.96205188,27.99651471,-0.666420143,2.071249124,4.930337258,2.218005597,0.850626198,0.228987953,1.4076212396,11.5131527687,3.73439373977,4.99919790218,-1.26480416241,0.0543495356077
HA5 control,1,1,29,,2.845433861,0.756944444,1.942174702,7594.483622,1,7.26984189,0.562791533,2492.811781,UndecidedProblem,UndecidedProblem,7.024849118,1164435.501,1172029.984,0.505047777,8.370091536,0,2.400156508,UndecidedProblem,4.627007969,1181014.917,11.37078929,1.177710472,0.010871506,0.496655475,1168487.645,3671.561554,3542.338862,0.101051368,1,0.911947637,29.1896219,-0.697934476,2.178016183,1.659801002,2.188817055,0.997995993,0.232391641,1.39533345525,3.97032906095,3.88049824986,1.72398135517,2.15651689469,143.389349553
HA5 128-fold,1,1,30,,6.179220528,0.833333333,UndecidedProblem,388.7171109,UndecidedProblem,11.20451191,0.244113726,140.996496,UndecidedProblem,2.497484825,UndecidedProblem,916945.9969,917334.714,UndecidedProblem,11.90809924,0,UndecidedProblem,0.613484876,3.687157383,918417.3267,7.397235595,5.84629975,0.70547294,0.202910235,917096.0248,245.5910002,238.6891978,0.033177408,4,0,38.42895611,-0.897097495,2.503336922,3.174469491,2.359179453,0.996518462,0.22564991,3.41530332366,21.1039124069,2.58963365822,9.16366148802,-6.5740278298,2.66668777641e-07
HA5 control,1,1,31,,3.845753861,0.625,1.837005423,23624.12641,1,5.278134817,0.562344719,1998.720637,UndecidedProblem,UndecidedProblem,6.985821272,893087.33,916711.4564,0.320747471,8.504490645,0,2.227392077,UndecidedProblem,4.251836362,915128.5515,11.07292786,1.177710472,0.020782784,0.522923346,914187.2441,2578.078819,2524.212291,0.292504894,1,0.992651045,18.50057254,-0.689646469,2.183954208,1.596346943,2.211023073,0.998825014,0.239043955,1.32524203653,5.09655467873,4.37335575782,2.21300680796,2.16034894986,144.660162917
HA5 256-fold,1,1,32,,10.35042817,0.951388889,7.69771826,36555.85551,1,4.457073849,0.676374003,2385.130818,UndecidedProblem,UndecidedProblem,UndecidedProblem,766359.7027,802915.5583,0.658699439,8.395036063,0,2.305890593,UndecidedProblem,2.550190694,805112.1026,11.79837001,0.177311222,0.038090165,0.619521729,800530.4274,2299.942506,2385.130818,0.417352201,1,1.021673479,38.62679659,-0.883029285,2.044957154,4.053397408,2.355867265,0.997769294,0.201233465,1.11860483266,11.5780389711,4.56295695207,5.02737254499,-0.464415592914,0.34322934148
HA5 control,1,1,33,,3.510059417,0.694444444,2.386130915,13019.9621,1,6.200214829,0.550350661,3097.731362,UndecidedProblem,UndecidedProblem,7.080462065,944307.1605,957327.1226,1.065216642,8.271656136,0,2.712477708,UndecidedProblem,3.54714066,955277.3686,11.84295167,0.177311222,0.055073057,0.519696955,954229.3913,3023.639287,3097.731362,0.190139556,1,0.813176014,16.5964895,-0.693679312,2.10111206,1.875091919,2.20572181,0.998269548,0.2457691,1.33346942547,4.68055691414,4.11460972004,2.0323738229,2.08223589714,120.847006547
HA5 256-fold,1,1,34,,9.179088833,0.861111111,7.041679071,11520.85119,2,6.32200791,0.80271303,1798.006916,UndecidedProblem,1.304513016,UndecidedProblem,910198.2354,921719.0866,0.515633286,7.769917322,0,2.296198483,1.035750396,3.221057957,924246.4168,11.19531896,3.678288528,0.037600732,0.732019292,917496.0932,4432.653553,4222.993404,0.187352639,2,UndecidedProblem,0.115142196,-0.947125268,2.143576462,4.422232799,2.530846257,0.997383293,0.209658594,0.946696361112,8.68980999652,4.06148456706,3.77325662029,0.288227946774,1.94190485163
HA5 control,1,1,35,,4.345784972,0.701388889,2.102218183,41035.95266,UndecidedProblem,4.622921965,0.649700884,3722.978032,UndecidedProblem,2.181465592,7.467021992,970084.0439,1011119.997,UndecidedProblem,7.636391452,0,UndecidedProblem,0.992196427,2.775329545,1012495.347,12.03831412,1.177710472,0.015126096,0.613372021,1006038.17,5248.159901,5081.826266,0.319535834,2,0,24.8618173,-0.779263483,2.085725394,1.609295638,2.287922321,0.998472681,0.238112156,1.12982003788,4.90995494168,4.61316452013,2.13198217181,2.48118234832,302.818461275
HA5 512-fold,1,1,36,,11.51866667,0.756944444,8.674838862,78779.25624,1,3.352569925,1.223333119,15508.06516,UndecidedProblem,UndecidedProblem,UndecidedProblem,725924.4218,804703.678,0.650723608,3.280703337,0,2.582891333,UndecidedProblem,2.380462392,806944.5929,14.60490143,5.510712528,0.014908044,1.131326405,721900.7155,86798.69576,82802.96249,UndecidedProblem,1,1.01699287,26.94930196,-0.838365241,1.580805126,5.112226795,2.626782068,0.949624835,0.283424064,0.612555312894,7.05582046616,4.89641187629,3.06375183073,1.83266004556,68.023667864
HA5 control,1,1,37,,4.345784972,0.631944444,3.452562506,58960.61192,1,3.948700798,1.059071169,36743.06747,UndecidedProblem,UndecidedProblem,8.532687498,851454.3077,910414.9197,0.408868724,3.615832517,0,2.07961393,UndecidedProblem,1.707099916,914405.7065,15.52052487,3.510059417,0.005413947,0.783717801,836153.1457,77275.49544,74261.77396,UndecidedProblem,1,1.237286981,25.36005652,-0.588891437,1.473699991,3.100652231,2.57307924,0.989088373,0.299919027,0.884246854054,3.84274668988,4.77056198218,1.66858301775,3.10197896443,1264.67508994
HA5 512-fold,1,1,38,,12.69090608,0.763888889,7.497814134,112514.4204,2,2.689307462,1.260552182,6481.65009,UndecidedProblem,0.592249869,UndecidedProblem,613207.7671,725722.1875,0.411411181,5.522917994,0,2.698504253,1.415338396,3.03119981,726730.5983,12.99861924,5.510712528,0.004742863,1.098513906,709938.5746,16339.65112,15783.6129,0.528588877,2,UndecidedProblem,25.33654993,-1.030174253,1.846004847,3.842498172,2.681617189,0.993869531,0.22335107,0.630852277987,8.00608701028,5.05120818733,3.47637299621,1.57483519111,37.569480613
HA5 control,1,1,39,,3.178060528,0.847222222,2.125979659,17501.14222,1,6.206082535,0.743984869,6560.689313,UndecidedProblem,UndecidedProblem,7.772930296,1274560.972,1292062.115,0.769824509,7.62161231,0,2.526023287,UndecidedProblem,3.937182892,1297901.901,12.61907895,0.177311222,0.010446603,0.662901005,1285501.425,6536.154026,6560.689313,0.166946539,1,0.922185007,22.28534973,-0.900008813,2.036188882,1.364590024,2.329460802,0.998689027,0.191933343,1.04540496209,3.32236024579,4.24306639404,1.44262277281,2.80044362123,631.602181312
HA5 1024-fold,1,1,40,,9.850454889,0.868055556,6.232256652,15095.74571,1,5.451682504,1.0433573,1357.154279,UndecidedProblem,1.816327098,UndecidedProblem,645558.9589,660654.7046,1.518977754,7.956056839,0,3.032613816,1.748723268,2.014909438,663102.9263,10.71607655,3.510059417,0.023773428,0.92478329,657994.2076,2744.279821,2660.497016,0.396990735,3,0.837278777,24.6289215,-1.379961248,2.186189635,2.330719734,2.539143186,0.997258843,0.358286187,0.749364751173,7.38158367684,4.17885457147,3.20520350709,0.973651064371,9.41133135512
HA5 control,1,1,41,,4.510389417,0.784722222,1.466489074,49601.65109,1,4.460293507,0.701973558,2475.585802,UndecidedProblem,UndecidedProblem,7.774662744,1042286.789,1091888.44,0.731247041,8.784839793,0,2.509380319,UndecidedProblem,4.662021446,1093801.293,11.23148815,0.177311222,0.00860462,0.650115659,1089412.854,2471.351335,2475.585802,0.478577101,1,0.933580176,23.6390311,-0.949974055,2.189693644,0.974229086,2.34270772,0.99879524,0.233489002,1.06596417177,4.80791351925,4.69549613309,2.08767412907,2.60782200402,405.342371468
HA5 1024-fold,1,1,42,,9.515039361,0.791666667,8.15281285,3626.377338,2,7.624380179,0.770231211,1054.880769,UndecidedProblem,1.553227915,UndecidedProblem,711923.8506,715550.2279,0.619977684,9.335572432,0,2.506274863,1.72926457,5.495103442,717488.9456,10.19936177,6.846513861,0.034300103,0.618049263,714442.7048,1088.138127,1107.523106,0.186967645,2,0,29.36172695,-0.925903651,2.203616336,4.299012284,2.831295275,0.998550126,0.19944531,1.12126984285,10.6689266891,3.55947299206,4.63262122842,-1.07314823636,0.0844990378039
HA5 control,1,1,43,,5.010367222,0.736111111,2.787216308,111218.2881,1,3.380888983,0.909190754,20348.06087,2.735474391,UndecidedProblem,2.735474391,1047359.51,1158577.798,0.568839076,5.818575234,0,2.475338406,UndecidedProblem,2.258857608,1158515.176,14.27815769,0.845140528,0.007544893,0.859069021,1138049.189,20559.24257,20528.60907,0.360456441,1,0.993586573,18.41451323,-0.935103057,1.790295205,1.601907468,3.100616838,0.997602791,0.421122909,0.806687219606,4.04179920352,5.04617620602,1.75501485172,3.2911613543,1955.06569033
HA5 2048-fold,1,1,44,,11.51866667,0.833333333,8.362819667,18614.10282,1,4.833584411,1.001025309,2066.251865,UndecidedProblem,UndecidedProblem,UndecidedProblem,512143.2298,530757.3326,0.702820784,7.272495918,0,2.504955756,UndecidedProblem,3.747263527,531191.7794,11.22085842,4.678461722,0.005098311,0.952699821,527324.4687,3469.328457,3432.863919,0.398233508,1,0.995932578,39.40238613,-1.063573015,2.054450283,3.935677202,2.494767044,0.998495544,0.301360902,0.727406455553,8.37875249513,4.26984210853,3.6381904017,0.631651706821,4.28204973111
HA5 control,1,1,45,,4.010306667,0.909722222,2.274045768,21247.33081,2,6.066967464,0.714032604,3879.078307,UndecidedProblem,1.055959118,9.48184214,1403190.729,1424438.06,0.715574564,8.512844754,0,2.574855026,0.94295511,2.963662905,1427440.55,11.87111012,0.509624889,0.030096398,0.672642524,1420538.443,3909.572597,3899.616953,0.285474666,2,0,27.60594453,-1.105774414,2.139364831,1.020126949,2.491401999,0.997667485,0.245100281,1.03026492568,4.13167830024,4.32730437969,1.79404181513,2.53326256456,341.39925146
HA5 2048-fold,1,1,46,,12.52270167,0.840277778,9.373142112,34037.70458,4,4.312894433,0.734481036,1727.860344,UndecidedProblem,1.597808914,UndecidedProblem,642467.056,676504.7606,0.848028354,8.612969661,0,2.61347862,0.89313034,1.724042518,678726.2563,10.85071648,0.177311222,0.03068825,0.699989478,674776.9002,1682.313745,1727.860344,0.511307928,4,0,45.1060881,-0.944411398,2.125505422,4.497080888,2.612757579,0.998838733,0.266606777,0.990014881338,12.3976610079,4.53196026464,5.38326574375,-0.851305479113,0.140829786499
HA5 control,1,1,47,,3.678288528,0.729166667,2.383127477,15888.67626,1,5.833798146,0.718397144,4627.959111,UndecidedProblem,UndecidedProblem,8.301006992,890336.1316,906224.8078,0.68707598,7.588051607,0,2.519064288,UndecidedProblem,3.778825678,906377.5602,12.14535255,0.677804139,0.006740142,0.674148197,901514.9825,4739.63818,4709.825368,0.207927328,1,0.929576628,33.91939359,-0.949777479,2.063273808,1.381490678,2.341663286,0.997200156,0.252346261,1.02796388551,3.78114776728,4.20108771615,1.64183576521,2.55925195094,362.453210492
HA5 undiluted,1,2,0,,4.345784972,0.847222222,3.245036135,13894.07285,1,6.304186335,0.717988212,4773.242042,3.235707325,UndecidedProblem,3.235707325,1084046.305,1097940.378,0.615372701,7.845614503,0,2.334838284,UndecidedProblem,3.643490476,1101156.774,12.1793135,0.177311222,0.049827601,0.673307543,1093167.136,4732.530618,4773.242042,0.183657384,1,0.984421744,25.37433208,-0.868966213,2.049530955,2.027518559,2.298465576,0.997676684,0.210195031,1.02924734351,4.47288763791,4.14282957166,1.94220045068,2.20062912098,158.719073973
HA5 undiluted,1,2,1,,4.678461722,0.958333333,3.425155263,20007.73227,1,5.681796503,0.702494716,5801.630072,UndecidedProblem,UndecidedProblem,UndecidedProblem,1007036.254,1027043.986,0.623332614,7.278530695,0,2.42032775,UndecidedProblem,2.220429176,1027222.261,12.57654073,1.009694444,0.012187417,0.632326023,1020428.938,6725.089052,6615.047703,0.17893008,1,0.959246003,35.76507054,-0.89588415,1.965921909,2.00081381,2.321689719,0.996567164,0.181528571,1.0959536296,5.12737710519,4.30119786733,2.22639040607,2.07480746125,118.797543738
HA5 undiluted,1,2,2,,4.678461722,0.986111111,3.111997951,16224.58904,1,5.882358923,0.602290111,2660.015553,UndecidedProblem,UndecidedProblem,8.121437308,940837.661,957062.2501,0.830090036,8.489450995,0,2.65918869,UndecidedProblem,2.838692219,957212.3861,11.63317024,0.344954222,0.016240649,0.533518241,954399.3137,2673.439718,2662.936375,0.242848097,1,0.852682972,16.56073072,-0.873846447,2.085332626,1.895415747,2.267444916,0.996916516,0.178105949,1.29892466038,6.07696930337,4.21017370517,2.63871875961,1.57145494556,37.2782009907
HA5 undiluted,1,2,3,,4.678461722,1.0,2.969547553,19240.67735,1,5.615199268,0.734832931,3869.073141,UndecidedProblem,UndecidedProblem,UndecidedProblem,923872.4032,943113.0805,0.808998798,7.92929895,0,2.614830238,UndecidedProblem,2.56604049,944148.446,12.06196779,0.177311222,0.01438495,0.651072896,939244.0074,3833.828256,3869.073141,0.262247143,1,0.880426571,24.27998703,-0.893524176,2.026981724,1.876746848,2.302166019,0.998162836,0.188841605,1.06439694273,4.9797403536,4.2842203569,2.16228413096,2.12193622594,132.414707628
HA5 2-fold,1,2,4,,5.346070972,0.930555556,3.814363331,19063.06092,2,5.427338111,0.654417108,3744.532305,UndecidedProblem,1.826824729,8.728757408,801258.6462,820321.7071,0.67606069,7.775260459,0,2.39022219,0.915008737,2.455322547,819917.6505,12.0145297,0.177311222,0.012425754,0.566409642,816577.1748,3707.727376,3744.532305,0.232614277,2,UndecidedProblem,23.57997183,-0.764310098,2.01176198,2.59229391,2.376739616,0.997602837,0.195127549,1.2234961212,6.54089709793,4.28019263575,2.84016374204,1.44002889371,27.5441194889
HA5 2-fold,1,2,5,,5.346070972,0.944444444,3.966762922,18175.92703,1,5.615832681,0.596520885,3650.267611,UndecidedProblem,UndecidedProblem,8.678761765,873137.9293,891313.8564,0.437487315,7.931787488,0,2.238398509,UndecidedProblem,2.854701493,890682.2047,11.95792031,0.177311222,0.019878884,0.533071303,887663.5888,3632.271651,3650.267611,0.216635081,1,1.018316725,19.00889364,-0.761006551,2.029446375,2.616915621,2.279398639,0.996499273,0.200630061,1.30001370567,6.94996553509,4.25949657049,3.0177879006,1.24170866989,17.4465142654
HA5 2-fold,1,2,6,,5.510712528,0.930555556,3.765350763,21662.1787,1,5.26839027,0.706863783,3984.661076,UndecidedProblem,UndecidedProblem,9.126981031,813259.3011,834921.4798,0.57981537,7.711039698,0,2.260951849,UndecidedProblem,3.155966914,834745.1168,12.14466037,0.177311222,0.023777932,0.630378834,830936.8188,3933.766245,3984.661076,0.267803991,1,1.015841968,22.53020964,-0.754382736,1.998590457,2.646274096,2.296769774,0.998008574,0.176810484,1.09933894132,6.05814087645,4.33570213418,2.63054315087,1.70515898331,50.7176337661
HA5 2-fold,1,2,7,,5.510712528,0.909722222,4.001650775,22394.9197,1,5.341287444,0.628432084,4161.576967,4.034425806,UndecidedProblem,4.034425806,885503.4695,907898.3892,0.5598223,7.769256712,0,2.269359741,UndecidedProblem,2.4749074,907033.6148,12.09439827,0.177311222,0.01999506,0.563334999,903736.8123,4143.38315,4161.576967,0.238963623,1,1.005481373,24.28829278,-0.798681206,2.016943524,2.511966725,2.281798948,0.997221179,0.19558946,1.23017387741,6.77913459786,4.35014950956,2.94361033342,1.40653917615,25.4999410324
HA5 4-fold,1,2,8,,7.179124361,0.944444444,5.083591936,93877.23963,1,3.139022777,1.272008842,30011.28945,5.227699312,UndecidedProblem,5.227699312,733112.8858,826990.1255,0.740500614,4.784292892,0,2.645600892,UndecidedProblem,2.549981793,827122.6542,14.96542414,0.177311222,0.005561296,1.211715775,796978.836,29780.12299,30011.28945,0.343881265,1,0.998565319,16.32956785,-0.855345185,1.526186258,3.065744008,2.641805298,0.997964834,0.215135395,0.57191629778,4.10585822585,4.9725603111,1.78283031952,3.18972999159,1547.85399202
HA5 4-fold,1,2,9,,6.010929361,0.965277778,4.361939157,37969.02134,1,4.595394423,1.018769062,12400.02205,UndecidedProblem,UndecidedProblem,10.51614403,879900.537,917869.5583,0.919324718,6.20987455,0,2.797923058,UndecidedProblem,2.238999341,918072.5852,13.92753655,0.177311222,0.005472123,0.929619514,905469.5363,12378.28108,12400.02205,0.261275593,1,0.929127573,14.48166817,-0.960627823,1.752031317,2.496520517,2.444740808,0.995046869,0.208656739,0.745466279014,4.48094514416,4.57942940325,1.94569915074,2.63373025251,430.259286312
HA5 4-fold,1,2,10,,6.010929361,0.881944444,3.909361015,21847.94085,UndecidedProblem,5.217423472,0.707045025,2795.153097,UndecidedProblem,1.984244807,9.64394359,791004.0551,812851.9959,UndecidedProblem,7.485284816,0,UndecidedProblem,1.384532738,2.492618148,812802.6371,11.74278442,2.510107167,0.015840873,0.624340701,808315.545,4594.403618,4536.450962,0.247036987,2,0,28.81537748,-0.820154342,2.050609381,2.571608884,2.290528191,0.997975126,0.188711546,1.10997088431,6.67195657836,4.33941051135,2.89707189681,1.44233861453,27.6909984002
HA5 4-fold,1,2,11,,6.010929361,0.909722222,3.705759998,24707.35314,UndecidedProblem,5.235678724,0.773835822,3150.269837,UndecidedProblem,1.602669429,32.25665145,906234.5228,930941.8759,UndecidedProblem,7.650948767,0,UndecidedProblem,0.923603179,2.829368194,930779.4326,11.80264203,1.845573139,0.020834336,0.671876786,926309.9938,4727.629759,4631.882055,0.281713226,4,UndecidedProblem,31.20834351,-0.908119905,2.064616026,2.307399068,2.4231825,0.997653996,0.188541545,1.03143911866,6.19990768244,4.39282622261,2.69210060028,1.70072562233,50.2025320792
HA5 8-fold,1,2,12,,7.179124361,0.923611111,4.782894792,47545.46838,1,4.037678046,0.964184392,8477.328455,UndecidedProblem,UndecidedProblem,UndecidedProblem,733311.2204,780856.6888,0.629783686,6.273516923,0,2.503437034,UndecidedProblem,3.182215132,780858.5101,13.19029714,1.845573139,0.010136459,0.923306628,770762.8919,10190.28153,10093.79692,0.355553226,1,0.989533599,0.502754345,-0.845525539,1.840100998,3.452615402,2.477235059,0.998690465,0.197194416,0.750563224593,5.38838673015,4.67710913008,2.33972502395,2.33738410613,217.462364632
HA5 8-fold,1,2,13,,5.84629975,0.965277778,3.50875901,16794.26324,2,5.713333375,0.970451239,3265.590741,UndecidedProblem,1.369670024,9.530427088,864347.2797,881141.543,0.602091688,7.777275038,0,2.451821472,0.661472304,1.654904605,881519.98,11.9051686,0.845140528,0.031170216,0.638450656,877124.9982,4140.564638,4016.544715,0.230575579,2,UndecidedProblem,-8.23036931,-0.976617708,2.050375724,10.57560943,2.344480839,0.998478969,0.20424148,1.08544018788,6.34580869904,4.22516095621,2.75545319107,1.46970776514,29.4922403884
HA5 8-fold,1,2,14,,3.178060528,0.902777778,3.660567246,1461.649219,2,9.076092969,0.552421129,564.4128816,UndecidedProblem,1.711022627,8.553996007,787433.682,788895.3312,0.632120792,9.973052752,0,2.438913955,0.592801577,3.084770229,788732.1033,9.463834123,1.177710472,0.107064297,0.483119977,788110.4004,816.7974162,784.9307792,0.082033975,2,1.180680058,52.59391854,-0.994418901,2.313694343,1.865564628,2.233713958,0.997247091,0.217502478,1.4344262978,4.55869359735,3.16484315885,1.97945879173,1.18538436712,15.324431321
HA5 8-fold,1,2,15,,6.679198194,0.944444444,4.745502705,21429.53316,1,5.483790725,0.57735386,2120.400519,UndecidedProblem,UndecidedProblem,9.771571845,937525.4234,958954.9566,0.700370325,8.603210766,0,2.330275872,UndecidedProblem,2.683489884,958569.7115,11.35420083,0.845140528,0.024311486,0.516172253,956489.0665,2516.083899,2465.890052,0.279599952,1,0.974671238,-6.931437043,-0.85116471,2.129400077,9.708651513,2.27125287,0.99751726,0.206686526,1.34257507251,8.96732499963,4.33101271009,3.89375814139,0.437254568694,2.73687251805
HA5 16-fold,1,2,16,,7.346503806,0.944444444,4.954831217,28435.92682,1,4.843517459,0.766772185,3227.142311,UndecidedProblem,UndecidedProblem,11.12204701,787979.9228,816415.8497,0.659888119,7.90495704,0,2.509443418,UndecidedProblem,2.69385872,815838.1837,12.05467456,0.677804139,0.028099323,0.680771703,813009.5548,3472.123521,3406.294898,0.358809849,1,0.934031798,-9.777343243,-0.860071679,2.013872142,12.82888608,2.343899948,0.99756108,0.221108017,1.01796240494,7.47846468225,4.4538673879,3.24727081296,1.20659657494,16.0915016807
HA5 16-fold,1,2,17,,7.010943389,0.930555556,4.615651208,16488.50845,1,5.85960642,0.76521836,1887.108912,UndecidedProblem,UndecidedProblem,11.43381799,940923.0503,957411.5587,0.595134627,8.986817725,0,2.337478085,UndecidedProblem,4.260756923,957012.9312,11.42544519,0.177311222,0.013630639,0.70768652,955524.4498,1881.14305,1887.108912,0.380043118,1,0.988870044,-6.75957698,-0.811032582,2.123810615,9.999363566,2.311462057,0.998427424,0.187827746,0.979247138973,6.86544625518,4.21718137115,2.9810882567,1.23609311445,17.2223779
HA5 16-fold,1,2,18,,7.010943389,0.895833333,5.150707588,20431.61114,1,5.2668978,0.661200969,2854.064159,UndecidedProblem,UndecidedProblem,10.51190614,766246.0832,786677.6943,0.447576603,8.106611101,0,2.378979065,UndecidedProblem,3.113081112,786615.0782,11.6183445,0.177311222,0.040229742,0.584066493,783823.6302,2821.565646,2854.064159,0.287717782,1,0.969252141,26.95973609,-0.744107835,2.060594125,3.396082312,2.305830553,0.99850794,0.232849933,1.18650874225,8.31854562247,4.31030261439,3.61204759986,0.69825501453,4.9917751479
HA5 16-fold,1,2,19,,8.679149306,0.868055556,4.857873959,68174.62798,1,3.81853788,0.773948258,2258.432244,UndecidedProblem,UndecidedProblem,UndecidedProblem,893697.2294,961871.8573,0.451808789,7.952795976,0,2.4083955,UndecidedProblem,5.108183468,961870.8063,11.61377861,4.178394028,0.017563482,0.703213629,957989.5753,3840.573833,3882.282016,0.494354425,1,0.967165834,18.54904506,-0.757908156,2.099217207,3.51069095,2.329317842,0.996937957,0.198103431,0.985475780646,8.55309143768,4.83362277673,3.71389120177,1.11973157496,13.1744221339
HA5 32-fold,1,2,20,,0.677804139,0.854166667,5.715008763,8933.161733,1,6.489479424,0.997912785,6467.842255,UndecidedProblem,UndecidedProblem,UndecidedProblem,793729.6824,802662.8441,0.712011507,6.955365812,0,2.565913141,UndecidedProblem,3.64521998,802067.4042,13.25969692,0.177311222,0.057171715,0.867520795,796195.0019,6384.652516,6467.842255,0.077128874,1,0.954714517,21.90467433,-0.780985836,1.820366174,3.90107147,2.449714525,0.997215625,0.140237974,0.798828113394,0.541449001608,3.95100519687,0.235105949461,3.71589924741,5198.75375919
HA5 32-fold,1,2,21,,9.515039361,0.840277778,5.667895705,73961.78892,2,3.647068975,0.819717409,2570.975364,UndecidedProblem,1.313905981,12.46704133,852621.7159,926583.5048,0.838225989,7.929943869,0,2.479622163,0.765267114,3.929689345,926935.6104,11.48258314,3.345551667,0.026679076,0.615887127,922783.9422,3837.136551,3799.562529,0.449975824,2,UndecidedProblem,23.9483789,-0.773899458,2.109679033,3.775557595,2.412168346,0.998849571,0.208419718,1.12520617759,10.706381069,4.86900740693,4.64888452845,0.220122878476,1.66005653432
HA5 32-fold,1,2,22,,7.846507194,0.9375,5.68409469,18673.7279,1,5.359415423,0.651667184,1855.627679,UndecidedProblem,UndecidedProblem,11.27322446,747938.651,766612.3789,0.705115089,8.160154482,0,2.497764515,UndecidedProblem,3.437845811,766646.3497,11.34766078,1.510040889,0.038993135,0.601014751,763932.4421,2765.003448,2679.936844,0.291859251,1,0.920101059,-7.434879251,-0.784161444,2.093540092,10.99977167,2.298195777,0.997479455,0.206335349,1.15304990243,9.04741435446,4.27123102629,3.92853423989,0.342696786404,2.20138897142
HA5 32-fold,1,2,23,,9.346490556,0.930555556,6.095457108,58426.42751,3,4.017956542,0.743944463,2911.349384,UndecidedProblem,1.352271417,12.93160083,888104.4209,946530.8484,0.995583935,8.257700229,0,2.898702302,0.593211636,2.348405402,946363.2614,11.8027064,0.845140528,0.016301495,0.593211636,943438.2801,3132.114141,3092.568361,0.429770367,3,0,-4.522370412,-0.764936044,2.07424903,8.457144602,2.538956279,0.998685946,0.221496947,1.16821713861,10.9187304534,4.76660933214,4.74109007964,0.0255192525029,1.06052095078
HA5 64-fold,1,2,24,,8.679149306,0.770833333,7.245686919,39198.55522,1,4.169631977,1.037461554,14934.1475,UndecidedProblem,UndecidedProblem,12.97836263,666232.1448,705430.7,0.464596889,5.494104304,0,2.676576799,UndecidedProblem,2.013127152,705353.4156,14.12231555,6.179220528,0.025161607,0.861170662,689778.9046,15162.30845,15651.79537,0.200881277,1,0.912109309,16.4971787,-0.741385563,1.650223318,4.546138272,2.441330616,0.997299097,0.239637311,0.804718542537,6.98427237998,4.59327006009,3.03268448979,1.5605855703,36.3567932336
HA5 64-fold,1,2,25,,6.179220528,0.916666667,4.511450788,12032.47717,1,6.215449853,0.963746747,3631.787422,UndecidedProblem,UndecidedProblem,UndecidedProblem,882079.4503,894111.9275,0.631401859,7.610726757,0,2.492538577,UndecidedProblem,2.831882236,894297.5057,12.00751045,2.678047194,0.004316899,0.877722173,889537.52,4540.879003,4574.407456,0.214974817,1,0.9783438,29.12280343,-1.057634043,2.045325058,2.52708025,2.438559664,0.997862284,0.342595381,0.78954368628,4.87876455401,4.08035504634,2.11843879896,1.96191624737,91.6043816278
HA5 64-fold,1,2,26,,8.346460917,0.8125,6.279055489,13370.81758,1,5.785220688,0.538564784,909.3941619,UndecidedProblem,UndecidedProblem,11.41964996,723994.8661,737365.6837,0.600793885,8.108588443,0,2.04328525,UndecidedProblem,4.436978519,737880.991,10.47237173,5.010367222,0.043826844,0.496013455,734694.1873,2664.840667,2671.496307,0.202863648,1,1.091214959,24.43191653,-0.633069542,2.178998718,4.500352499,2.22966343,0.992677535,0.211087548,1.39713951913,11.661170392,4.1261579637,5.06346955797,-0.937311594265,0.115528306116
HA5 64-fold,1,2,27,,6.010929361,0.902777778,4.471979932,11028.53092,1,6.396486417,0.983146538,3739.173003,UndecidedProblem,UndecidedProblem,12.17079317,918048.9711,929077.502,0.62453114,7.157305222,0,2.536739177,UndecidedProblem,2.789552314,929965.1268,12.15285383,2.845433861,0.007862596,0.910855024,922568.89,6464.157748,6508.612017,0.125692105,1,0.953689334,26.2107341,-1.031609483,2.03186066,2.618039989,2.419261096,0.997192107,0.322186715,0.760823601715,4.57325692609,4.04251766513,1.98578242557,2.05673523956,113.9554865
HA5 128-fold,1,2,28,,8.679149306,0.791666667,6.739674525,10148.05212,3,6.187552643,0.467924804,570.2704483,UndecidedProblem,1.648159675,12.74553914,729494.0678,739642.1199,0.665453765,8.401554715,0,2.31005182,0.71882163,3.839515483,739916.8208,9.757755183,5.346070972,0.027659747,0.444303011,737454.8536,2233.595863,2187.266268,0.174568518,3,UndecidedProblem,26.02816198,-0.636245458,2.250466033,4.644834829,2.530989105,0.991172015,0.217179925,1.55974635067,13.537271457,4.00638268907,5.87810310767,-1.8717204186,0.0134362965776
HA5 128-fold,1,2,29,,5.510712528,0.888888889,3.515505561,20062.34369,1,5.62047271,1.109220402,5762.847127,UndecidedProblem,UndecidedProblem,11.71185722,966927.1771,986989.5208,0.489747768,6.892080876,0,2.536242368,UndecidedProblem,2.315578816,986878.5488,12.58149964,2.345529417,0.014089693,1.019617906,978679.742,8508.634891,8309.778839,0.227026501,1,0.998437044,54.55179622,-1.290197096,1.999489297,1.632051873,2.532278333,0.998288306,0.36791584,0.67966636906,3.74544597484,4.30238166608,1.62633346715,2.67604819893,474.294620574
HA5 128-fold,1,2,30,,9.179088833,0.930555556,6.803127543,15779.46494,1,5.411636473,0.562856653,838.786607,UndecidedProblem,UndecidedProblem,12.1549432,655892.4309,671671.8958,-0.146428737,9.223051552,0,2.765546646,UndecidedProblem,3.731178786,672214.1648,10.51200855,1.177710472,0.005588629,0.528502647,670547.9587,1156.662264,1123.937103,0.347316087,1,0.955167006,-6.838574241,-0.769144912,2.168920503,10.98901208,2.251578103,0.994474692,0.206152765,1.31125171072,12.0360959351,4.19809227279,5.22626831747,-1.02817604468,0.0937182035816
HA5 128-fold,1,2,31,,1.177710472,0.986111111,1.264904521,2566.623586,UndecidedProblem,8.618758872,1.171652304,1717.958232,UndecidedProblem,1.751762166,UndecidedProblem,1006377.527,1008944.151,UndecidedProblem,9.19071679,0,UndecidedProblem,1.675927197,2.501203878,1009292.256,10.40044165,0.344954222,0.014027075,0.877064161,1007217.575,1735.47017,1726.575967,0.093518578,5,UndecidedProblem,-12.34771841,-1.482938062,2.277059657,13.09620582,2.701159286,0.9988373,0.254001479,0.790136036581,0.930551484586,3.4093621809,0.404060566473,3.00530161443,1012.282233
HA5 256-fold,1,2,32,,9.850454889,0.881944444,7.883253565,15057.87857,2,5.516322188,0.593591975,1518.879742,UndecidedProblem,1.651024172,UndecidedProblem,674137.3068,689195.1854,0.515982218,8.825761165,0,2.728025514,1.311858048,2.984931618,689212.7782,10.91629205,0.177311222,0.039006665,0.532332534,687676.3057,1485.228267,1518.879742,0.30500859,2,0,11.33732499,-0.732023471,2.122834734,4.749429917,2.270434115,0.998407002,0.201224292,1.30181785959,12.8234980995,4.17776379057,5.56817112442,-1.39040733385,0.0406998366476
HA5 256-fold,1,2,33,,5.678955056,0.909722222,3.638111349,24068.36948,2,5.400081407,1.029459805,6021.8075,UndecidedProblem,2.712323076,UndecidedProblem,992257.9031,1016326.273,0.502787426,7.05359894,0,2.650362752,1.987299683,2.763022413,1016729.847,12.63810572,2.510107167,0.016244718,0.950137723,1008675.799,7615.165665,7650.47313,0.273047007,2,0,51.78590726,-1.331170568,1.996924972,1.528771327,2.795976155,0.997156138,0.241928873,0.729367946588,4.14204778796,4.38144666984,1.79854441509,2.58290225475,382.738591889
HA5 256-fold,1,2,34,,10.35042817,0.902777778,7.137125654,26670.17115,2,4.561991403,0.915170204,2278.047541,UndecidedProblem,1.680945411,14.63528862,603303.0008,629973.1719,-0.32564648,7.600049604,0,2.887614369,0.994646032,3.012218689,629975.9094,11.52862286,1.177710472,0.01412564,0.711902302,626726.1953,3373.391949,3246.976576,0.37176271,2,0,-4.77368574,-0.838729835,2.039837935,9.100848985,2.487499633,0.998979476,0.22179026,0.973448179691,10.0756054611,4.42602580269,4.3749915159,0.0510342867909,1.12469376307
HA5 256-fold,1,2,35,,5.510712528,0.979166667,UndecidedProblem,27103.1444,2,5.248733413,2.137319367,5047.640903,UndecidedProblem,2.211276182,15.32656554,1003391.824,1030494.968,1.126270112,7.608977528,0,2.857722207,1.137451756,2.579243012,1030691.655,12.28872584,0.677804139,0.006023008,1.03493046,1025216.409,5391.368419,5278.559281,0.417852037,2,0,-0.318417423,-1.486134046,2.061339581,1.885953743,2.810391724,0.998875096,0.306250946,0.669610207434,3.69002935898,4.43301967893,1.60227067259,2.83074900634,677.249988513
HA5 512-fold,1,2,36,g,10.68304719,0.881944444,8.013845843,16327.32308,2,5.102569642,0.728585495,1285.048727,UndecidedProblem,1.80237832,UndecidedProblem,544645.089,560972.4121,0.866407617,8.730615411,0,2.715602104,0.932221315,3.114456777,560672.8422,-2.537306995,0.677804139,0.040734022,0.604624266,559651.8331,1338.879344,1320.578993,0.376835206,2,UndecidedProblem,-23.5920206,-3.046043575,3.452686454,19.229981,2.528931099,0.917633649,0.211554765,1.14616636971,12.2445494152,4.21291498652,5.31678220374,-1.10386721722,0.0787286460742
HA5 512-fold,1,2,37,,5.678955056,0.875,UndecidedProblem,28393.97672,2,5.00172189,2.544220491,6860.280734,UndecidedProblem,1.993459874,UndecidedProblem,881298.3695,909692.3462,0.437472926,6.51442034,0,2.545503713,1.032663347,2.062171617,909475.758,12.80527787,2.178148639,0.004931077,0.966142026,899741.5321,10096.93812,9950.814126,0.254675373,2,0.9563462,33.59675322,-1.454967229,1.951016874,1.1714244,2.85834542,0.996343903,0.275610841,0.717285845508,4.07343407894,4.45322622192,1.76875122837,2.68447499355,483.587418789
HA5 512-fold,1,2,38,,10.85017486,0.923611111,7.80998876,24002.57767,1,4.42079024,0.939142082,2589.07489,UndecidedProblem,UndecidedProblem,UndecidedProblem,490098.3059,514100.8836,0.42383305,7.633470985,0,3.00274825,UndecidedProblem,3.105535297,514058.4992,12.06794731,0.177311222,0.022258815,0.88167499,511511.8087,2533.97937,2589.07489,0.482049183,1,0.983223647,-6.613608831,-0.89462731,1.928936274,11.0258322,2.452333841,0.996485034,0.23090848,0.786003921921,8.52827999349,4.3802578837,3.70311766978,0.677140213926,4.75488714833
HA5 512-fold,1,2,39,,5.178466667,0.902777778,2.931145338,16786.43337,2,5.936150689,0.985921023,3330.647235,UndecidedProblem,1.288672481,UndecidedProblem,1011035.42,1027821.853,0.280802491,7.525466245,0,2.582180841,2.073182378,1.695782253,1028171.745,11.86437353,2.345529417,0.004469601,0.824572418,1022243.233,5627.409532,5578.619958,0.229365341,2,1.108503826,26.09086074,-1.428348718,2.094017829,1.084171159,2.777667342,0.994154875,0.428567491,0.840435581972,4.352167647,4.22495843096,1.88978187017,2.33517656079,216.359794758
HA5 1024-fold,1,2,40,,8.846674111,0.881944444,7.75853273,1256.494783,4,8.477506991,0.368544715,141.6507598,UndecidedProblem,1.854486453,UndecidedProblem,446605.8842,447862.379,0.62639961,11.29592273,0,2.452843771,0.790755659,2.88054539,448343.2614,7.739928952,1.510040889,0.336235493,0.298544099,447684.2507,183.1604351,178.1283371,0.150648123,4,UndecidedProblem,-6.709617216,-0.946122419,2.397490717,10.51867824,2.398010758,0.996989847,0.222805704,2.3212651073,20.5354759295,3.09916068973,8.91683713832,-5.81767644859,1.5216807668e-06
HA5 1024-fold,1,2,41,,5.346070972,1.0,2.428859224,11330.01335,3,6.252129075,1.217706248,2188.318499,UndecidedProblem,1.667364964,UndecidedProblem,852262.3832,863592.3966,0.739024509,8.624384,0,2.783783229,2.103640704,2.064570455,864455.8206,11.23108386,0.177311222,0.012681422,1.004640001,861404.0781,2178.796041,2188.318499,0.408066263,3,0,15.64102186,-1.794362694,2.195629633,0.476566992,2.750774472,0.998727962,0.393630228,0.689799330417,3.68771617685,4.05423042159,1.60126625135,2.45296417024,283.768490675
HA5 1024-fold,1,2,42,,10.51502822,0.854166667,7.962216884,13147.08371,2,5.310073296,1.149177127,2830.850181,8.531423842,1.018895224,8.478921692,508432.7235,521579.8072,0.518946469,7.525508809,0,2.745367801,1.140198351,2.332986552,522696.361,11.9052618,0.177311222,0.014055857,0.996059209,518748.9571,2805.503322,2830.850181,0.378992463,2,0,-10.27869587,-1.077271342,1.968852996,14.14377443,2.591601911,0.997576534,0.267787256,0.695741772917,7.31574437606,4.11882942818,3.17661501348,0.942214414693,8.7541586844
HA5 1024-fold,1,2,43,,5.678955056,0.916666667,1.094745559,16442.3027,2,5.786147028,2.095316416,4673.137277,UndecidedProblem,1.81465232,UndecidedProblem,890890.1699,907332.4726,0.484008188,7.041018569,0,2.67311199,1.294985167,2.058538335,908423.1834,12.34050211,1.845573139,0.017970745,1.124489606,900442.6401,7070.6063,6889.832515,0.246227584,2,0,35.10509773,-1.668541666,2.054387363,1.020236222,2.765486919,0.997997552,0.387817033,0.616279595918,3.49982412715,4.21596263923,1.51968047206,2.69628216717,496.915069232
HA5 2048-fold,1,2,44,,11.01859839,0.875,8.940634904,8806.620163,2,6.063134884,0.72295448,1197.108249,7.439336181,1.367587744,0.151789697,580029.8939,588836.5141,0.257192937,8.813923974,0,2.964354178,2.236141407,2.602139791,585574.4154,10.45138904,0.845140528,0.016322449,0.653843449,587528.118,1352.221264,1308.396089,0.311188479,2,1.00414733,13.33910436,-1.012081363,2.163545692,4.156381563,2.880923065,0.999040864,0.257647729,1.05988673751,11.6784662995,3.94480926526,5.07097972187,-1.12617045661,0.0747875908448
HA5 2048-fold,1,2,45,,6.010929361,0.993055556,3.165159466,9659.467164,3,6.34354808,1.247895126,1984.59558,UndecidedProblem,1.932971973,UndecidedProblem,774765.5241,784424.9913,0.68829696,8.626646644,0,2.754612772,1.985855362,1.976655464,787070.5972,11.05889193,0.177311222,0.009636489,1.104418246,782440.3957,1954.321371,1984.59558,0.430829269,3,UndecidedProblem,20.70957737,-1.798419106,2.200343937,0.762535717,2.984660583,0.998917393,0.199710919,0.627479673131,3.77173599065,3.9849531705,1.63774901896,2.34720415155,222.435526164
HA5 2048-fold,1,2,46,,11.35425711,0.854166667,9.316473031,10854.78132,1,5.74491256,0.743871752,1612.602654,9.570507426,UndecidedProblem,9.570507426,571264.6302,582119.4115,0.763863015,8.487154731,0,2.350102567,UndecidedProblem,3.704694948,584026.3442,10.74947096,6.346647194,0.024319807,0.646140735,580497.1386,1604.35524,1622.272961,0.306710557,1,1.009130293,33.93861606,-0.846359504,2.105291876,5.007318599,2.371559692,0.998925269,0.230395795,1.07252176262,12.1776878488,4.0356210786,5.2877498258,-1.2521287472,0.0559591685177
HA5 2048-fold,1,2,47,,6.179220528,0.9375,4.081001578,12413.66821,2,6.527177011,1.714379089,5054.663704,4.072945957,1.784540319,4.074445602,1132509.123,1144922.791,0.51844887,7.778828569,0,2.76675914,1.617103504,3.429382016,1149240.3,12.24867852,2.178148639,0.019269123,1.491217,1139709.458,5213.500217,5213.333051,0.322571213,2,0,-3.434465849,-1.556671348,2.115612882,5.239911306,2.784284807,0.999308969,0.310310786,0.46472109693,2.87161414194,4.09390013347,1.24690149455,2.84699863892,703.070116462
HA5 undiluted,1,3,0,,4.345784972,0.819444444,2.851354543,13817.37973,1,6.300333414,0.767893193,4155.762345,2.872714531,UndecidedProblem,2.872714531,1075150.409,1088967.788,0.598075294,8.013059762,0,2.085701399,UndecidedProblem,3.068143184,1081083.893,11.939545,1.677970417,0.06363178,0.51148865,1084752.341,4200.09253,4215.44753,0.156468844,1,1.119565495,22.6359017,-0.837362301,2.086326404,2.052124467,3.109902074,0.997679968,1.746604919,1.35486877373,5.88796835589,4.14042569306,2.55665147889,1.58377421417,38.3507811361
HA5 control,1,3,1,,3.510059417,0.972222222,1.982731043,17836.72122,1,6.082604344,0.658717528,3581.970742,UndecidedProblem,UndecidedProblem,UndecidedProblem,1190982.574,1208819.295,0.775170776,8.309868225,0,2.524782858,UndecidedProblem,3.158381753,1209501.291,11.77086472,0.677804139,0.024981993,0.600914963,1205010.025,3883.785468,3809.270276,0.234040975,1,0.910573139,31.52929571,-0.948038809,2.103979079,1.108698908,2.298999453,0.997403374,0.129165321,1.15324137802,4.04794575898,4.25131502454,1.75768378592,2.49363123862,311.624244505
HA5 undiluted,1,3,2,,4.678461722,0.986111111,3.250213431,17001.48176,2,5.76802638,0.593353539,3236.392458,UndecidedProblem,0.966143913,9.141349127,909477.8388,926479.3205,0.846641417,8.143633988,0,2.687136596,0.864383082,2.094115462,927463.9607,11.90795355,0.509624889,0.023974604,0.558791532,923203.2169,3312.03449,3276.103593,0.232209177,2,0,28.96965835,-0.879545684,2.045383188,1.906046059,2.330042616,0.997006941,0.181918133,1.24017627382,5.80211722562,4.23048677386,2.51937352393,1.71111324992,51.4177714985
HA5 control,1,3,3,,3.845753861,0.972222222,1.467986208,29425.45391,3,5.316022384,0.765697437,3416.501518,UndecidedProblem,1.721751622,UndecidedProblem,1142784.395,1172209.849,1.257934646,8.301701738,0,2.779394891,0.900301461,2.579424993,1173074.45,11.71573643,0.677804139,0.007108881,0.72703033,1168494.975,3776.563049,3714.874341,0.37306012,3,UndecidedProblem,26.79807279,-1.046609125,2.115421692,0.752356239,2.598457253,0.998325462,0.174247346,0.953192695551,3.66574448919,4.46872317089,1.59172578775,2.87699738314,753.351024368
HA5 2-fold,1,3,4,,5.346070972,0.972222222,3.91694349,19373.42293,1,5.517033241,0.585071929,3529.356122,UndecidedProblem,UndecidedProblem,UndecidedProblem,867780.2436,887153.6665,0.516734731,7.9736352,0,2.18398778,UndecidedProblem,2.628078951,887331.961,11.93315135,0.177311222,0.022511391,0.51910823,883624.3104,3496.11207,3529.356122,0.223453666,1,1.046271891,27.73203239,-0.760354617,2.037427735,2.576151416,2.285045024,0.997678542,0.21916972,1.33498172433,7.1369070446,4.2872063594,3.0989609399,1.1882454195,15.4257191297
HA5 control,1,3,5,,3.678288528,1.0,2.089937102,22104.48884,1,5.791059372,0.659227882,4185.296704,UndecidedProblem,UndecidedProblem,7.305590098,1201843.757,1223948.246,0.763304861,8.191996938,0,2.726437725,UndecidedProblem,3.161478808,1225624.718,12.12848286,0.177311222,0.006174875,0.603676314,1219762.949,4145.173687,4185.296704,0.252648166,1,0.834435921,22.93080308,-0.923576776,2.072515002,1.207481256,2.275037574,0.997734202,0.152291602,1.14796619302,4.22255087832,4.34448047642,1.83350016427,2.51098031215,324.324914409
HA5 2-fold,1,3,6,,5.678955056,0.993055556,3.345142922,30962.4061,UndecidedProblem,4.752078428,0.833669093,4430.714905,UndecidedProblem,1.441480183,12.2057909,803396.3946,834358.8007,UndecidedProblem,7.556984612,0,UndecidedProblem,1.370335005,2.188508894,834410.2409,12.24479485,0.177311222,0.013187846,0.724634396,829928.0858,4403.719028,4430.714905,0.350311206,3,UndecidedProblem,-0.07299917,-0.91945057,1.990890473,2.811947241,2.363943931,0.998588001,0.19661125,0.956344335606,5.43103649997,4.49083470251,2.35824424662,2.13259045589,135.703314695
HA5 control,1,3,7,,3.845753861,1.0,2.288121662,29601.99315,1,5.388723582,0.697547849,6205.183218,UndecidedProblem,UndecidedProblem,7.481420903,1210588.479,1240190.472,0.862939891,7.642872186,0,2.762432689,UndecidedProblem,3.215242203,1241007.477,12.70578908,0.177311222,0.020080081,0.62269773,1233985.288,6067.716728,6205.183218,0.244980859,1,0.835304406,35.095635,-0.915194589,1.999801187,1.345135409,2.307472196,0.997134905,0.151115958,1.11289951226,4.27993759616,4.47132095379,1.8584184091,2.61290254469,410.112063863
HA5 4-fold,1,3,8,,6.179220528,0.930555556,3.662326976,27651.19725,2,4.938110731,0.926230377,4859.625052,UndecidedProblem,1.845033953,10.07023109,820031.6436,847682.8409,0.462613065,7.293337955,0,2.319760777,0.798639851,2.0030408,847784.2146,12.36822889,2.510107167,0.01347842,0.678470806,842278.7841,5322.1371,5404.056725,0.277553842,2,UndecidedProblem,19.12352038,-0.805558751,1.977175827,2.762976011,2.427007576,0.99870742,0.187269913,1.02141461928,6.31154618303,4.44171394026,2.74057585021,1.70113809006,50.2502341831
HA5 control,1,3,9,,3.510059417,1.0,2.160139852,20146.65663,2,5.974623964,0.571084105,3912.093671,UndecidedProblem,1.732870423,6.797170883,1246758.228,1266904.885,0.723838029,8.339151586,0,2.539815389,0.763914357,2.185956166,1267108.343,11.88159591,0.177311222,0.037308838,0.53093988,1262992.791,3886.268284,3912.093671,0.220130934,2,UndecidedProblem,33.36964767,-0.896900026,2.107540751,1.196241551,2.340914405,0.997612944,0.17527975,1.30523252463,4.58144371446,4.30420298459,1.98933726203,2.31486572256,206.474166948
HA5 4-fold,1,3,10,,5.178466667,0.875,3.817337,6565.600934,2,6.922472537,0.528557395,1072.915635,UndecidedProblem,1.518621817,9.803714806,789862.1056,796427.7065,0.424630292,9.080374617,0,1.971493874,0.776606855,2.80780869,796101.0303,10.36102145,2.510107167,0.046340863,0.483876742,794956.4743,1445.439692,1471.232223,0.184714107,2,0,19.98948119,-0.773981706,2.20759132,2.534069087,2.334798172,0.998315444,0.214600365,1.43218290909,7.41651145579,3.8172744822,3.22036971593,0.596904766267,3.95279932089
HA5 control,1,3,11,,3.678288528,0.9375,2.198082847,26058.19129,1,5.630682069,0.67767742,5743.778938,UndecidedProblem,UndecidedProblem,7.36469269,1265007.875,1291066.067,0.537568764,7.644362594,0,2.367075323,UndecidedProblem,3.582508597,1292869.125,12.4301081,1.177710472,0.014302964,0.609040558,1284613.002,6487.734902,6453.064831,0.215267795,1,0.963129117,24.87023662,-0.867470684,2.041215241,1.393798516,2.279799165,0.997168115,0.159760046,1.13785525594,4.18535993444,4.41594426786,1.81735125247,2.59859301539,396.819508985
HA5 8-fold,1,3,12,,6.679198194,0.923611111,3.954256516,22151.25444,2,5.216020055,0.741379609,1759.294332,UndecidedProblem,1.443023224,10.40730056,801184.2055,823335.4599,0.375893617,7.976639503,0,2.440807484,0.928754611,2.598525388,823485.2344,11.22866229,1.677970417,0.012240713,0.657701481,820066.805,3381.686599,3268.654859,0.314051498,2,UndecidedProblem,-8.238411289,-0.906855262,2.124394107,10.76837185,2.398224833,0.997376785,0.205824962,1.05366951424,7.03766751658,4.34539832564,3.05586952522,1.28952880042,19.4773021018
HA5 control,1,3,13,,3.678288528,0.944444444,1.785949491,27456.10219,2,5.590139913,0.677334672,3947.757063,UndecidedProblem,1.602086555,7.307892149,1295174.833,1322630.935,0.418318769,8.073642504,0,2.470121662,0.822305931,3.341609584,1323159.62,11.9213796,1.177710472,0.032880209,0.64621427,1317721.516,4992.269592,4909.419105,0.278714251,2,UndecidedProblem,26.28368278,-0.910840261,2.110302807,1.151100849,2.430290356,0.997482564,0.16280261,1.07239971658,3.94459557494,4.43863888259,1.71280745764,2.72583142495,531.901757062
HA5 8-fold,1,3,14,,6.679198194,0.895833333,5.009506595,32119.08907,1,4.561853674,0.928164994,9263.708166,UndecidedProblem,UndecidedProblem,10.96001373,726489.9472,758609.0363,0.733999868,6.284961778,0,2.527201171,UndecidedProblem,2.597839872,756864.4229,13.27486008,0.845140528,0.014351947,0.817571634,748880.3098,9809.912496,9728.726508,0.245837697,1,0.938351064,44.86651876,-0.816807207,1.822513458,3.106609613,2.371401907,0.998878791,0.208726175,0.847632147668,5.66150310988,4.50676321975,2.45831659135,2.0484466284,111.801242063
HA5 control,1,3,15,,3.00994825,0.958333333,1.681544471,15070.98699,2,6.470060654,0.673298571,3756.945695,UndecidedProblem,1.414714918,7.188970701,1320983.056,1336054.043,0.757140291,8.236035654,0,2.38384045,0.816679937,3.10054686,1339015.076,11.85321082,0.845140528,0.067955041,0.642420109,1331622.752,4550.349069,4431.290771,0.199858846,2,UndecidedProblem,31.16089548,-0.946100964,2.122248369,1.002051827,2.393305178,0.998142703,0.177904694,1.07873335578,3.24693157644,4.17814169493,1.40987041964,2.76827127529,586.50440097
HA5 16-fold,1,3,16,,7.346503806,0.9375,4.863279421,18077.4044,1,5.373358084,0.634260415,1203.411731,UndecidedProblem,UndecidedProblem,10.6753498,731261.0739,749338.4783,0.503528581,9.235232631,0,2.269892205,UndecidedProblem,3.009631257,749145.8879,10.70774474,0.509624889,0.036487263,0.573649415,748095.1209,1255.487755,1243.357434,0.380418038,1,1.010206661,-7.462366127,-0.831118928,2.168163693,10.5309481,2.293060225,0.998153701,0.236497379,1.20805492323,8.87498009138,4.2571360735,3.85366048258,0.403475590922,2.53206931891
HA5 control,1,3,17,,3.00994825,0.986111111,1.594311018,13993.79735,1,6.627851635,0.654366061,3133.692552,UndecidedProblem,UndecidedProblem,7.158415534,1369947.693,1383941.49,0.994943292,8.786703592,0,2.876126046,UndecidedProblem,2.922387708,1384869.199,11.6623897,0.177311222,0.046381355,0.562321449,1380807.797,3110.687362,3133.692552,0.213181587,1,0.776029391,39.03508291,-0.994723552,2.153989767,0.848502734,2.231958343,0.998496291,0.197698416,1.23239119054,3.70943370729,4.14593558042,1.61069635575,2.53523922468,342.95664711
HA5 16-fold,1,3,18,,7.179124361,0.888888889,5.054525407,16529.39885,2,5.503252434,0.615783017,1501.161709,UndecidedProblem,1.589409577,11.9235591,733194.0867,749723.4855,0.525498988,8.96413539,0,2.156446136,1.033017189,3.80191874,749578.3239,10.94863478,0.177311222,0.035522154,0.543731848,748222.3238,1443.651235,1501.161709,0.325137526,2,0,19.03256027,-0.716743428,2.134486204,3.490214502,2.596292171,0.998749597,0.219538045,1.27452530608,9.14997567362,4.21825705921,3.97306803023,0.245189028975,1.75868892607
HA5 control,1,3,19,,3.678288528,0.951388889,1.820209568,28940.4816,1,5.577877654,0.699972447,4588.879669,UndecidedProblem,UndecidedProblem,7.510989946,1353397.497,1382337.979,0.789480479,8.234752703,0,2.730762308,UndecidedProblem,3.23436215,1381731.014,12.25510698,0.177311222,0.008537546,0.649597847,1377749.099,4470.117475,4588.879669,0.299003328,1,0.841246683,21.48279672,-0.971457572,2.085460112,1.035426974,2.297244734,0.998329233,0.170011246,1.06681388062,3.92404925859,4.46150575396,1.70388591341,2.75761984055,572.294853655
HA5 32-fold,1,3,20,,7.346503806,0.840277778,5.476685707,11842.99124,1,6.048490992,0.578976718,1264.936483,UndecidedProblem,UndecidedProblem,10.75378233,772017.2286,783860.2199,0.509378266,8.111197382,0,2.356658024,UndecidedProblem,4.113960628,783481.6983,11.02041153,4.510389417,0.060910973,0.542881989,781025.4036,2794.495906,2834.816241,0.197395884,1,0.947284644,23.92383007,-0.666306399,2.130685627,3.995455771,2.232425958,0.992875392,0.239963097,1.27652052203,9.37796287354,4.07346140804,4.07206377488,0.00139763316368,1.00322335315
HA5 control,1,3,21,,3.678288528,0.993055556,2.244250766,23326.50938,1,5.930551142,0.625544162,4727.314423,UndecidedProblem,UndecidedProblem,7.316495373,1399406.931,1422733.441,0.740084151,8.233428848,0,2.44536408,UndecidedProblem,3.341259032,1423803.007,12.1291038,0.177311222,0.013042359,0.579862114,1418006.126,4695.62606,4727.314423,0.23353056,1,0.919831023,32.12177721,-0.917780481,2.097975499,1.256285903,2.249321743,0.997269337,0.165715672,1.19511170547,4.39596567591,4.36784975506,1.90879968559,2.45905006948,287.77301669
HA5 32-fold,1,3,22,,7.846507194,0.916666667,6.254123212,18617.75125,1,5.209120029,0.610079904,3043.706018,UndecidedProblem,UndecidedProblem,10.9504144,670079.902,688697.6532,0.08287622,7.350238365,0,2.943241578,UndecidedProblem,2.840209017,689265.6883,11.87764057,1.845573139,0.006890062,0.576373663,684476.9348,4326.844442,4220.718421,0.216553803,1,0.932551815,-0.00261507,-0.704452442,2.00382215,4.675480522,2.285942918,0.998173119,0.23221656,1.20234501416,9.43420880326,4.26992722344,4.09648667098,0.173440552462,1.49087266634
HA5 control,1,3,23,,3.678288528,0.9375,1.863848955,19324.8055,2,6.180802521,0.62144409,2616.307607,UndecidedProblem,1.535954372,7.379462602,1382591.502,1401916.308,0.217260827,8.652267664,0,2.369920114,0.764679294,2.853947845,1402844.804,11.39723646,1.177710472,0.012337241,0.559269126,1398431.892,3572.022968,3484.415929,0.241386749,2,UndecidedProblem,24.19871635,-0.91328952,2.180766876,1.179400601,2.334631741,0.997262664,0.15938437,1.2391172117,4.55783062465,4.28611513153,1.97908407497,2.30703105656,202.782772507
HA5 64-fold,1,3,24,,8.679149306,0.833333333,7.32991105,38936.91369,1,4.277538998,1.067041222,16386.49642,7.526302449,UndecidedProblem,7.526302449,716205.8597,755142.7734,0.630007217,5.526170107,0,2.568196412,UndecidedProblem,2.340189031,754932.8339,14.22089949,0.177311222,0.023679987,0.945467865,738756.277,15955.2168,16386.49642,0.207577588,1,0.946283433,32.79212723,-0.737568537,1.657581555,4.601190759,2.430241717,0.998742767,0.214273939,0.732970443157,6.36155991305,4.59036152447,2.76229262399,1.82806890048,67.3083431974
HA5 control,1,3,25,,3.510059417,0.965277778,1.469906721,17149.77567,UndecidedProblem,6.384806199,0.659645149,2013.42271,UndecidedProblem,2.485640745,12.43174861,1415950.653,1433100.429,UndecidedProblem,9.475273907,0,UndecidedProblem,1.314876463,3.03259028,1432645.709,11.17818983,0.177311222,0.039625709,0.603434285,1431087.006,1861.793059,2013.42271,0.322304676,2,UndecidedProblem,1.96710514,-1.051042757,2.213707422,0.910381062,2.259912084,0.997538626,0.173076766,1.14842662611,4.0310456937,4.23425844357,1.75034550313,2.48391294044,304.72840636
HA5 64-fold,1,3,26,,8.011009639,0.798611111,6.066130292,12225.47791,1,5.806853106,0.582579709,1187.780982,UndecidedProblem,UndecidedProblem,11.83057987,672163.1911,684388.669,0.624100596,8.021365542,0,2.288990003,UndecidedProblem,4.086674249,681423.613,10.84162609,5.010367222,0.014226557,0.536289329,681754.5756,2587.48185,2634.093438,0.208764299,1,0.973241281,15.55206165,-0.6665265,2.123528052,4.286777179,2.227739563,0.992955081,0.264048924,1.29221292039,10.3519301609,4.08726584527,4.49497618796,-0.407710342689,0.391101658223
HA5 control,1,3,27,,3.845753861,1.0,2.184237996,24538.73485,1,5.872824279,0.648092528,4132.317148,UndecidedProblem,UndecidedProblem,7.48322516,1413426.661,1437965.396,0.804308853,8.44286226,0,2.63895289,UndecidedProblem,3.443256476,1438954.566,11.99137308,0.177311222,0.009965283,0.599246344,1433833.079,4124.557307,4132.317148,0.267852837,1,0.858078047,23.68893368,-0.983893451,2.11599965,1.133670143,2.264427541,0.997128964,0.167013294,1.15645261242,4.44743209927,4.38985216793,1.93114724241,2.45870492553,287.544407617
HA5 128-fold,1,3,28,,8.679149306,0.777777778,6.631738304,11919.10152,1,5.736365406,0.583588993,1035.122698,UndecidedProblem,UndecidedProblem,11.93341366,623501.9107,635421.0122,0.531820591,7.044413382,0,2.260301564,UndecidedProblem,3.796660168,635520.5778,10.80104673,5.346070972,0.017466522,0.545599366,630607.2809,4876.846764,4813.731275,0.129168277,1,0.996576485,33.92133495,-0.674835017,2.121182977,4.586717194,2.252563387,0.987430545,0.262821381,1.27016276628,11.0239322915,4.07624351886,4.78677042617,-0.710526907315,0.194748038737
HA5 control,1,3,29,,3.510059417,0.902777778,2.250183318,21230.07384,1,6.229421576,0.595647736,4895.173665,UndecidedProblem,UndecidedProblem,7.070562572,1571690.988,1592921.061,0.526981955,8.02650951,0,2.388438,UndecidedProblem,3.492394007,1593535.237,12.2088354,1.177710472,0.010321164,0.546546193,1586812.005,6208.893354,6109.056354,0.174316947,1,0.935163078,37.89889348,-0.888206678,2.105014455,1.327352488,2.233579031,0.995615157,0.173892423,1.26796235867,4.45062321746,4.32695150468,1.93253287775,2.39441862693,247.981125585
HA5 128-fold,1,3,30,,8.679149306,0.888888889,7.069859025,7991.783528,2,6.374206409,0.492509307,854.7438421,UndecidedProblem,1.480721186,12.54574628,654943.3554,662935.1389,0.025644865,8.506215901,0,2.740942537,0.685882747,2.54915374,663041.2904,10.51159065,2.178148639,0.031475943,0.455599303,661111.8945,1861.759161,1823.244464,0.172492728,2,0,4.236558724,-0.693530532,2.164870903,4.513827639,2.334296928,0.995296275,0.244061257,1.52107344203,13.2016235088,3.90264371172,5.73235931774,-1.82971560602,0.0148007728669
HA5 control,1,3,31,,2.845433861,0.930555556,1.52051407,9183.743147,1,7.095987842,0.579970652,1902.471112,1.371830804,UndecidedProblem,1.371830804,1247207.55,1256391.293,0.402933888,8.99271268,0,2.240268225,UndecidedProblem,3.8289953,1256722.624,10.91300277,0.845140528,0.031381934,0.497226671,1253924.977,2568.618061,2466.315651,0.167744533,1,0.976572076,24.86338349,-0.883586836,2.221301641,0.997980963,2.187783392,0.998197213,0.173146087,1.39373054669,3.96576809065,3.96301972878,1.7220009078,2.24101882098,174.188235956
HA5 256-fold,1,3,32,,10.18306933,0.902777778,7.103675482,23453.48711,2,4.794399593,0.739689992,1326.920907,UndecidedProblem,1.585993773,19.02207889,627373.4388,650826.9259,0.47799152,8.938047749,0,2.686375648,1.662193923,2.354342189,651025.4674,11.46442803,0.177311222,0.041018762,0.681774828,649500.005,1162.124635,1326.920907,0.480813287,2,UndecidedProblem,-6.809827708,-0.926462478,2.063249056,10.70539463,2.342443543,0.995833696,0.279819994,1.01646463251,10.3507298244,4.3702074236,4.49445498236,-0.124247558763,0.751194572179
HA5 control,1,3,33,,3.510059417,1.0,1.850690976,16509.67832,UndecidedProblem,6.442295646,0.6209914,2640.106173,UndecidedProblem,2.209662984,14.18289016,1419187.483,1435697.161,UndecidedProblem,9.086939802,0,UndecidedProblem,1.559901794,2.693351338,1436814.143,11.58432071,0.177311222,0.037277329,0.55255725,1433057.055,2555.100058,2640.106173,0.254647839,2,UndecidedProblem,3.731193215,-0.955354123,2.166620108,1.110266435,2.227126496,0.997435584,0.163363287,1.25416868569,4.40220660571,4.21773861141,1.91150959866,2.30622901275,202.40862412
HA5 256-fold,1,3,34,,10.51502822,0.888888889,7.499207534,31754.77169,1,4.239589394,0.780493692,2175.855807,UndecidedProblem,UndecidedProblem,13.71786404,568108.9138,599863.6855,13.52974451,7.475720088,0,3.133268721,UndecidedProblem,3.350405674,600495.4111,11.51737136,1.510040889,0.021770796,0.69059939,596493.6337,3453.994546,3370.051874,0.383630403,1,0.989035323,-6.360385461,-0.843136378,2.035986751,10.63481774,2.366961732,0.998346472,0.239412577,1.00347612528,10.5515797754,4.5018089946,4.58166729286,-0.0798582982537,0.832035203538
HA5 control,1,3,35,,3.845753861,0.930555556,1.245305309,24527.81601,3,5.863014744,0.745869335,2058.922145,UndecidedProblem,2.19110185,7.175941954,1403057.864,1427585.68,1.102689788,9.413086554,0,2.648849712,0.828488558,2.596250475,1428572.011,10.88036239,0.845140528,0.014051613,0.553274806,1425491.66,2094.105095,2094.019773,0.338946784,3,UndecidedProblem,25.50486811,-0.986724558,2.243123765,0.830334362,2.520620113,0.998327711,0.203507425,1.2525421228,4.81696870483,4.38965887976,2.0916060377,2.29805284206,198.633658684
HA5 512-fold,1,3,36,,11.186771,0.9375,8.234704939,25888.48695,2,4.114883685,1.070950645,3876.506236,8.201488403,1.002997983,8.201488403,422660.7132,448549.2001,0.615728032,6.854365443,0,2.555718493,1.300264802,1.916325623,449271.5604,12.21696017,0.177311222,0.009761389,0.964446075,444672.6939,3859.796468,3876.506236,0.450686364,2,UndecidedProblem,-7.463718311,-1.051863121,1.895419518,11.29661221,2.686092559,0.998992886,0.283672355,0.718547172272,8.0382226689,4.41310666888,3.49032682106,0.922779847819,8.37104830101
HA5 control,1,3,37,,4.345784972,0.944444444,1.804177127,51869.23949,3,5.012506642,0.626286015,3126.416499,UndecidedProblem,1.940011938,7.778890647,1622397.822,1674267.061,0.888711136,9.064803969,0,2.888678662,0.696560951,2.062061157,1675974.735,11.69398802,0.177311222,0.033572789,0.583800942,1671140.645,3007.252221,3126.416499,0.405180048,3,UndecidedProblem,20.37284953,-1.025004307,2.183337864,0.834689492,2.369621603,0.998043895,0.183285422,1.18704844433,5.15865729041,4.71490988039,2.23997277048,2.47493710991,298.495033761
HA5 512-fold,1,3,38,,11.186771,0.840277778,6.403685116,54111.20504,1,3.656368846,1.143781961,2950.567751,UndecidedProblem,UndecidedProblem,15.88272488,628170.7786,682281.9837,0.412317061,7.456553685,0,2.392033982,UndecidedProblem,4.002002757,678407.1341,11.81961914,4.678461722,0.00560468,1.083078089,678397.6406,3825.032496,3884.343066,0.697197914,1,1.042878178,26.18679077,-1.089893629,2.032384269,3.28865958,2.494600041,0.998634972,0.313183003,0.639843061214,7.15777780174,4.73328720565,3.10802336159,1.62526384405,42.1952771753
HA5 control,1,3,39,,4.178394028,0.888888889,2.571034736,48495.41542,1,5.119034261,0.685076498,9614.425882,2.610532122,UndecidedProblem,2.610532122,1636829.128,1685324.543,0.558466948,7.445149945,0,2.328976745,UndecidedProblem,2.754421316,1686976.512,13.14106378,1.177710472,0.011494055,0.61902616,1675653.572,9660.886322,9670.971195,0.251061814,1,0.988399097,20.32602028,-0.924871516,2.006040134,1.410162322,2.301958511,0.997527536,0.173182601,1.11950034551,4.67771355802,4.68570068392,2.0311391915,2.65456149242,451.399935227
HA5 1024-fold,1,3,40,,9.850454889,0.9375,4.893434154,13762.43911,5,5.309253462,1.431848764,1504.923786,UndecidedProblem,1.546978359,UndecidedProblem,531919.9741,545682.4132,0.491792887,8.162663372,0,2.803584078,1.024200706,1.674708445,545654.7792,10.81877606,1.177710472,0.023891518,0.922014889,543778.1217,1973.306808,1904.291538,0.44884271,5,UndecidedProblem,-7.993015063,-1.327586422,2.145924589,10.55945339,2.674951079,0.998893056,0.297113598,0.751614760529,7.4037472925,4.13869541051,3.21482730894,0.923868101564,8.39205075044
HA5 control,1,3,41,,4.510389417,0.9375,2.785381201,74331.09081,1,4.5214294,0.850584752,18250.74588,UndecidedProblem,UndecidedProblem,8.270202402,1632758.754,1707089.845,0.706720444,6.517689132,0,2.534913443,UndecidedProblem,2.602681206,1709773.607,14.0811139,0.677804139,0.009743181,0.79748018,1688458.833,18712.41505,18631.01209,0.276552118,1,0.967428117,36.27608668,-1.110857894,1.870503415,1.173699673,2.45234654,0.996267545,0.207193096,0.868987113887,3.91947028198,4.87117050613,1.70189764741,3.16927285872,1476.63398211
HA5 1024-fold,1,3,42,,12.52270167,0.881944444,8.442800981,40165.15859,2,3.796674527,0.951447855,2053.726866,UndecidedProblem,1.611937292,UndecidedProblem,517999.5872,558164.7458,0.431855685,8.086302871,0,2.517291818,1.269432296,1.684745597,558163.4093,11.16922178,0.177311222,0.014188132,0.864446666,556111.019,2017.217953,2053.726866,0.628721853,2,UndecidedProblem,-9.101357547,-1.205320624,2.107772352,12.37823668,2.559069974,0.99799291,0.203329177,0.80166889093,10.0390603592,4.60384948609,4.35912303918,0.244726446912,1.75681668298
HA5 control,1,3,43,,3.178060528,0.972222222,2.214927842,25879.92674,1,6.080105041,0.895753291,12215.22639,UndecidedProblem,UndecidedProblem,UndecidedProblem,1725002.713,1750882.64,0.884444791,7.163257972,0,2.601336799,UndecidedProblem,3.68279417,1758058.409,13.46973,0.177311222,0.011597772,0.785886897,1738667.414,12185.26153,12215.22639,0.152298282,1,0.960808277,27.70430832,-1.128260525,1.958476982,0.992564836,2.499385929,0.99677319,0.180900471,0.881806278544,2.80243372718,4.41296304261,1.21686223499,3.19610080762,1570.72735632
HA5 2048-fold,1,3,44,,13.02281267,0.916666667,8.322291082,41329.81381,4,3.476262177,0.987750534,1523.961963,UndecidedProblem,1.136186794,UndecidedProblem,418632.9099,459962.7237,0.082375889,7.928534801,0,2.985644623,1.368856212,2.187644756,460682.521,10.96696734,1.009694444,0.023722713,0.963338459,458074.7504,1951.931819,1887.973266,0.726171961,4,UndecidedProblem,-11.23882133,-1.092857577,2.068979673,15.05208827,2.706454762,0.998469539,0.355897635,0.719373335016,9.36826418171,4.6162634488,4.06785244538,0.54841100342,3.53517570079
HA5 control,1,3,45,,3.00994825,1.0,1.782526626,9406.739616,1,7.382370852,0.717832147,2863.480362,UndecidedProblem,UndecidedProblem,UndecidedProblem,1560067.486,1569474.226,0.818665167,9.098295912,0,2.677229646,UndecidedProblem,3.624834223,1573459.276,11.37849961,0.177311222,0.028398756,0.604056611,1566610.746,2849.961546,2863.480362,0.183432853,1,0.847064253,42.94871403,-1.157991572,2.197761803,0.707798057,2.267785529,0.997134486,0.160664167,1.14724346589,3.45314346249,3.97343912267,1.49941096938,2.47402815328,297.8709519
HA5 2048-fold,1,3,46,,11.51866667,0.854166667,8.52657885,16603.92975,2,5.35684338,0.938963627,1774.453774,10.36682355,1.9792242,9.983490512,663822.8949,680426.8246,0.581592043,8.391035512,0,2.39487075,1.00618264,2.37177871,682786.1345,10.95635593,6.010929361,0.036755593,0.737318366,678399.9446,1992.266615,2026.880026,0.384008437,2,0,32.16469417,-1.022397624,2.126185183,4.13559571,2.573865596,0.99919508,0.283885941,0.939892496859,10.826308377,4.22021088724,4.70095891314,-0.480748025896,0.330561274357
HA5 control,1,3,47,,3.845753861,0.8125,1.632149223,20949.03021,2,5.639670862,0.710342135,2439.644817,UndecidedProblem,1.271285006,8.086615884,1023468.177,1044417.207,0.752186375,8.741811293,0,2.598543115,0.913265817,3.863933274,1049668.131,11.19359507,0.177311222,0.01540609,0.639208757,1041977.562,2430.943164,2439.644817,0.342090097,2,UndecidedProblem,22.85901691,-1.031911652,2.198982737,0.914181663,2.505527426,0.997932511,0.291998921,1.08415285681,4.16938503499,4.32116392304,1.8104146917,2.51074923134,324.152392466
HA5 undiluted,1,4,0,,6.346647194,0.840277778,3.697457508,94784.60688,1,3.3288779,0.903498798,12344.77825,UndecidedProblem,UndecidedProblem,9.382404469,857638.4771,952423.084,0.828086468,6.269629761,0,2.46657541,UndecidedProblem,3.216377905,953672.2075,13.60699396,0.177311222,0.008750337,0.843210857,940078.3058,12290.89742,12344.77825,0.423942443,1,1.00749783,17.70179022,-0.827430921,1.833477601,2.404178472,2.485069374,0.998741178,0.236873265,0.821858488001,5.21604586674,4.97673781318,2.26489182229,2.71184599089,515.045967068
HA5 undiluted,1,4,1,,4.845858389,0.972222222,2.984230056,21889.77504,1,5.530478403,0.73566899,3789.037629,UndecidedProblem,UndecidedProblem,UndecidedProblem,989878.8037,1011768.579,0.800706763,8.023755811,0,2.486097718,UndecidedProblem,2.832361145,1012501.356,11.97784393,0.677804139,0.018678088,0.65759219,1007880.903,3919.412244,3887.67553,0.284528937,1,0.933095072,24.73856734,-0.932357337,2.050274534,1.793361462,2.319765528,0.997575737,0.172317129,1.0538446328,5.10678185454,4.34024129837,2.21744761378,2.12279368459,132.676401709
HA5 undiluted,1,4,2,,4.678461722,0.965277778,3.065632679,19165.45357,1,5.545706615,0.757955765,4396.159965,UndecidedProblem,UndecidedProblem,8.745415844,876082.0943,895247.5478,0.548214348,7.42051423,0,2.493573205,UndecidedProblem,2.538210043,896965.6414,12.25619578,0.845140528,0.009424681,0.671468299,890021.8322,5403.205657,5225.715638,0.220709616,1,0.927104722,22.55600573,-0.89139855,1.997524984,1.933473012,2.311803494,0.998378843,0.197044967,1.03206659351,4.8284840523,4.28251910173,2.09660618858,2.18591291315,153.430928477
HA5 undiluted,1,4,3,,4.845858389,0.944444444,2.494363364,21982.05855,1,5.323014853,0.851368943,3263.735361,UndecidedProblem,UndecidedProblem,9.20521288,857962.8819,879944.9404,0.323264598,7.693459267,0,2.498962247,UndecidedProblem,4.497975595,880241.266,11.81223492,1.345317167,0.010236553,0.68990587,875693.9171,4407.693167,4251.023332,0.283828821,1,1.02580193,27.56549878,-0.908635098,2.057874658,1.789734126,2.563440297,0.99882342,0.190210367,1.0044848582,4.86759137674,4.34206836029,2.11358722394,2.22848113635,169.231473687
HA5 2-fold,1,4,4,,5.678955056,0.888888889,3.839205606,27538.34972,1,4.822216807,0.837239061,5881.491421,UndecidedProblem,UndecidedProblem,9.63195943,751519.6928,779058.0426,0.54693544,7.04940497,0,2.378934817,UndecidedProblem,2.708751061,778681.555,12.70869766,0.177311222,0.014884047,0.734776837,773176.5511,5844.459657,5881.491421,0.284013691,1,0.979359122,20.31154531,-0.802239374,1.914163842,2.624614198,2.329831514,0.998669127,0.224727282,0.943143503039,5.35606956512,4.4399379109,2.32569238607,2.11424552484,130.090482609
HA5 2-fold,1,4,5,,5.346070972,0.888888889,3.838810968,18025.59896,1,5.464474359,0.631427041,3453.250408,UndecidedProblem,UndecidedProblem,8.718014281,777877.8689,795903.4679,0.528645799,7.848494699,0,2.090775744,UndecidedProblem,2.686208296,795735.7057,11.97943735,0.177311222,0.022472875,0.559979752,792450.2175,3417.680014,3453.250408,0.23347215,1,1.095314545,22.53701106,-0.758693755,2.017060124,2.625644973,2.290057083,0.99772573,0.248415762,1.23754474608,6.61600204358,4.2558897045,2.87277552913,1.38311417537,24.1609593897
HA5 2-fold,1,4,6,,5.510712528,0.9375,3.762968567,23439.47836,1,5.056317532,0.743230385,4569.413677,UndecidedProblem,UndecidedProblem,9.218709438,756482.5503,779922.0286,0.714305754,7.415177032,0,2.401322354,UndecidedProblem,3.700425856,779771.8247,12.16275209,0.177311222,0.014274826,0.683574316,775352.615,4533.02692,4569.413677,0.279985145,1,0.968833772,37.97968162,-0.758404752,1.990294372,2.615449794,2.326482193,0.998655483,0.222020901,1.01378882117,5.58669875757,4.36994794233,2.42583532678,1.94411261556,87.9250482989
HA5 2-fold,1,4,7,,5.010367222,0.930555556,3.7349938,16158.75583,1,5.761060187,0.756192353,4958.787761,UndecidedProblem,UndecidedProblem,9.257815555,860155.4292,876314.1851,0.66081432,7.465316924,0,2.406926588,UndecidedProblem,3.180719656,876157.5598,12.40403087,0.177311222,0.039685027,0.697598671,871355.3973,4889.499863,4958.787761,0.208976845,1,0.962836773,20.94987771,-0.812162454,1.976539357,2.493963702,2.317477427,0.998084777,0.241467009,0.993407855847,4.97733815901,4.20840791851,2.16124105906,2.04716685945,111.472273681
HA5 4-fold,1,4,8,,6.179220528,0.875,3.878173983,23885.19223,1,4.965379216,0.78450478,3170.522625,UndecidedProblem,UndecidedProblem,10.00377441,722317.5226,746202.7148,0.396270774,7.72055531,0,2.201861091,UndecidedProblem,3.271736486,746077.2965,11.81196588,2.678047194,0.012388945,0.685232892,742664.8756,3500.325601,3537.839229,0.326167692,1,1.065170841,16.17775227,-0.821695161,2.033243176,2.615776874,2.34535823,0.999252905,0.209710413,1.01133499003,6.24926193109,4.37812874087,2.71353101654,1.66459772433,46.1952928199
HA5 4-fold,1,4,9,,6.010929361,0.888888889,4.365290062,23271.51862,2,5.160366224,0.637394407,3722.679763,UndecidedProblem,2.065242752,9.233071925,808970.7065,832242.2251,0.510294357,7.445114775,0,2.427465233,1.038161978,2.35439177,831872.1576,12.06361758,2.510107167,0.068078948,0.528419361,827466.4169,4743.952471,4775.808214,0.212064516,2,UndecidedProblem,27.10561512,-0.829942976,2.014553098,2.643646757,2.602678611,0.998130331,0.24906671,1.31145838163,7.88308369188,4.36682472479,3.42296295783,0.94386176696,8.78742774343
HA5 4-fold,1,4,10,,5.510712528,0.854166667,3.468354897,14411.46064,UndecidedProblem,5.734533955,0.760772485,2241.956935,UndecidedProblem,1.48704988,12.66068883,752905.3826,767316.8433,UndecidedProblem,7.653948645,0,UndecidedProblem,1.23243813,2.839886239,767148.4622,11.50306037,2.345529417,0.043622926,0.707743541,763507.0045,3814.978647,3809.838832,0.237403417,3,UndecidedProblem,15.93664025,-0.856807871,2.078496414,2.391630753,2.324450381,0.99801034,0.228943969,0.979168243656,5.39591470734,4.15870799995,2.34299379389,1.81571420606,65.420552271
HA5 4-fold,1,4,11,,6.010929361,0.861111111,3.726277239,24435.84255,UndecidedProblem,5.153702743,0.692515235,2496.756584,UndecidedProblem,1.044104084,13.7943008,845418.293,869854.1356,UndecidedProblem,7.746967361,0,UndecidedProblem,1.341672498,2.533206514,869628.2599,11.58601426,2.510107167,0.034961698,0.624129381,865804.8642,4075.659781,4049.271357,0.28100389,3,UndecidedProblem,17.80580527,-0.866560577,2.087300056,2.393896908,2.314601813,0.997947297,0.257726594,1.1103467023,6.67421559373,4.38802731813,2.89805279797,1.48997452016,30.9011413177
HA5 8-fold,1,4,12,,6.010929361,0.868055556,4.353761526,11290.6241,UndecidedProblem,6.008664987,0.655920134,1981.70785,UndecidedProblem,1.730732211,9.88512992,715662.3932,726953.0173,UndecidedProblem,7.728548885,0,UndecidedProblem,1.932475005,2.695198459,726835.4896,11.35507992,2.010097222,0.019907238,0.596987379,723525.4869,3465.748526,3427.530328,0.181795502,2,0,-6.53937717,-0.793360418,2.087647216,9.445341348,2.281947675,0.998059885,0.249568596,1.16082856083,6.9776584794,4.05271794863,3.02981262675,1.02290532188,10.5415706044
HA5 8-fold,1,4,13,,6.511028222,0.895833333,4.422946942,20517.2972,1,5.335503306,0.680272353,2392.606563,UndecidedProblem,UndecidedProblem,10.05761269,807933.4356,828450.7328,0.546220457,7.728372567,0,2.346832602,UndecidedProblem,2.506721913,827897.7435,11.57877161,1.510040889,0.044034012,0.598224741,824544.1707,4009.210899,3906.562043,0.24964475,1,0.977409379,-1.41484548,-0.856072758,2.082325109,4.38001383,2.293816196,0.998021071,0.256879962,1.15842751479,7.54255424191,4.3121201494,3.27509954056,1.03702060884,10.8898176822
HA5 8-fold,1,4,14,,6.846513861,0.881944444,3.808032998,29043.36307,1,4.634438425,0.835802569,2345.819034,UndecidedProblem,UndecidedProblem,10.67139151,692316.3483,721359.7114,0.448297369,7.506923024,0,2.512927469,UndecidedProblem,3.302375901,721198.2531,11.57212939,1.677970417,0.010898098,0.742618852,717393.8012,4101.031798,3965.91021,0.366881968,1,0.93823412,-7.606910717,-0.883297644,2.064314454,10.19379817,2.357714292,0.998032226,0.218394762,0.933183958546,6.38905690705,4.46304690398,2.77423226533,1.68881463865,48.8443841994
HA5 8-fold,1,4,15,,6.511028222,0.888888889,4.514392046,24226.72315,1,5.169092712,0.732870961,3591.603858,UndecidedProblem,UndecidedProblem,10.2314485,847432.306,871659.0292,0.480031778,7.68511078,0,2.739327309,UndecidedProblem,2.346426516,871501.0072,12.03485161,1.177710472,0.043625052,0.63404776,867423.5966,4322.217339,4235.432534,0.277105013,1,0.9779612,-7.580039843,-0.871262638,2.031813816,10.30788386,2.321850815,0.99787911,0.238899772,1.09297760156,7.11640800978,4.38429467645,3.09005992609,1.29423475037,19.6895028412
HA5 16-fold,1,4,16,,8.011009639,0.861111111,5.652512859,52266.20015,1,3.709713921,1.031556838,10410.816,UndecidedProblem,UndecidedProblem,11.81284128,631576.3071,683842.5073,0.801540054,5.926737879,0,2.558617507,UndecidedProblem,3.377086379,683731.5286,13.46271693,1.009694444,0.023111244,0.946797337,672600.8533,11332.18486,11241.65401,0.361268537,1,0.969550493,14.65622169,-0.777792229,1.772566704,3.631435668,2.480708864,0.999444303,0.212118202,0.731941222179,5.86358818606,4.71822092723,2.54606521323,2.172155714,148.646851222
HA5 16-fold,1,4,17,,7.010943389,0.930555556,4.896685369,17606.03011,1,5.558851958,0.797036305,2808.676702,UndecidedProblem,UndecidedProblem,11.35431757,812326.1817,829932.2118,0.503869598,8.206959123,0,2.35313743,UndecidedProblem,3.628609888,829805.3932,12.10546081,0.177311222,0.004481839,0.735276442,827123.5351,2776.140029,2808.676702,0.336084367,1,1.001345377,32.67090708,-0.834343872,2.016134318,3.245629237,2.356303286,0.997352147,0.238821264,0.942502656708,6.60783277016,4.24566144026,2.86922829794,1.37643314231,23.7921200374
HA5 16-fold,1,4,18,,6.846513861,0.916666667,4.865084789,16128.33354,1,5.466154683,0.679545262,2152.034356,UndecidedProblem,UndecidedProblem,10.4788232,696833.0647,712961.3982,0.552948105,8.371979047,0,2.160702207,UndecidedProblem,3.040868529,712923.9617,11.55977144,0.177311222,0.038115385,0.601966385,710809.3639,2100.119428,2152.034356,0.302910798,1,1.06561641,32.5515793,-0.738465828,2.05569082,3.402419478,2.302479729,0.998245619,0.27223705,1.15122707392,7.88189211873,4.20758949623,3.42244555742,0.785143938814,6.09738950369
HA5 16-fold,1,4,19,,7.010943389,0.868055556,5.006600753,18126.56845,1,5.612103508,0.725158558,2626.966423,UndecidedProblem,UndecidedProblem,11.10357684,868472.131,886598.6994,0.455756434,8.398739676,0,2.394913624,UndecidedProblem,3.807910505,886649.53,11.82234563,0.177311222,0.022764199,0.650183874,883971.733,2473.674122,2626.966423,0.313408151,1,0.957953472,27.34399479,-0.745164171,2.063652542,3.505349505,2.294215821,0.99839099,0.202987749,1.06585233457,7.47263037868,4.25831559536,3.2447374636,1.01357813176,10.3175868132
HA5 32-fold,1,4,20,,6.679198194,0.847222222,5.652482362,5670.337697,1,6.88071083,0.5783463,1636.32001,UndecidedProblem,UndecidedProblem,10.59717596,662533.9768,668204.3145,0.613746926,7.766539399,0,2.3510903,UndecidedProblem,3.84922022,668046.6033,11.28753833,4.510389417,0.022038397,0.530613343,665135.6603,3025.408036,3068.654218,0.08820351,1,0.957781782,34.35861159,-0.651719492,2.074101096,4.087335682,2.251831458,0.993329124,0.260161739,1.3060357587,8.72327168079,3.75360892407,3.787786227,-0.0341773029306,0.924320738257
HA5 32-fold,1,4,21,,9.515039361,0.854166667,5.088029162,77564.447,2,3.436010822,0.738248257,1371.414281,UndecidedProblem,2.132634251,12.01763928,761905.2496,839469.6966,0.378884118,8.257840512,0,2.39871011,0.741541653,3.673708783,839467.2339,11.12693279,4.178394028,0.01446479,0.682251077,836727.1922,2664.291291,2742.50438,0.558346165,2,0,17.56920099,-0.773989785,2.140394387,3.651479623,2.415169592,0.995573258,0.209928998,1.01575508396,9.66494960502,4.88966270051,4.19667807426,0.692984626254,4.93156346228
HA5 32-fold,1,4,22,,7.846507194,0.861111111,5.473833503,20476.33296,2,5.083237287,0.618621631,1448.075003,UndecidedProblem,1.439809399,10.9698961,673682.8628,694159.1958,0.482838215,7.535135091,0,2.409594487,0.945795962,2.599146964,694167.254,11.16986575,2.678047194,0.013058721,0.582031888,690416.7338,3832.112534,3742.461986,0.248908648,2,UndecidedProblem,-6.762216198,-0.778660436,2.10560831,10.25840202,2.398907949,0.996000675,0.224986032,1.19065641297,9.34249410995,4.31125218288,4.05666266172,0.254589521155,1.7971714931
HA5 32-fold,1,4,23,,9.179088833,0.881944444,5.723008265,63701.3714,3,3.756501979,0.756306568,2722.227547,UndecidedProblem,1.265381469,11.91796493,797230.0462,860931.4176,0.782076767,7.740222846,0,2.460821865,2.240750222,3.313164217,860752.5526,11.70006971,1.845573139,0.012775951,0.648842582,856904.9027,4111.159872,4026.514867,0.441254901,3,UndecidedProblem,14.53825261,-0.772084603,2.076297624,3.727376714,2.875742083,0.998930906,0.285720028,1.06805567209,9.80377789272,4.80414878218,4.25695957131,0.547189210871,3.52524423362
HA5 64-fold,1,4,24,,8.511040639,0.868055556,7.129503399,36226.11686,3,4.158924544,0.937094286,13015.44899,7.237188246,1.261535379,7.237188246,610890.9012,647117.0181,0.746018189,5.635729632,0,2.556712914,1.176384041,1.630657215,646811.5078,13.87324242,0.177311222,0.045022112,0.756201186,634101.5691,12788.61477,13015.44899,0.196885514,3,UndecidedProblem,38.47676588,-0.763053817,1.68640601,4.302290914,2.611458342,0.999302537,0.207737365,0.916422789107,7.79971160059,4.55902178375,3.38676144186,1.1722603419,14.8682666738
HA5 64-fold,1,4,25,,8.511040639,0.875,6.493790559,14994.29149,1,5.71554021,0.668429701,1843.758289,UndecidedProblem,UndecidedProblem,12.2470409,772912.7722,787907.0637,0.596015963,8.739232123,0,2.368737677,UndecidedProblem,3.085175154,787691.5567,11.52668413,0.177311222,0.005513094,0.634681865,786063.3054,1780.346348,1843.758289,0.331388957,1,0.962003728,15.27375385,-0.745513936,2.078099295,4.247690334,2.278734477,0.996527505,0.274962547,1.09188561737,9.29308286259,4.17592594931,4.0352074957,0.140718453609,1.38266972498
HA5 64-fold,1,4,26,,8.179155333,0.826388889,6.343266601,18026.92387,1,5.196832711,0.713953143,2989.879187,UndecidedProblem,UndecidedProblem,11.81810222,643159.8432,661186.7671,0.546276915,7.601850479,0,2.317413223,UndecidedProblem,3.126503313,660811.9394,11.86176877,5.346070972,0.038661622,0.632484828,657783.1622,3287.81785,3403.60487,0.264676234,1,1.002658947,27.95570809,-0.700203527,2.000799942,4.259977011,2.323575101,0.997328452,0.276838787,1.09567845634,8.96172428941,4.25592162466,3.89132622206,0.364595402595,2.31523672421
HA5 64-fold,1,4,27,,8.179155333,0.854166667,6.5343108,14265.08726,2,5.890597568,0.714730852,2932.046969,UndecidedProblem,1.931383167,12.90417236,832028.3888,846293.476,0.585327362,7.741717693,0,2.398464374,0.848033089,2.458782988,846241.4723,11.85558803,4.510389417,0.010612547,0.669239321,842339.5208,3871.608235,3953.955248,0.217351474,2,0,41.72584105,-0.76696192,2.050306974,4.109166706,2.413550176,0.997890804,0.221454761,1.03550400919,8.46954813907,4.15427443259,3.6776153448,0.476659087796,2.9968091621
HA5 128-fold,1,4,28,,8.179155333,0.784722222,6.965174099,3442.17241,1,7.183615642,0.529925866,705.8919812,8.718890635,UndecidedProblem,8.718890635,496956.7948,500398.9672,0.601493134,7.731818937,0,2.340751581,UndecidedProblem,3.941120068,500355.6012,10.30154011,5.678955056,0.032518225,0.489125473,498044.9644,2318.045564,2354.002846,0.054257738,1,0.931933081,21.93533489,-0.633797291,2.138687153,4.8957939,2.181423832,0.98791198,0.228282906,1.41681437229,11.588344829,3.53683261929,5.03184751585,-1.49501489656,0.0319878538755
HA5 128-fold,1,4,29,,4.845858389,0.895833333,3.516846918,8066.701632,3,6.598174147,0.844116374,2752.849402,UndecidedProblem,1.491235065,12.60421065,773460.9139,781527.6155,0.523140955,7.525161237,0,2.567888255,1.805405172,2.280614106,781301.9062,11.60937348,2.678047194,0.016835516,0.778265914,777284.8886,4199.042747,4242.726865,0.130475098,3,UndecidedProblem,25.68482201,-1.266176065,2.078293571,1.58042001,2.664676223,0.995358482,0.331585731,0.890441155823,4.31495174486,3.90669599373,1.87362212108,2.03307387264,107.913026457
HA5 128-fold,1,4,30,,9.011071639,0.868055556,6.65690209,8311.734229,2,5.930733856,0.586417122,529.1048448,UndecidedProblem,1.511986613,12.40698298,498702.8303,507014.5646,0.244099034,8.375083449,0,2.706146095,0.518705023,2.836836456,506872.9249,9.754060188,3.00994825,0.016522382,0.496611089,505487.4589,1557.735439,1527.10571,0.21316857,2,0,0.106570791,-0.723492139,2.209869171,5.035654757,2.275840606,0.995159119,0.233401601,1.39545816706,12.5745735126,3.91969164803,5.46008402633,-1.5403923783,0.0288142700231
HA5 128-fold,1,4,31,,2.345529417,0.944444444,UndecidedProblem,2684.897494,UndecidedProblem,8.241510961,1.735099163,1860.403983,UndecidedProblem,1.583723651,11.17762743,809901.8188,812586.7163,UndecidedProblem,8.077617576,0,UndecidedProblem,1.231921631,2.354818684,812829.795,11.055891,1.510040889,0.021524573,1.027724287,809578.8084,3130.37233,3007.907901,UndecidedProblem,4,UndecidedProblem,47.13013364,-1.511257492,2.174781375,0.759890744,2.695348774,0.997822259,0.317878861,0.674305364548,1.58160306859,3.42892770954,0.68675773712,2.74216997242,552.293551402
HA5 256-fold,1,4,32,,10.18306933,0.972222222,7.00843688,25112.35709,1,4.512428549,0.736961175,1270.718783,UndecidedProblem,UndecidedProblem,13.45154006,548031.741,573144.0981,0.878279507,8.817109303,0,2.468194472,UndecidedProblem,3.533402999,573174.4801,11.25257801,0.177311222,0.022265892,0.690021545,571873.3793,1273.570663,1270.718783,0.504737869,1,0.954201732,-8.330435054,-0.801368448,2.062566889,12.695835,2.355155441,0.995485662,0.230420976,1.00431646667,10.2270242094,4.39988747827,4.44073999538,-0.0408525171068,0.910222324292
HA5 256-fold,1,4,33,,5.678955056,1.0,2.72698407,21221.60983,4,5.391264506,0.973465685,2564.973686,UndecidedProblem,1.393765221,10.73953738,869435.7404,890657.3502,0.668248837,8.439782676,0,2.655022916,2.09137824,2.589797048,890677.6831,11.62006293,0.177311222,0.012717867,0.8833217,888092.3765,2353.527739,2564.973686,0.459041725,4,UndecidedProblem,-11.74786778,-1.400165503,2.115364302,13.00477081,2.749902648,0.997140763,0.33412261,0.784538634113,4.45535964282,4.32677832555,1.93458951056,2.39218881499,246.711171195
HA5 256-fold,1,4,34,,10.51502822,0.902777778,7.314387713,30751.61813,1,4.184074756,0.723637639,1392.461838,UndecidedProblem,UndecidedProblem,13.49287768,528233.1562,558984.7743,-0.047970556,7.864263691,0,2.908549753,UndecidedProblem,4.209828053,559026.7277,10.96041787,3.00994825,0.030709824,0.687907089,556585.827,2334.604717,2398.947335,0.432497769,1,0.950104318,-5.062069007,-0.76632696,2.090882936,9.621874647,2.351780227,0.997798449,0.238364211,1.00740348672,10.5928760918,4.487867973,4.59959882406,-0.111730851059,0.773159593292
HA5 256-fold,1,4,35,,5.346070972,0.930555556,2.857774135,18223.20837,3,5.688057044,1.098531516,3799.946189,UndecidedProblem,2.225376722,15.34048504,921285.1074,939508.3158,0.315658343,7.349830069,0,2.655218188,1.978286765,2.291239864,938983.1802,12.12297739,1.345317167,0.010144095,0.981346044,933748.8617,5978.974103,5759.454008,0.283056132,3,UndecidedProblem,18.94702585,-1.492366288,2.07250332,1.044732027,2.814854762,0.99830958,0.322153772,0.706172918551,3.77525054108,4.26062484106,1.63927509382,2.62134974724,418.166990485
HA5 512-fold,1,4,36,,10.85017486,0.930555556,7.317277737,28635.23212,2,4.299185285,0.897268867,1757.576435,UndecidedProblem,1.587926733,14.75161042,535112.017,563747.2491,0.73648638,8.222724426,0,2.436352133,0.972225672,2.679681787,563465.2478,11.21012732,0.677804139,0.032244343,0.694916612,561860.1368,1918.023864,1887.112266,0.464592817,2,0,25.46635812,-0.846133806,2.067321867,4.366321308,2.445572353,0.9985418,0.244026716,0.997241953974,10.8202495783,4.4569007079,4.69832808439,-0.241427376492,0.573551768891
HA5 512-fold,1,4,37,,5.010367222,0.993055556,2.580914682,14244.7921,2,5.862366675,1.078765023,2990.677641,UndecidedProblem,2.445440132,11.21698958,814468.5481,828713.3402,0.508106686,8.114256922,0,2.750899,2.29345054,2.466781667,829721.8161,11.61592324,0.177311222,0.011666912,1.005039473,825722.6626,2987.803435,2990.677641,0.388301896,2,UndecidedProblem,22.38477941,-1.699070742,2.128638702,0.455321313,2.850949282,0.998240944,0.298936918,0.689525156591,3.45477424333,4.15365611518,1.50011908091,2.65353703427,450.336381888
HA5 512-fold,1,4,38,,10.85017486,0.8125,8.197622631,26535.27125,1,4.353319158,0.867740324,3228.711364,UndecidedProblem,UndecidedProblem,14.56386272,515844.1194,542379.3907,0.477748959,7.315530527,0,2.421445293,UndecidedProblem,3.130069846,542377.5448,11.86857278,6.346647194,0.013492768,0.811785816,538974.4539,3364.960115,3404.936805,0.411593341,1,0.999087362,34.84349951,-0.824933958,1.969410531,4.654945321,2.419235389,0.998935065,0.262215785,0.85367345221,9.26250622982,4.42382353145,4.02193062519,0.401892906258,2.52285857788
HA5 512-fold,1,4,39,,5.678955056,0.902777778,UndecidedProblem,33914.58464,2,4.72089558,2.633658925,10787.62942,UndecidedProblem,2.015399503,UndecidedProblem,860456.3531,894370.9378,0.5402659,6.236199264,0,2.566737884,1.179137172,2.021653758,894933.3015,13.33866413,2.345529417,0.004745723,1.06137005,882506.8421,11861.19181,11864.0957,0.279288115,2,0,24.83320256,-1.505420877,1.880952563,1.145001531,2.807689063,0.996980041,0.315503539,0.652929673303,3.70795826942,4.53038650253,1.61005569666,2.92033080586,832.397574115
HA5 1024-fold,1,4,40,,6.846513861,0.861111111,6.343784299,538.3098557,3,9.696092748,0.781156653,214.2409232,UndecidedProblem,1.717407669,15.27118669,445988.037,446526.3468,0.025782049,10.02397204,0,2.874341274,0.395137897,3.601336429,446526.8201,8.126436509,2.178148639,0.239153408,0.395137897,446097.4717,436.1044709,428.8750971,0.030956718,3,0,56.97130757,-1.135031137,2.383629235,3.015463875,2.450894465,0.997308556,0.265052808,1.75381811074,12.0075400049,2.73103233121,5.21386886882,-2.4828365376,0.00328975429348
HA5 1024-fold,1,4,41,,5.178466667,0.965277778,0.104498204,12998.01924,2,6.077490596,2.083557008,3422.368682,UndecidedProblem,2.010744177,UndecidedProblem,864778.8719,877776.8912,0.423935334,7.719201415,0,2.755243197,1.25508017,3.14721589,878207.7821,11.87207269,0.845140528,0.001255003,1.129498907,873611.3352,4288.796272,4165.555974,0.32053041,2,0,2.4540015,-1.709556463,2.120842652,0.844471222,2.758438785,0.998606873,0.277045756,0.613546410453,3.17722963519,4.11387717549,1.37960470481,2.73427247067,542.341041355
HA5 1024-fold,1,4,42,,10.01507008,0.902777778,8.635172958,5464.018996,2,6.44386419,0.871539218,1672.058109,8.9399195,1.768759655,9.042729105,470209.1002,475673.1192,0.78989445,8.152201703,0,2.540032585,0.873496918,2.664391121,475860.7244,11.0685029,0.177311222,0.004922673,0.734884798,474001.0611,1660.015795,1672.058109,0.220132486,2,0,-5.263293871,-0.882896157,2.054142469,9.976114989,2.437784526,0.999272221,0.23415824,0.943004947015,9.44426063014,3.73751220053,4.10085133745,-0.363339136919,0.433172485519
HA5 1024-fold,1,4,43,,5.678955056,0.958333333,1.038797459,16868.3001,2,5.653020502,2.212348099,5302.910919,3.784410957,2.027513512,1.490449807,831921.3121,848789.6122,0.502867839,7.322478676,0,2.631651978,1.248452462,3.024339889,849113.7626,12.37544878,0.177311222,0.009412924,1.151328355,843486.7013,5244.336381,5302.910919,0.331893916,2,0,28.77703864,-1.675971301,2.039727293,0.995091444,2.827668101,0.998312314,0.339754086,0.601913430682,3.41823932045,4.22707131884,1.48425502408,2.74281629477,553.116093315
HA5 2048-fold,1,4,44,,12.02268531,0.826388889,8.665631792,25732.20212,2,4.245824327,0.82659092,1399.456175,8.585840658,1.430316805,7.803809547,462467.4129,488199.615,-0.527526883,7.963792801,0,2.982666163,0.965808882,3.023248991,489175.9346,10.73062783,1.345317167,0.035300235,0.651709768,486244.1191,1985.260311,1955.495947,0.414615904,2,0,25.11527194,-0.859544718,2.088520556,4.783408148,2.506327004,0.999127894,0.259929422,1.06335677939,12.7844039309,4.41047695402,5.55119580152,-1.14071884751,0.0723237860027
HA5 2048-fold,1,4,45,,9.515039361,0.777777778,8.537401364,2408.06165,1,7.884206215,0.646303949,847.776877,UndecidedProblem,UndecidedProblem,UndecidedProblem,566510.5795,568918.6412,-0.117870582,8.4425503,0,3.040482961,UndecidedProblem,4.503471302,569935.9069,10.74372201,8.011009639,0.01674362,0.599206484,567283.3719,1586.832295,1635.269301,0.065426006,1,0.961419862,23.78632939,-0.712104633,2.095856849,5.548007085,2.29889361,0.990278812,0.248573433,1.15652954116,11.0044241063,3.38166760132,4.77829965536,-1.39663205404,0.04012064866
HA5 2048-fold,1,4,46,,12.186565,0.75,9.217626164,17750.51629,2,4.917691972,0.981543535,2212.799622,9.965416315,1.399781152,9.965416315,518766.8481,536517.3644,0.6140742,7.887218974,0,2.474909869,1.192904356,2.774632826,523601.2397,14.57153515,6.846513861,0.010857727,0.792765737,534251.185,2238.214085,2266.179408,0.40327057,2,UndecidedProblem,7.356115607,-1.568999711,2.229306547,8.421420667,2.615385153,-6.97e+18,0.288467273,0.874154832451,10.6529446857,4.24921098943,4.62568158303,-0.376470593607,0.420270983566
HA5 2048-fold,1,4,47,,5.678955056,0.944444444,3.341618018,8682.945814,4,6.946944362,1.69535713,3634.553457,UndecidedProblem,1.616924885,UndecidedProblem,1062603.776,1071286.722,0.408843259,8.203350818,0,2.573710072,1.410685495,2.657094739,1073813.772,11.97778457,0.177311222,0.014592842,1.355158197,1067652.168,3634.876033,3634.553457,0.295102141,4,UndecidedProblem,15.41538629,-1.628346323,2.138168554,1.42917499,2.790212424,0.999188755,0.282231887,0.511379410562,2.90410068914,3.93866709081,1.26100768091,2.6776594099,476.05749814
HA5 undiluted,1,5,0,,5.178466667,0.833333333,3.189981644,37116.07729,1,4.708415633,0.824333653,7029.235944,UndecidedProblem,UndecidedProblem,8.9498978,933251.7924,970367.8697,0.638653067,7.054674586,0,2.382621589,UndecidedProblem,3.716009085,976864.1979,12.75835062,1.345317167,0.014239878,0.762256245,963068.796,7370.0442,7299.073683,0.309489436,1,1.009121954,17.08515025,-0.850301359,1.966501552,2.106803704,2.404355754,0.99879604,0.225073668,0.909143092688,4.70796720102,4.56956207042,2.0442758146,2.52528625582,335.186297168
HA5 control,1,5,1,,3.845753861,0.979166667,1.120145232,26207.60495,2,5.571588813,0.855471309,2896.689141,UndecidedProblem,1.855153309,UndecidedProblem,1220150.063,1246357.668,0.896117208,8.722989212,0,2.691342377,0.891177423,2.854125258,1246896.137,11.46530531,0.509624889,0.007536254,0.688578652,1243408.08,2977.667415,2949.587508,0.372946101,2,0,18.75966782,-1.071721859,2.151186382,0.693835585,2.500649295,0.998154916,0.147779407,1.00642097745,3.87044735984,4.41842733363,1.6806110985,2.73781623514,546.784550674
HA5 undiluted,1,5,2,,4.845858389,0.951388889,3.632378441,20563.18154,2,5.519875922,0.64452269,5651.754215,UndecidedProblem,1.834634589,8.255157109,922929.4971,943492.6787,0.576639075,7.383168786,0,2.281145294,0.904680981,2.20938781,943493.1644,12.48914784,0.177311222,0.019230465,0.589536441,937840.9244,5652.299994,5651.754215,0.193820545,2,UndecidedProblem,43.90281372,-0.762991381,1.971571192,2.426461403,2.407694452,0.997032643,0.169735636,1.17549985345,5.69630582612,4.31309030966,2.47342849593,1.83966181373,69.1292450007
HA5 control,1,5,3,,3.510059417,0.986111111,1.900334595,16869.39105,1,6.125874609,0.623436996,2830.843685,UndecidedProblem,UndecidedProblem,7.157092312,1161201.467,1178070.858,0.73687466,8.700978513,0,2.593549224,UndecidedProblem,3.071868499,1179021.418,11.44893264,0.177311222,0.016427096,0.554812998,1175240.014,2855.413279,2830.843685,0.249179964,1,0.869507343,22.23783754,-0.940578274,2.14646081,1.052241359,2.255110093,0.998144518,0.173143209,1.2490695108,4.38430819889,4.22709940574,1.90373781975,2.32336158599,210.553073827
HA5 2-fold,1,5,4,,5.346070972,0.916666667,3.918219393,18400.34677,1,5.362762854,0.625998526,3761.723545,UndecidedProblem,UndecidedProblem,8.586245698,738743.6555,757144.0023,0.601657118,7.653030077,0,2.310666112,UndecidedProblem,2.459888942,756897.1691,12.01554484,0.177311222,0.021170265,0.554973038,753382.2788,3733.778382,3761.723545,0.222748604,1,0.993354082,24.39572352,-0.751842679,2.005334743,2.627931596,3.137451602,0.998476547,6.831184814,1.24870931117,6.67568860092,4.26482600773,2.89869240162,1.36613360611,23.2345147175
HA5 control,1,5,5,,3.845753861,0.958333333,2.136623758,23665.35384,2,5.592194253,0.646527385,3750.194024,UndecidedProblem,1.131068976,7.350607219,1117980.001,1141645.355,0.836214575,8.249933602,0,2.764760449,0.884763947,2.695850858,1141552.717,11.99934173,0.177311222,0.019874118,0.597434037,1137895.161,3721.713643,3750.194024,0.275855793,2,UndecidedProblem,35.97247222,-0.919288264,2.079906305,1.254045605,2.428377171,0.998041344,0.190612007,1.1599606937,4.46092331641,4.37411300234,1.93700534799,2.43710765436,273.594683783
HA5 2-fold,1,5,6,,5.678955056,0.930555556,3.79748672,27692.55746,1,4.931094472,0.73718087,4660.099595,UndecidedProblem,UndecidedProblem,9.289527194,817139.5545,844832.1119,0.509469631,7.502160074,0,2.366038713,UndecidedProblem,2.57336432,844452.9502,12.44317092,0.177311222,0.015200419,0.646952285,840172.0123,4507.730017,4660.099595,0.288518341,1,0.980422471,35.78598497,-0.803211276,1.970169186,2.534407883,2.319717521,0.998632547,0.212194853,1.07117636968,6.08316246044,4.44236306551,2.64140792898,1.80095513653,63.2346525374
HA5 control,1,5,7,,3.678288528,1.0,2.098326696,20474.41083,1,5.899496972,0.588549539,3175.394682,UndecidedProblem,UndecidedProblem,7.03179125,1201710.623,1222185.034,0.739191811,8.588311083,0,2.678470603,UndecidedProblem,2.631541317,1222543.595,11.71490724,0.177311222,0.014100967,0.514788353,1219009.639,3096.395343,3175.394682,0.241714665,1,0.835206377,18.71473643,-0.928357963,2.126288118,1.142899002,2.237075727,0.998079642,0.197038525,1.34618430266,4.95165427704,4.31121141339,2.15008870041,2.16112271298,144.918127213
HA5 4-fold,1,5,8,,5.346070972,0.923611111,4.168164292,9425.423503,1,6.33167128,0.636812207,2639.679289,UndecidedProblem,UndecidedProblem,9.25416055,749718.0294,759143.4529,0.5049068,8.061096832,0,2.196174424,UndecidedProblem,3.032797913,759165.1571,11.49948258,2.845433861,0.061305287,0.565548659,756301.009,2772.032656,2842.44393,0.173624678,1,1.029722286,21.52754585,-0.748895885,2.070983027,2.821709247,2.261449748,0.999026767,0.225574165,1.22535875379,6.55085486392,3.97430087303,2.84448756575,1.12981330728,13.4838312061
HA5 control,1,5,9,,3.510059417,0.965277778,2.188228768,19734.48505,1,5.947196532,0.690796532,5186.966427,UndecidedProblem,UndecidedProblem,7.481888747,1197881.51,1217615.995,0.742605967,7.874952469,0,2.408336031,UndecidedProblem,3.555854999,1218506.231,12.23807414,0.177311222,0.01866984,0.647465808,1212429.029,5179.694416,5186.966427,0.218912848,1,0.94194616,23.0431816,-0.893341524,2.059883646,1.342618011,2.268522877,0.998062954,0.175360756,1.07032679014,3.75691062899,4.29522579844,1.63131160616,2.66391419228,461.226436628
HA5 4-fold,1,5,10,,6.179220528,0.881944444,3.60898559,21108.40859,UndecidedProblem,5.229036635,0.704475595,1704.190784,UndecidedProblem,1.578615417,12.36238054,770576.5028,791684.9114,UndecidedProblem,7.967184599,0,UndecidedProblem,1.136509659,2.712920328,791395.6709,11.17270961,2.345529417,0.018786729,0.587029135,788521.2439,3209.35372,3163.667423,0.279132992,3,UndecidedProblem,23.82883885,-0.860174746,2.124003887,2.416616672,2.367188427,0.997553942,0.20157389,1.18052062271,7.29469726559,4.32445549211,3.16747601632,1.15697947579,14.3542159554
HA5 control,1,5,11,,5.178466667,0.930555556,2.354092253,103362.9277,1,3.63872629,0.843845873,10172.84678,2.470664103,UndecidedProblem,2.470664103,1184087.634,1287450.562,0.69511395,6.983649762,0,2.444664932,UndecidedProblem,3.881703109,1288705.612,13.20741865,0.177311222,0.014535192,0.799894623,1277277.715,10123.08597,10172.84678,0.456203469,1,1.002525112,27.72256622,-0.931531911,1.941760203,1.436006342,2.450837985,0.99789698,0.191460953,0.866364118565,4.48643770947,5.01436480199,1.9480841118,3.06628069019,1164.87866244
HA5 8-fold,1,5,12,,6.511028222,0.868055556,4.59140356,24065.30242,2,4.975587676,0.581941339,2450.551209,UndecidedProblem,0.701315033,9.380367603,733103.0617,757168.3641,0.455137627,7.588811462,0,2.311390764,0.970095997,1.893784374,757322.6058,11.60450167,2.345529417,0.08561945,0.50954637,753235.2859,3976.347353,3933.078173,0.232894717,2,UndecidedProblem,-0.470902908,-0.815053333,2.064338989,3.72946188,2.391155357,0.99811921,0.256083423,1.36003323898,8.85521480184,4.38139132367,3.84507807288,0.536313250793,3.43805841036
HA5 control,1,5,13,,3.178060528,0.944444444,1.825691195,13128.06319,1,6.57933132,0.609853494,2749.544447,UndecidedProblem,UndecidedProblem,7.072852117,1242256.364,1255384.428,0.331591453,8.545256709,0,2.370645527,UndecidedProblem,3.341099115,1256364.834,11.39527607,1.177710472,0.068030218,0.519632498,1252023.972,3431.869899,3360.455487,0.180925391,1,0.935280464,35.15616573,-0.894432644,2.16691866,1.165554592,2.217218449,0.997948115,0.225751621,1.33363483359,4.23837222341,4.11820065846,1.84037004924,2.27783060922,189.596628057
HA5 8-fold,1,5,14,,6.679198194,0.909722222,4.536719179,17155.51737,UndecidedProblem,5.507661394,0.588421316,1381.354073,UndecidedProblem,0.864120654,18.70454519,763348.4328,780503.9502,UndecidedProblem,8.55639469,0,UndecidedProblem,2.214387842,3.175302816,780530.1327,10.79471245,1.510040889,0.04043854,0.508270997,778430.7385,2115.413411,2073.21169,0.269444917,3,UndecidedProblem,-7.686630857,-0.817238141,2.166335551,10.53815559,2.261708251,0.998276783,0.232171876,1.36344588633,9.10672530159,4.23440381989,3.95428801632,0.280115803568,1.90596887218
HA5 control,1,5,15,,2.845433861,0.909722222,1.6958204,10247.04978,1,7.012709345,0.650744189,3079.310519,UndecidedProblem,UndecidedProblem,7.345912656,1312981.035,1323228.084,0.461487394,8.427757554,0,2.528850359,UndecidedProblem,4.163655726,1323283.948,11.54388835,1.177710472,0.029708193,0.588806762,1319385.469,3951.338755,3842.615143,0.149264105,1,0.887994086,27.23337626,-0.921801575,2.159231189,1.076311922,2.245604163,0.997740568,0.196883225,1.17695659208,3.34895214005,4.01059884601,1.45416940514,2.55642944086,360.105239914
HA5 16-fold,1,5,16,,7.510941583,0.895833333,5.081167866,30853.74437,1,4.502890433,0.756949276,3285.02907,4.241778738,UndecidedProblem,4.241778738,668686.9189,699540.6633,0.209502717,7.551706095,0,2.82181459,UndecidedProblem,2.466921061,699816.151,12.07678514,0.845140528,0.033559,0.655963735,695812.2598,3828.115356,3728.403538,0.344939555,1,0.954985637,-8.869913094,-0.789866896,1.987519754,12.16989454,2.325016632,0.998207753,0.243770478,1.05646084231,7.93501567128,4.48930787698,3.44551266665,1.04379521033,11.0610208337
HA5 control,1,5,17,,3.178060528,0.944444444,1.93221787,13966.1172,1,6.581752183,0.661619505,3787.853874,UndecidedProblem,UndecidedProblem,7.36079647,1323800.991,1337767.108,0.747625115,8.394515998,0,2.492867384,UndecidedProblem,3.449384541,1338161.17,11.84273016,0.677804139,0.022431501,0.614113419,1333791.721,4018.620363,3975.38687,0.196295549,1,0.907138891,23.51019372,-0.945560132,2.127906027,1.110898759,2.261376953,0.998341109,0.198093349,1.12845604502,3.58630161427,4.14507568221,1.55723040133,2.58784528087,387.119707426
HA5 16-fold,1,5,18,,7.510941583,0.875,4.960561229,31015.53802,1,4.581869777,0.803091849,3343.159247,UndecidedProblem,UndecidedProblem,11.16482957,711763.362,742778.9,0.570394625,7.795576946,0,2.227885766,UndecidedProblem,3.857665501,742778.3866,11.93013443,0.177311222,0.039480226,0.749792152,739435.7408,3316.536654,3343.159247,0.412405371,1,1.05684433,23.83073068,-0.777309318,2.014780851,3.345902531,2.354528441,0.99880455,0.236035712,0.92425613972,6.94203387317,4.49157931918,3.01434384419,1.47723547499,30.0078910945
HA5 control,1,5,19,,3.510059417,0.930555556,1.769122412,21574.04421,1,5.98066107,0.661171287,3450.89961,UndecidedProblem,UndecidedProblem,7.438593252,1340779.859,1362353.903,0.784929476,8.624913305,0,2.764035664,UndecidedProblem,3.124382393,1363814.952,11.83082864,0.177311222,0.017299404,0.587929025,1358903.003,3367.187502,3450.89961,0.270291502,1,0.815352862,33.57273417,-0.981541235,2.136017601,0.975100164,2.25366439,0.998470564,0.203472718,1.17871370613,4.13735514415,4.33393156436,1.79650679295,2.53742477142,344.686894665
HA5 32-fold,1,5,20,,8.511040639,0.840277778,6.230454234,44112.01914,1,3.960138424,0.932923057,7775.377367,UndecidedProblem,UndecidedProblem,12.20754753,642446.2304,686558.2495,0.57775244,6.287680333,0,2.398368972,UndecidedProblem,2.800864649,686559.7039,13.06392867,4.510389417,0.038755141,0.807385709,677770.1087,8734.182373,8788.140805,0.324706984,1,0.988574489,15.58265922,-0.728517591,1.837351753,4.090308672,2.37096638,0.999177041,0.21211901,0.858325819091,7.30524592779,4.6445569372,3.17205641676,1.47250052044,29.6825030052
HA5 control,1,5,21,,3.678288528,0.909722222,1.970956378,27440.02563,1,5.67087503,0.728823268,5357.458319,UndecidedProblem,UndecidedProblem,7.834503958,1370498.257,1397938.283,0.738277277,8.027536233,0,2.679875027,UndecidedProblem,3.31875136,1399645.401,12.44079373,0.177311222,0.015184184,0.663096933,1392580.825,5286.757063,5357.458319,0.271643069,1,0.85765698,21.94029484,-0.970490738,2.067609038,1.145239783,2.298413522,0.998575722,0.190029418,1.04509607195,3.84416489211,4.43838451268,1.66919882419,2.76918568849,587.740595273
HA5 32-fold,1,5,22,,7.846507194,0.847222222,5.956942486,17945.7937,2,5.304042213,0.587605775,1950.410801,UndecidedProblem,0.942281689,10.94665411,691041.5379,708987.3316,0.814803544,7.834846667,0,2.427193622,0.888300741,3.108497014,708876.1983,11.19175294,2.510107167,0.035486839,0.548851423,705881.9526,3108.19219,3105.379037,0.242530322,2,UndecidedProblem,24.04614026,-0.732336901,2.102009466,3.803076923,2.366912237,0.998305926,0.273686296,1.26263679196,9.90728867153,4.25396267091,4.30190563245,-0.0479429615382,0.89548236682
HA5 control,1,5,23,,3.845753861,0.868055556,2.106034882,30002.04793,2,5.551942774,0.684120643,5247.783929,UndecidedProblem,1.708789685,7.589046302,1377510.288,1407512.336,0.506882684,7.881570554,0,2.394416105,0.860167971,3.069322705,1407798.764,12.28339409,1.345317167,0.016015021,0.620578799,1401543.865,6027.602043,5968.470614,0.25203266,2,UndecidedProblem,23.45833636,-0.903334028,2.082910624,1.308612724,2.510940488,0.997216429,0.227895715,1.11669944432,4.29455119957,4.47715090053,1.86476387302,2.61238702751,409.625540564
HA5 64-fold,1,5,24,,8.511040639,0.826388889,7.126024291,36139.18966,1,4.118486999,1.174622572,15690.77626,UndecidedProblem,UndecidedProblem,13.18783211,591581.6308,627720.8205,0.266850713,5.322134428,0,2.88950237,UndecidedProblem,2.556080982,627526.967,14.14143521,0.177311222,0.024400106,0.955589426,612030.0442,15149.23024,15690.77626,0.202489987,1,0.931747917,-4.048447877,-0.770888085,1.629450508,8.47386808,3.132969919,0.999065831,1.677625519,0.725206852592,6.17226499409,4.55797841026,2.68009769609,1.87788071417,75.4884858151
HA5 control,1,5,25,,3.845753861,0.923611111,2.214345482,30930.82668,1,5.562105043,0.712957995,6354.948305,UndecidedProblem,UndecidedProblem,7.858266585,1430411.57,1461342.397,0.788140348,7.845198141,0,2.636999723,UndecidedProblem,3.107801105,1463863.041,12.60144058,0.177311222,0.018932799,0.643099322,1454987.448,6355.226792,6354.948305,0.255811,1,0.862852575,33.45070141,-0.981861849,2.050403972,1.188951403,2.275342001,0.997601873,0.180884473,1.07759404542,4.14416146076,4.49039152743,1.79946220615,2.69092932128,490.82799046
HA5 64-fold,1,5,26,,8.011009639,0.895833333,6.097766834,12327.58027,1,5.795538184,0.795180316,2377.673464,UndecidedProblem,UndecidedProblem,12.47106032,672385.5772,684713.1575,0.46729077,8.169805328,0,2.398748154,UndecidedProblem,3.422819219,685076.0275,11.54136723,0.177311222,0.027536203,0.717757597,682335.484,2305.596291,2377.673464,0.295356752,1,0.974177485,38.47441042,-0.802970176,2.046300396,3.842256574,2.336806444,0.998960253,0.241081618,0.965507022004,7.73468605979,4.09087783908,3.35852629605,0.732351543038,5.39947510372
HA5 control,1,5,27,,3.678288528,0.965277778,1.698703182,26531.60934,1,5.8058017,0.712020067,3887.098567,UndecidedProblem,UndecidedProblem,7.739537616,1457639.778,1484171.387,0.84480743,8.576748292,0,2.820713272,UndecidedProblem,3.418335411,1485104.052,12.03029239,0.177311222,0.009527495,0.667725,1480284.289,3798.499021,3887.098567,0.319846383,1,0.816146226,24.21824898,-1.049995,2.125684385,0.850364847,2.30211449,0.997893402,0.186476217,1.0378524093,3.81752061089,4.42376359398,1.65762944459,2.76613414939,583.625352698
HA5 128-fold,1,5,28,,8.179155333,0.791666667,6.745432981,2558.062422,1,7.546045994,0.410300877,224.38602,UndecidedProblem,UndecidedProblem,11.29892512,475518.3654,478076.4278,0.730517745,11.05704276,0,2.524064995,UndecidedProblem,3.772913193,477871.5144,8.508909662,0.177311222,0.0393048,0.370538757,477852.0418,216.3066606,224.38602,0.227765123,1,1.007252031,28.40741248,-0.683551241,2.32433087,4.405923244,2.090426467,0.995317133,0.230211542,1.87024970238,15.2970628273,3.40791113795,6.64223309912,-3.23432196117,0.000583012731627
HA5 control,1,5,29,,3.845753861,0.888888889,2.266108312,24037.61659,1,5.935795072,0.641212518,4391.004479,UndecidedProblem,UndecidedProblem,7.625048852,1447406.485,1471444.102,0.459572317,8.186531691,0,2.325836507,UndecidedProblem,3.751588606,1471391.911,12.03152433,1.345317167,0.014448441,0.594509691,1466393.395,5048.797791,5050.70693,0.233988761,1,0.976832511,34.72964625,-0.922243906,2.118598835,1.324311228,2.271952716,0.996497296,0.183660944,1.16566644832,4.48286624427,4.38089140372,1.94653332361,2.43435808011,271.867992357
HA5 128-fold,1,5,30,,9.011071639,0.798611111,7.345030406,10406.65545,1,5.791374937,0.515575651,1094.275048,UndecidedProblem,UndecidedProblem,12.001161,565946.597,576353.2525,0.646320899,7.867428224,0,2.29649253,UndecidedProblem,3.367719315,576529.9491,10.69953939,2.845433861,0.02904565,0.473572365,573885.1859,2545.551782,2468.066539,0.174480024,1,0.953870257,27.62338768,-0.678426577,2.121960628,4.723216352,2.19055592,0.995630971,0.248829798,1.46334552271,13.1863113377,4.01731117591,5.72571052441,-1.7083993485,0.0195704427731
HA5 control,1,5,31,,3.510059417,0.881944444,1.943771247,13341.82878,1,6.835409991,0.478484717,1362.651963,UndecidedProblem,UndecidedProblem,6.784099813,1510285.672,1523627.5,0.426511078,9.518258036,0,2.350972075,UndecidedProblem,4.317678107,1524151.706,10.41453119,1.345317167,0.011851732,0.450674815,1521549.73,2176.235962,2077.770747,0.21236404,1,0.916474248,36.56441721,-0.858648535,2.296034741,1.205240528,2.154605364,0.994873988,0.185001788,1.53769409103,5.39739762467,4.12521536291,2.34363770068,1.78157766223,60.4752485867
HA5 256-fold,1,5,32,,1.177710472,0.881944444,6.680385563,1291.421719,1,8.77106463,0.712587634,756.7613494,UndecidedProblem,1.121572743,5.796357404,562893.7059,564185.1277,0.536433141,9.433628673,0,2.247850995,0.544503599,2.898971791,564113.7576,11.22385485,0.509624889,0.065321055,0.571878971,563369.2662,830.5893694,815.8614918,0.072881759,3,UndecidedProblem,33.68910392,-0.831994774,2.065690595,4.249819158,2.366137893,0.984510631,0.269275058,1.2117948642,1.42714350148,3.11106808605,0.619688884707,2.49137920134,310.012497137
HA5 control,1,5,33,,3.345551667,0.9375,1.319961182,16741.46457,UndecidedProblem,6.543503832,0.644363911,1909.010351,UndecidedProblem,2.285852104,11.50535342,1544910.954,1561652.419,UndecidedProblem,9.676032744,0,UndecidedProblem,1.184372962,2.811607451,1565130.93,11.0453843,0.177311222,0.044399735,0.550727908,1559743.409,1845.227774,1909.010351,0.29888108,2,UndecidedProblem,1.090271984,-1.093464086,2.244438063,0.886887317,2.222215733,0.997438121,0.197158801,1.25833463301,4.2098235291,4.22379344809,1.82797374255,2.39581970554,248.782430019
HA5 256-fold,1,5,34,,9.515039361,0.847222222,7.48538222,11616.12775,1,5.666354881,0.693752057,1486.800416,UndecidedProblem,UndecidedProblem,13.4505858,578318.8746,589935.0024,0.016411114,7.990522428,0,2.891724516,UndecidedProblem,3.186993778,590024.1593,10.89600083,3.678288528,0.051236787,0.566185768,587615.3803,2297.226001,2319.622075,0.230271421,1,1.008148197,38.03351731,-0.737027589,2.09699228,4.699555381,2.238647515,0.998262003,0.221797323,1.22397990053,11.6462169306,4.0650613796,5.05697652221,-0.991915142612,0.101879043145
HA5 control,1,5,35,,4.178394028,0.916666667,2.428463789,37814.15766,1,5.357076086,0.660203262,5980.662002,UndecidedProblem,UndecidedProblem,7.674766389,1512054.948,1549869.106,0.722231661,8.017625477,0,2.449701526,UndecidedProblem,3.371627314,1555471.88,12.46984278,0.177311222,0.006063131,0.615066843,1543888.444,5877.851723,5980.662002,0.284001862,1,0.930786336,25.48954331,-0.976608898,2.074036346,1.256171924,2.280148707,0.996395216,0.195554157,1.126706809,4.70782500204,4.57765443059,2.04421406949,2.5334403611,341.539046077
HA5 512-fold,1,5,36,,11.186771,0.888888889,8.518194342,45673.74772,1,3.544618279,1.103112162,8444.104589,UndecidedProblem,UndecidedProblem,14.98067079,487296.6325,532970.3802,0.73599779,5.924406767,0,3.042371627,UndecidedProblem,2.933263472,532969.129,13.30143376,0.845140528,0.014197638,1.059824394,524194.7376,8829.073483,8775.642656,0.43093831,1,1.018211123,-7.051197972,-0.857498367,1.748345657,11.74568221,2.5715834,0.998797215,0.27638334,0.653881910931,7.31482719863,4.65966664873,3.17621676015,1.48344988858,30.440367311
HA5 control,1,5,37,,3.00994825,0.923611111,1.523282983,12956.04397,1,6.943661812,0.708839638,2967.640363,UndecidedProblem,UndecidedProblem,7.979377402,1581905.178,1594861.222,0.878845278,9.069898909,0,2.755598545,UndecidedProblem,4.1864779,1599647.543,11.51127502,0.177311222,0.040291963,0.636317288,1591893.582,2957.953209,2967.640363,0.236482734,1,0.837526803,25.02557128,-1.098134487,2.194405163,0.680293129,2.307887639,0.997797648,0.204566828,1.08907932107,3.27807239657,4.11247241324,1.42339226946,2.68908014378,488.742542533
HA5 512-fold,1,5,38,,10.18306933,0.847222222,7.885689279,11748.86987,1,5.433536347,0.773301203,1560.807206,UndecidedProblem,UndecidedProblem,UndecidedProblem,496005.3209,507754.1908,0.663665468,8.331186883,0,2.268202972,UndecidedProblem,3.453904566,508262.7914,10.86494062,6.346647194,0.032101311,0.643677832,506177.6095,1525.134969,1576.58128,0.322348136,1,1.034352173,35.52054705,-0.804412378,2.079502893,4.653523556,2.346120674,0.998344359,0.233946027,1.07662555016,10.9633526197,4.0699960936,4.76046574889,-0.690469655285,0.20395311593
HA5 control,1,5,39,,4.510389417,0.951388889,2.206953548,59395.99486,2,4.781245544,0.796186967,8042.545759,UndecidedProblem,1.082684474,9.252508478,1573864.608,1633260.603,0.829208548,7.665887051,0,2.716492891,1.071151439,2.854969781,1636871.423,12.9701249,0.177311222,0.007996602,0.7223619,1625218.057,7974.188207,8042.545759,0.358746234,2,0,22.42744489,-1.087347919,2.019935918,1.041302831,2.600039615,0.996835932,0.268837605,0.959352922683,4.32705526964,4.77375716099,1.8788776681,2.89487949289,785.017779325
HA5 1024-fold,1,5,40,,9.683198306,0.75,8.232482108,3951.91787,2,6.967240448,0.711983174,957.7617645,UndecidedProblem,1.621925689,UndecidedProblem,490536.6689,494488.5868,-1.629162094,7.128813324,0,3.108019845,0.932541196,3.187123806,494434.8389,10.9026453,7.346503806,0.03965946,0.656630529,490955.3754,3590.958294,3533.211443,0.027011552,2,UndecidedProblem,25.67084513,-0.744618375,2.074535431,5.326759245,2.372242515,0.991210432,0.307538891,1.05538802933,10.2195315778,3.59680791036,4.43748657308,-0.84067866271,0.144318277683
HA5 control,1,5,41,,3.510059417,0.854166667,2.300704709,19915.13728,1,6.369063721,0.737277133,6384.301563,UndecidedProblem,UndecidedProblem,8.238498856,1626208.795,1646123.932,0.477395596,7.864625235,0,2.385593859,UndecidedProblem,3.946152359,1645442.183,12.53538988,1.345317167,0.019866068,0.655434909,1639061.172,7111.563681,7062.75967,0.173989356,1,0.987401937,41.57248162,-1.031114525,2.077424657,1.174814863,2.355539998,0.99644054,0.208354197,1.05731322895,3.71123225599,4.29918330446,1.6114773148,2.68770598965,487.198552888
HA5 1024-fold,1,5,42,,9.179088833,0.909722222,7.999380094,2713.747239,2,7.54659161,0.733121932,895.4466436,UndecidedProblem,2.864535208,UndecidedProblem,504650.4696,507364.2169,0.681549273,9.146198588,0,2.409506263,0.809018139,3.035599435,507308.6701,10.05889825,0.177311222,0.038936887,0.619049816,506468.7702,888.8172943,895.4466436,0.17566959,2,0,16.77847859,-0.827741623,2.180260258,4.637994054,2.438853779,0.999283298,0.215444024,1.11945756559,10.2756004393,3.43356939461,4.4618325833,-1.0282631887,0.0936994003001
HA5 control,1,5,43,,3.178060528,0.965277778,1.665765111,18384.13816,1,6.585966405,0.8053213,5067.865353,UndecidedProblem,UndecidedProblem,8.680494244,1747721.648,1766105.786,0.810078654,8.44497785,0,2.797202493,UndecidedProblem,4.007153649,1766788.308,12.23863147,0.177311222,0.01453647,0.705598532,1761037.921,5021.590741,5067.865353,0.229568185,1,0.83860141,34.41238371,-1.179273275,2.124042021,0.646579622,2.345737956,0.997451775,0.202145922,0.982144900494,3.12131594104,4.26444327516,1.35532607079,2.90911720436,811.179943895
HA5 2048-fold,1,5,44,,10.01507008,0.805555556,8.563262512,2084.562711,2,7.94655782,0.603182567,388.124875,UndecidedProblem,1.48004801,UndecidedProblem,512157.0663,514241.629,-0.232043961,9.424841185,0,3.042901445,0.680190608,3.192791864,514278.6535,8.783575749,6.346647194,0.050246311,0.532636228,513493.4469,749.4578002,748.1821279,0.141562932,2,0,19.84418229,-0.891905433,2.314875687,4.5008602,2.344141771,0.997771424,0.327859655,1.30107560014,13.0303633148,3.31901496477,5.65799536029,-2.33898039552,0.00458162568153
HA5 control,1,5,45,,3.178060528,0.951388889,1.420482744,17697.27554,1,6.545451456,0.768395011,3599.63533,UndecidedProblem,UndecidedProblem,UndecidedProblem,1635343.765,1653041.041,0.769401095,8.84305607,0,2.792505136,UndecidedProblem,3.826958623,1652846.902,11.79207146,0.177311222,0.022322202,0.685117993,1649441.406,3526.277046,3599.63533,0.273560142,1,0.816730111,23.25889348,-1.162782187,2.170438974,0.55851213,2.280723029,0.998171927,0.188506982,1.01150459787,3.21462283637,4.24790641275,1.39584144002,2.85206497272,711.319922872
HA5 2048-fold,1,5,46,,12.85828603,0.902777778,8.349678894,47004.17652,1,3.712722325,0.958766434,1816.512307,8.622364425,UndecidedProblem,8.622364425,569274.6318,616278.8083,0.597420156,8.406268232,0,2.419814871,UndecidedProblem,4.111684811,619798.6599,10.99540625,0.177311222,0.019866732,0.873769171,614462.296,1796.070881,1816.512307,0.694717784,1,1.03201759,40.81065307,-1.026391387,2.09771881,4.038111188,2.497291512,0.999421746,0.250476849,0.793115645413,10.1981078236,4.67213644855,4.42818403109,0.243952417466,1.75368835225
HA5 control,1,5,47,,3.678288528,0.770833333,1.658207685,25668.19147,2,5.36719022,0.744203351,3941.806182,UndecidedProblem,1.060696034,8.585171185,1033781.939,1059450.131,0.894847286,8.070243124,0,2.738690527,0.938493445,3.727023153,1059461.72,11.9659354,0.177311222,0.008301845,0.705162952,1055508.324,3949.781535,3941.806182,0.329211332,2,0,34.01285552,-0.954288223,2.113843753,1.091303272,2.496147538,0.997715151,0.300580432,0.982751572576,3.61484383528,4.40939527022,1.56962389721,2.83977137301,691.46686404
HA5 undiluted,1,6,0,,4.178394028,0.902777778,3.206129888,10005.11543,3,6.770003744,0.465133753,2329.323299,UndecidedProblem,1.52963275,7.377289622,1081928.664,1091933.78,0.848689942,8.872758759,0,2.465134254,0.862402924,2.260029909,1088844.306,11.34507187,0.177311222,0.045535225,0.432522429,1089604.456,2282.045361,2329.323299,0.162092829,3,UndecidedProblem,37.53691517,-0.841763716,2.149138558,1.924576518,3.128702102,0.997043347,2.833352318,1.6022290488,6.69474428898,4.0002221035,2.90696669083,1.09325541267,12.3952534873
HA5 undiluted,1,6,1,,4.678461722,0.951388889,2.877376307,18662.78285,1,5.767597616,0.644803883,2676.538772,UndecidedProblem,UndecidedProblem,8.384319882,998045.3279,1016708.111,0.720327111,8.374713491,0,2.404949494,UndecidedProblem,2.669006848,1016680.265,11.51288204,0.845140528,0.006609058,0.576516176,1013645.045,3158.206143,3063.065771,0.261643107,1,0.954719221,32.85778445,-0.934515245,2.110913848,1.666240778,2.296051508,0.997896447,0.19569816,1.20204779822,5.62373461199,4.27097640288,2.44191689622,1.82905950666,67.4620457281
HA5 undiluted,1,6,2,,4.678461722,0.958333333,2.994731732,18981.07218,1,5.600476113,0.693465564,3532.859964,UndecidedProblem,UndecidedProblem,8.491318422,901960.4213,920941.4935,0.863417973,7.956108848,0,2.658889882,UndecidedProblem,2.716299505,920807.7625,11.97568001,0.677804139,0.012780428,0.619232695,917232.9393,3745.194538,3708.554184,0.254206519,1,0.866844619,3.471436576,-0.897855295,2.043085911,1.877900758,2.304844387,0.998089421,0.191425753,1.11912695437,5.23579261807,4.27832074069,2.2734661824,2.00485455829,101.12407412
HA5 undiluted,1,6,3,,5.010367222,1.0,2.915768744,27016.00566,1,5.028658491,0.74049616,3719.962761,UndecidedProblem,UndecidedProblem,8.687667742,854841.0262,881857.0319,0.90376181,7.889112793,0,2.674636677,UndecidedProblem,3.268089894,881991.4217,12.13664245,0.177311222,0.009113175,0.691191641,878137.0691,3712.492721,3719.962761,0.341118903,1,0.866085284,26.00728806,-0.859707002,2.017168662,1.992043743,2.316463465,0.998092019,0.20676773,1.00261629177,5.02347580451,4.43162113861,2.181274774,2.25034636462,177.969821404
HA5 2-fold,1,6,4,,5.510712528,0.895833333,3.676242801,24870.91733,1,4.974353796,0.749402689,4499.045103,UndecidedProblem,UndecidedProblem,9.170227071,756975.5995,781846.5168,0.659535459,7.441122782,0,2.357355226,UndecidedProblem,3.202961531,781178.1804,12.33033866,0.177311222,0.01551149,0.698050596,777347.4717,4499.084204,4499.045103,0.29833766,1,0.991019058,18.85701586,-0.786015487,1.969573815,2.547063293,2.336183954,0.998288831,0.238046441,0.992764713577,5.47084094446,4.39569180393,2.37552798283,2.02016382109,104.752361202
HA5 2-fold,1,6,5,,5.510712528,0.875,2.912822517,26959.6909,2,4.883749542,0.90071477,3981.546981,UndecidedProblem,1.60160454,9.706885383,768961.3983,795921.0892,0.618394001,7.643152512,0,2.323879522,0.845922486,2.089353555,795476.3492,12.32116724,0.177311222,0.028204032,0.642584201,791939.5422,3961.424198,3981.546981,0.306924198,2,UndecidedProblem,16.91155134,-0.796996847,1.976136662,2.473466148,2.385777338,0.997907415,0.224578243,1.07845788758,5.94307139198,4.43071490859,2.58057811202,1.85013679657,70.8168812336
HA5 2-fold,1,6,6,,5.510712528,0.923611111,3.621011022,25798.96009,1,4.969768726,0.76131302,4581.646232,UndecidedProblem,UndecidedProblem,9.230497162,782648.2353,808447.1954,0.558032016,7.463143669,0,2.429520931,UndecidedProblem,2.700358663,808170.6835,12.43525632,0.177311222,0.018955839,0.658383081,803865.5492,4493.581905,4581.646232,0.28487028,1,0.953444744,25.43908564,-0.805055207,1.963366194,2.483062288,2.316413962,0.998593556,0.233444933,1.05257868861,5.80045856601,4.41160220068,2.518653307,1.89294889368,78.1535830667
HA5 2-fold,1,6,7,,5.010367222,0.902777778,3.455311625,22920.15019,1,5.21134881,0.973409336,7554.654014,UndecidedProblem,UndecidedProblem,9.986371755,826240.3198,849160.47,0.553769162,6.581505051,0,2.617560224,UndecidedProblem,3.505510572,848491.6473,12.97720125,1.009694444,0.015553633,0.863991279,840293.8248,9052.380329,8866.64523,0.208124516,1,0.93034347,34.94495191,-0.898743067,1.895065152,2.248616282,2.435230061,0.999120427,0.216044922,0.802091429444,4.01877260713,4.36021745913,1.74501632963,2.6152011295,412.288412989
HA5 4-fold,1,6,8,,5.84629975,0.875,4.045176696,20622.39981,1,5.151892326,0.711802258,3578.298754,UndecidedProblem,UndecidedProblem,9.476051727,712562.1878,733184.5877,0.708149374,7.67341277,0,2.255360464,UndecidedProblem,3.180381503,732334.799,11.85332346,0.509624889,0.020506973,0.626227433,729593.0046,3619.471489,3591.583058,0.274384109,1,1.030362941,23.21484912,-0.768111897,2.024514833,2.760258847,2.32383984,0.998946195,0.267175363,1.10662670378,6.46967142168,4.31433920234,2.80923639673,1.50510280561,31.9965243751
HA5 4-fold,1,6,9,,5.678955056,0.881944444,4.037484343,20684.88177,3,5.216695769,0.98227296,7717.926245,4.739484009,1.579512834,4.739484009,748507.4532,769192.335,0.691539105,6.638987319,0,2.437850502,0.684834977,1.825114749,768888.0017,12.92412047,0.177311222,0.035015685,0.641355442,761474.4087,7686.976573,7717.926245,0.162547764,3,UndecidedProblem,27.69624207,-0.761003464,1.882057402,2.977944048,2.472178125,0.999104969,0.212855106,1.08052408168,6.13624769681,4.31565304291,2.6644584007,1.65119464221,44.7914005413
HA5 4-fold,1,6,10,,5.678955056,0.888888889,4.003944711,19008.08174,1,5.369261696,0.817718114,4621.432972,UndecidedProblem,UndecidedProblem,9.979961168,766674.4836,785682.5654,0.507516513,7.409462478,0,2.307944419,UndecidedProblem,3.164999658,785428.6474,12.25611473,0.177311222,0.009440012,0.73478215,781061.1324,4553.125961,4621.432972,0.260982366,1,1.013688964,39.0410578,-0.807664827,1.984548985,2.689467619,2.339537787,0.999489002,0.231778087,0.943136683437,5.35603083691,4.27893829089,2.32567556965,1.95326272124,89.7971847532
HA5 4-fold,1,6,11,,5.346070972,0.847222222,3.869577999,17015.03303,1,5.634313701,0.868981111,5213.590689,UndecidedProblem,UndecidedProblem,10.17430823,828128.0195,845143.0525,0.418941172,6.974668877,0,2.520981152,UndecidedProblem,3.554295337,845230.1895,12.55066284,2.510107167,0.023265457,0.804572146,838423.4175,6704.996416,6719.635005,0.190456519,1,0.945550073,18.3214048,-0.841320435,1.950747151,2.595908535,2.383713912,0.998963917,0.224195653,0.861327356963,4.60471718045,4.2308327965,1.99944297892,2.23138981758,170.368703158
HA5 8-fold,1,6,12,,5.84629975,0.833333333,4.142203518,11548.32081,2,5.968879738,0.68369006,2040.773409,UndecidedProblem,1.499697263,9.874605767,711772.0251,723320.346,0.420915415,7.632913962,0,2.579599504,0.888337214,2.323194075,723217.3509,11.44324591,2.510107167,0.047009581,0.615176943,719676.2096,3662.283153,3644.136403,0.181280252,2,UndecidedProblem,1.151592004,-0.814555584,2.078422452,3.053327259,2.373452398,0.998222223,0.23305432,1.12650515902,6.58588682956,4.06251883999,2.85969901414,1.20281982585,15.9521720807
HA5 8-fold,1,6,13,,6.346647194,0.881944444,4.424794996,20663.88137,UndecidedProblem,5.311852896,0.751574927,3617.147565,UndecidedProblem,1.402698128,18.96853146,800139.1549,820803.0363,UndecidedProblem,7.18661854,0,UndecidedProblem,0.950911798,2.076773511,820014.2423,12.13517567,2.510107167,0.041849075,0.638306535,815168.5905,5625.231036,5634.445811,0.210282436,3,UndecidedProblem,30.21259025,-0.860935532,2.011277505,2.744948811,2.402258845,0.998257255,0.237992092,1.08568526562,6.89046134463,4.31521189992,2.99195021478,1.32326168514,21.0504645829
HA5 8-fold,1,6,14,,6.679198194,0.881944444,4.615736387,36171.93922,1,4.399611639,0.986287151,8559.927502,UndecidedProblem,UndecidedProblem,10.95553687,727289.0749,763461.0141,0.591115409,6.20755264,0,2.490238912,UndecidedProblem,3.105033699,763256.87,13.22631191,2.345529417,0.011078033,0.870681324,753130.3719,10294.99504,10330.64221,0.273561852,1,0.979109356,0.098713588,-0.807142431,1.838074038,3.724437479,2.438216218,0.999247468,0.220447481,0.7959284079,5.3161635846,4.55837179242,2.30836456127,2.25000723115,177.830901925
HA5 8-fold,1,6,15,,6.179220528,0.881944444,4.74357398,16173.79056,1,5.700623635,0.580693118,2962.141593,UndecidedProblem,UndecidedProblem,9.395702118,824970.542,841144.3326,0.58761486,7.611229765,0,2.325094586,UndecidedProblem,2.361368482,840706.6775,11.77063667,2.178148639,0.043044066,0.521199979,836842.4153,4321.026791,4301.917328,0.176606366,1,0.97735043,28.67958169,-0.813908215,2.059444013,2.845687184,2.272432193,0.9983363,0.269279977,1.32962399832,8.21603990491,4.20881181498,3.56753795263,0.641273862349,4.37798089826
HA5 16-fold,1,6,16,,7.346503806,0.881944444,5.308933824,26743.86106,1,4.698222759,0.745560703,4014.87006,UndecidedProblem,UndecidedProblem,10.81646859,667528.8319,694272.693,-0.121699694,6.765827252,0,2.972249717,UndecidedProblem,2.114717337,693931.3672,12.34749124,1.345317167,0.020242561,0.667297559,687892.8038,6727.409982,6379.889192,0.240966515,1,0.909943433,-10.21943308,-0.792726592,1.952921043,13.55060196,2.337642715,0.998292691,0.258245799,1.03851721118,7.62947064453,4.42722410734,3.31284005407,1.11438405327,13.0131984644
HA5 16-fold,1,6,17,,6.846513861,0.944444444,5.321884084,15740.2712,1,5.686285865,0.571385631,2475.119499,UndecidedProblem,UndecidedProblem,10.06290819,794763.0901,810503.3613,0.722447775,8.018367297,0,2.411113336,UndecidedProblem,2.39102182,810374.6718,11.53908273,1.177710472,0.043995073,0.504790371,807377.3845,3182.674084,3125.97678,0.207019616,1,0.938638571,-5.014929354,-0.816021189,2.081660741,8.144292765,2.263163977,0.998273867,0.260894795,1.37284710607,9.39921674075,4.19701221085,4.08129254918,0.115719661672,1.30532802316
HA5 16-fold,1,6,18,,7.010943389,0.881944444,4.768200001,23648.04241,1,4.920836142,0.848400038,3741.735355,5.107568589,UndecidedProblem,5.107568589,692684.165,716332.2074,0.569434158,7.580777476,0,2.404520459,UndecidedProblem,2.817786907,716210.6372,12.26338151,0.177311222,0.016666007,0.770589424,712590.4721,3741.873492,3741.735355,0.353142086,1,0.982577874,11.9213754,-0.809671766,1.968896359,3.214604076,2.362628602,0.998853836,0.302312205,0.899311589825,6.30502264534,4.37379519557,2.7377432242,1.63605197137,43.2565592414
HA5 16-fold,1,6,19,,7.010943389,0.923611111,5.557403269,20017.01101,2,5.400509238,0.516457257,2841.932656,UndecidedProblem,0.915503448,11.6582016,825484.7188,845501.7298,0.780966869,8.216791528,0,2.363129826,0.928450787,1.767667197,845068.1542,11.78921365,0.177311222,0.049318755,0.499790285,842659.7972,2838.657682,2841.932656,0.245634215,2,0,19.04722792,-0.825721951,2.059368393,3.126203451,2.348503032,0.998144292,0.262141807,1.38658157391,9.72124491891,4.30139922805,4.22112241377,0.0802768142804,1.20303098833
HA5 32-fold,1,6,20,,7.346503806,0.909722222,5.658237161,17649.52743,1,5.237414424,0.855319005,4463.566478,UndecidedProblem,UndecidedProblem,11.7982574,648162.9395,665812.4669,0.508645736,7.220775161,0,2.312488342,UndecidedProblem,2.76819672,665640.7542,12.25645641,0.177311222,0.033650747,0.771784845,661348.9004,4399.594381,4463.566478,0.266284016,1,1.025677033,36.41634895,-0.778663769,1.956064825,3.650403595,2.371866182,0.999604247,0.296816935,0.89791864208,6.59656272152,4.24673308155,2.8643346598,1.38239842175,24.1211729031
HA5 32-fold,1,6,21,,9.346490556,0.840277778,6.738907526,84658.48103,2,3.289269846,0.939248959,12311.76908,UndecidedProblem,1.342626584,14.95904327,742977.4931,827635.9741,0.643906585,5.864212675,0,2.72932393,1.558225456,1.920241321,827264.6039,13.70079146,2.178148639,0.019977029,0.83496392,813427.8925,14253.35692,14208.08162,0.369652246,2,UndecidedProblem,-6.325367041,-0.854376745,1.78856125,10.02231097,2.486760882,0.999210992,0.241673481,0.829975982675,7.75736268378,4.92767047196,3.36837285444,1.55929761751,36.2491324873
HA5 32-fold,1,6,22,,7.510941583,0.840277778,6.275370451,25503.93248,1,4.790105736,0.844828677,9205.895551,UndecidedProblem,UndecidedProblem,11.5461763,680118.9548,705622.8873,0.681539778,6.013138742,0,2.502454311,UndecidedProblem,2.24198805,705388.5001,13.33030625,4.178394028,0.024545321,0.761945445,694697.4827,10844.87955,10925.40461,0.165858403,1,0.960597505,23.31894884,-0.717453745,1.800789172,4.079838037,2.403851366,0.998641888,0.29120396,0.909513935082,6.83130603533,4.40660714995,2.96626401881,1.44034313114,27.5640564803
HA5 32-fold,1,6,23,,8.011009639,0.833333333,5.901149156,27481.48321,2,4.895751637,0.683033851,3253.853695,UndecidedProblem,1.026565931,11.26410389,790622.0388,818103.522,0.724027779,7.431655683,0,2.409748968,1.015920992,2.65961928,817987.5762,11.90351788,2.345529417,0.031439044,0.571333991,813364.8464,4749.292035,4738.675661,0.252557478,2,UndecidedProblem,15.69941897,-0.762737754,2.039546929,3.704860298,2.400290383,0.998770183,0.285873273,1.21295076246,9.71696024966,4.43904016844,4.2192619408,0.219778227637,1.65873965616
HA5 64-fold,1,6,24,,8.511040639,0.840277778,6.842563699,31990.87835,2,4.289871561,0.976938748,9790.706515,6.893472792,1.181059043,6.893472792,593766.792,625757.6703,-0.806013205,5.905297643,0,3.119284446,1.262584931,2.14354013,625522.1699,13.41465056,1.345317167,0.043771209,0.756707529,615316.854,10208.9943,10440.81638,0.214595877,2,UndecidedProblem,-6.898590112,-0.800594656,1.766625213,10.9551894,2.624758229,0.998898702,0.248476449,0.915809574296,7.79449250442,4.50502616435,3.38449522554,1.12053093881,13.1986933486
HA5 64-fold,1,6,25,,7.846507194,0.958333333,5.772343208,9576.979365,2,6.377742633,0.673706755,1117.883297,UndecidedProblem,1.982348168,12.47515151,786803.1013,796380.0807,-0.412923988,9.079476259,0,2.744835063,0.72423931,3.257433567,796396.2257,10.8880277,0.845140528,0.014312113,0.603148724,794908.0201,1530.853259,1472.060603,0.282850402,2,0,-7.616383353,-0.799670154,2.164469135,11.39410674,2.413863591,0.996856389,0.228116215,1.14897034914,9.01540411025,3.98122855167,3.91463487202,0.0665936796551,1.16571847546
HA5 64-fold,1,6,26,,8.511040639,0.923611111,6.350409256,28107.71329,1,4.551939733,0.88364215,5076.526747,6.71487411,UndecidedProblem,6.71487411,631211.7754,659319.4887,0.647551688,7.020992143,0,2.43013168,UndecidedProblem,2.954648183,659318.5669,12.54165136,0.177311222,0.020349093,0.826792845,654242.9619,5076.209442,5076.526747,0.351770743,1,0.981968217,12.30344451,-0.786704469,1.911363665,3.954608467,2.386312072,0.99942078,0.267798573,0.838178516167,7.13377141384,4.44882551491,3.09759939811,1.3512261168,22.4505051223
HA5 64-fold,1,6,27,,8.179155333,0.895833333,5.339300235,16586.47493,2,5.642267867,0.860241128,1930.860865,UndecidedProblem,2.367684533,12.37721719,811824.7372,828411.2121,0.591001516,8.74495906,0,2.40881844,0.755780505,2.492655041,828145.6526,11.57913921,0.177311222,0.006891788,0.696926248,826480.3512,1921.581099,1930.860865,0.371688,2,UndecidedProblem,13.95183861,-0.788504439,2.085735701,3.875372714,2.461798164,0.998254898,0.25211328,0.994366336451,8.13307672374,4.21975409663,3.53151399207,0.688240104557,4.87798100198
HA5 128-fold,1,6,28,,4.845858389,0.902777778,4.844172358,272.5637642,UndecidedProblem,10.90367086,0.608214392,144.4068748,UndecidedProblem,2.048701354,7.863453877,521883.24,522155.8037,UndecidedProblem,11.13387458,0,UndecidedProblem,0.277007912,4.176108625,522159.626,8.14735292,4.510389417,0.345387994,0.314238647,521923.4392,226.4703695,232.3645617,0.02133609,2,1.801634173,26.27031464,-0.922928423,2.384078516,3.045315891,2.192303926,0.996233861,0.242979286,2.20533026926,10.6867181858,2.43546811836,4.64034658524,-2.20487846688,0.00623909406083
HA5 128-fold,1,6,29,,8.846674111,0.784722222,6.05733995,11813.54968,3,5.495647301,0.773255698,949.1250015,UndecidedProblem,1.012546042,12.86118614,521196.129,533009.6787,0.422673377,7.696325202,0,2.380113327,0.808894182,3.730685483,545662.5142,10.59159466,4.510389417,0.008873543,0.694230348,530439.8134,2479.501165,2569.865258,0.265789406,3,UndecidedProblem,49.30159708,-0.772384798,2.128417496,4.144803799,2.433515633,0.993509873,0.27644189,0.998227752498,8.83099561491,4.07238041199,3.8345617086,0.237818703391,1.72909439658
HA5 128-fold,1,6,30,,8.011009639,0.798611111,6.98300491,1872.608917,1,8.149234057,0.451608949,390.3661121,UndecidedProblem,UndecidedProblem,11.65290843,529759.2268,531631.8357,0.733028335,8.805792754,0,2.273792763,UndecidedProblem,4.301209859,531572.1224,9.228621016,4.345784972,0.019074547,0.416916578,530443.8719,1198.729255,1187.96385,0.055197631,1,0.930938191,27.44693009,-0.634738089,2.267361221,4.736562703,2.116760523,0.99512106,0.213192914,1.6622030319,13.3159245105,3.27244708708,5.78199066891,-2.50954358183,0.00309354485993
HA5 128-fold,1,6,31,,3.345551667,0.875,2.181051802,2481.860176,UndecidedProblem,8.130265783,1.515034213,1657.031491,UndecidedProblem,1.136532086,18.56755921,692912.5316,695394.3918,UndecidedProblem,7.18903601,0,UndecidedProblem,1.002826239,1.82319087,695258.9525,11.33556321,2.510107167,0.04467634,0.955561465,690628.8124,4989.294036,4765.579345,UndecidedProblem,4,UndecidedProblem,1.175860559,-1.271759161,2.107875958,2.19222411,2.445925916,0.994055396,0.322776539,0.72522807311,2.42628798895,3.3947773104,1.05353364696,2.34124366344,219.403556649
HA5 256-fold,1,6,32,,9.011071639,0.916666667,6.835763153,7199.745074,1,6.290852201,0.653276316,705.1482814,UndecidedProblem,1.390336928,13.59944205,556505.8303,563705.5754,0.834946574,8.762560807,0,2.469688929,1.241911288,3.967951712,563512.8257,10.5081035,1.510040889,0.038015698,0.607664502,562407.6232,1357.590638,1297.952169,0.261462908,2,1.37538199,-7.617037134,-0.839563969,2.152958976,11.69174028,2.312717415,0.991322214,0.235254007,1.14043192867,10.2765138086,3.85731711936,4.46222918309,-0.604912063726,0.248363594286
HA5 256-fold,1,6,33,,1.177710472,0.979166667,0.840863175,2198.086472,UndecidedProblem,8.46336961,1.563882961,1208.738102,UndecidedProblem,1.269062709,15.2659411,773643.2059,775841.2924,UndecidedProblem,9.326116063,0,UndecidedProblem,1.281529247,2.786172799,775807.1974,10.76648997,0.177311222,0.056535643,0.618554019,774632.5543,1211.678281,1208.738102,0.098900929,5,UndecidedProblem,-12.37194294,-1.546108743,2.228997125,13.54900425,2.664222007,0.993335383,0.308095186,1.1203548578,1.31945364839,3.34204477343,0.572928201646,2.76911657178,587.647065498
HA5 256-fold,1,6,34,,10.18306933,0.881944444,6.674915018,24058.7351,1,4.619378036,0.630201967,474.2937042,UndecidedProblem,1.567131872,7.258979008,567290.6376,591349.3727,0.356121326,10.2840143,0,2.318955459,0.696943101,4.478747699,591299.146,10.1207962,0.177311222,0.040881639,0.541830334,590875.079,414.4911818,474.2937042,0.521274962,2,4.11245947,23.05970508,-0.741501628,2.197640716,4.500101689,2.361205807,0.995994962,0.228294556,1.2789981596,13.0241269321,4.38127279035,5.65528742168,-1.27401463132,0.0532090332914
HA5 256-fold,1,6,35,,5.178466667,0.888888889,3.526676533,8248.388461,5,6.635385943,1.615301978,4818.220859,UndecidedProblem,1.339660946,15.42651177,811761.9121,820010.3006,0.434318049,7.122520546,0,2.6774728,1.381946178,1.381797393,819887.7863,12.48076362,3.178060528,0.015303281,1.293703138,814125.5647,5675.961473,5884.735925,0.115135041,5,UndecidedProblem,44.34237539,-1.249207452,1.991044162,2.227126262,2.69454613,0.997950745,0.272078894,0.535671576921,2.77395740554,3.91636910602,1.20449735369,2.71187175233,515.076519425
HA5 512-fold,1,6,36,,10.01507008,0.895833333,8.115827781,10316.22922,2,5.576377767,0.748935274,1768.441577,UndecidedProblem,1.815506571,14.73430789,481924.9679,492241.1971,0.294736585,7.55350862,0,2.9021528,0.93159691,2.180269922,492259.7294,11.16930742,2.845433861,0.021551362,0.703629972,489620.9316,2615.820992,2620.265455,0.242887888,2,0,-6.039753957,-0.804853627,2.046279255,10.72441237,2.433740168,0.998536985,0.266451641,0.98489266742,9.86376908549,4.01352098332,4.28300872145,-0.269487738129,0.537665613359
HA5 512-fold,1,6,37,,5.510712528,0.930555556,1.38681958,10615.97622,3,5.965883805,1.947778806,3001.929218,UndecidedProblem,1.552425324,15.93634254,652928.3085,663544.2847,0.35190554,7.383813066,0,2.68587173,1.45749102,2.285899942,664372.835,11.71019528,1.009694444,0.008010967,1.297759166,659571.2652,4116.384516,3973.019508,0.318153252,3,UndecidedProblem,2.676679037,-1.661022504,2.093189018,1.092704145,2.773278975,0.998841106,0.425063981,0.533997384227,2.94270607518,4.02595993703,1.27777076647,2.74818917056,560.001474556
HA5 512-fold,1,6,38,,10.35042817,0.840277778,7.75688927,18732.30322,1,4.968225363,0.794913639,1935.739759,UndecidedProblem,UndecidedProblem,14.28160839,567643.4967,586375.7999,0.550467107,8.242796744,0,2.369857374,UndecidedProblem,2.829290126,586244.0114,11.53164352,0.177311222,0.020048066,0.695883186,584440.0602,1904.866321,1935.739759,0.390851093,1,0.996776897,-5.43795944,-0.841819349,2.032348905,9.923914735,2.36221908,0.998601041,0.258987041,0.995856796,10.3075442346,4.2725911791,4.47570309796,-0.203111918863,0.626452405389
HA5 512-fold,1,6,39,,5.84629975,0.965277778,1.919041897,13215.17125,3,5.948841745,1.763943654,3264.948947,UndecidedProblem,2.005042476,13.36857713,803090.0983,816305.2696,0.499123663,7.965904527,0,2.545152546,1.283200898,2.743186092,816402.4386,11.94185126,0.177311222,0.007693628,1.142727363,813040.3206,3182.513992,3264.948947,0.395171009,3,UndecidedProblem,-8.10658208,-1.426738106,2.075864396,9.791995551,2.839751417,0.998166405,0.373220939,0.606443866174,3.5454526232,4.12107279535,1.53949310604,2.58157968931,381.574803561
HA5 1024-fold,1,6,40,,7.510941583,0.847222222,8.295437934,13401.94751,1,5.235942005,1.342061842,9590.143986,UndecidedProblem,UndecidedProblem,15.93240769,491658.6775,505060.625,0.252413409,4.895293541,0,2.516206375,UndecidedProblem,1.320755491,504979.6585,13.59394565,6.679198194,0.046926917,1.069621356,488089.395,16849.49833,16971.22997,UndecidedProblem,1,0.994517716,-7.84301108,-0.971963063,1.690334498,12.12983089,2.502411817,0.992106935,0.330705702,0.647892823112,4.86628514644,4.12716791265,2.11302003753,2.01414787511,103.311311576
HA5 1024-fold,1,6,41,,5.346070972,0.909722222,2.310375217,11036.49502,2,6.184630306,2.015606182,5188.55768,UndecidedProblem,2.003343452,UndecidedProblem,791732.1583,802768.6533,0.561888678,6.926661886,0,2.687692799,1.448919681,2.44834097,803272.3836,12.42580682,2.010097222,0.010452617,1.363085961,796169.9681,6604.528094,6598.685169,0.179231209,2,0,84.57305001,-1.567997239,2.024679433,1.417446647,2.703614123,0.997941484,0.339346868,0.508405206882,2.71797031852,4.04283117166,1.18018685129,2.86264432037,728.860341798
HA5 1024-fold,1,6,42,,11.35425711,0.881944444,9.081500942,25329.1727,2,4.366837906,0.918136487,4657.77658,9.345133722,1.188491626,9.345133722,497271.7848,522600.9575,0.290683437,6.794656134,0,3.069974182,1.244660243,1.897654036,522712.0949,12.35512945,0.677804139,0.030758448,0.86018984,517893.6248,4718.682395,4707.332707,0.359508569,2,UndecidedProblem,-4.78972112,-0.910357438,1.895400062,9.383813188,2.637185879,0.999454052,0.274533665,0.805636114,9.14739957546,4.40362100512,3.97194944657,0.431671558547,2.70191422973
HA5 1024-fold,1,6,43,,5.84629975,0.993055556,2.179584595,14768.56923,2,5.795794452,1.998453074,4796.840782,UndecidedProblem,1.636180671,UndecidedProblem,805670.6294,820439.1986,0.716099926,7.418168058,0,2.706469304,1.3546009,3.234032676,820439.1986,12.34872233,0.177311222,0.0071978,1.182917112,815642.3578,4743.613562,4796.840782,0.33139752,2,0,2.791421496,-1.646706371,2.047605416,1.27969366,2.777415878,0.998847016,0.349329309,0.585839863985,3.42499545036,4.16933842316,1.4871886454,2.68214977776,481.005207022
HA5 2048-fold,1,6,44,,10.85017486,0.819444444,9.156185136,8930.510551,2,5.500312059,0.812748174,2124.203763,UndecidedProblem,1.789754277,UndecidedProblem,395305.6898,404236.2004,-5.024878861,6.77412423,0,3.128361852,1.118136696,1.932423124,404947.721,11.40071494,1.510040889,0.008607229,0.74749909,400542.8491,3795.031417,3693.351275,0.169269757,2,UndecidedProblem,18.24751323,-0.928266154,1.973252007,4.642395162,2.530241023,0.997954232,0.284665791,0.927091429636,10.0591041228,3.95087628791,4.36782636681,-0.416950078901,0.382868750623
HA5 2048-fold,1,6,45,,5.510712528,0.979166667,1.411829482,12238.32704,2,6.125942708,1.84543877,3047.659337,UndecidedProblem,1.510992194,UndecidedProblem,842463.3599,854701.6869,0.558956644,8.126560778,0,2.770878961,1.468500338,1.579445076,856470.081,11.5957387,0.509624889,0.018231567,1.209374241,851643.4157,3062.629964,3058.271273,0.414032902,2,UndecidedProblem,1.352612014,-1.748354041,2.151010866,1.029841041,3.106162127,0.999158614,0.542939373,0.573023615442,3.15776841645,4.0877220545,1.3711543276,2.7165677269,520.676200336
HA5 2048-fold,1,6,46,,10.85017486,0.861111111,8.009527919,9035.806469,2,5.977284738,0.903008383,1122.656904,8.67331688,1.962703925,8.349720766,560221.9009,569257.7074,0.712492525,8.986021018,0,2.510592967,0.838845499,2.94057968,571753.0568,10.50696102,0.177311222,0.012481287,0.738340959,568135.0505,1117.30744,1122.656904,0.381424367,2,0,44.06092151,-0.941748557,2.13937584,4.379640916,2.557499944,0.999018685,0.243733385,0.938590757499,10.1838738408,3.95596692053,4.42200340462,-0.466036484092,0.341950714805
HA5 2048-fold,1,6,47,,6.010929361,0.888888889,4.235026188,23527.68301,3,5.588545933,2.116406975,12361.82028,UndecidedProblem,1.23011529,UndecidedProblem,1108609.667,1132137.35,0.636219055,6.410035848,0,2.853441753,2.315380259,2.08582657,1134765.211,13.59260222,2.510107167,0.00277005,1.729048755,1118824.039,13332.32247,13313.3103,0.247787688,3,0,34.41505757,-1.718647875,1.952540539,1.395889797,2.848171226,0.998981447,0.306599229,0.400798414733,2.40917095896,4.37157916026,1.04610115456,3.3254780057,2115.81652963
HA5 undiluted,1,7,0,,4.845858389,0.854166667,3.188244758,22088.02886,1,5.651920777,0.627710087,3485.771221,3.571989109,UndecidedProblem,3.571989109,1088504.246,1110592.275,0.473536028,8.28224023,0,2.348204229,UndecidedProblem,3.005807083,1112212.803,11.76320846,1.845573139,0.035031266,0.542418162,1107024.874,3515.109635,3567.400819,0.24885003,1,0.947461272,25.39679398,-0.8309869,2.10723068,2.039452909,2.224832566,0.998380475,0.226000875,1.27761208704,6.19112724986,4.34415696108,2.68828799386,1.65586896722,45.2760954914
HA5 control,1,7,1,,3.178060528,0.951388889,2.144935338,13761.64742,1,6.538231757,0.554014312,3712.453535,UndecidedProblem,UndecidedProblem,UndecidedProblem,1265249.426,1279011.073,0.530244704,8.250604337,0,2.292213749,UndecidedProblem,2.507288574,1281892.268,11.76324325,1.177710472,0.01168733,0.478792433,1274811.599,4251.564145,4199.474191,0.147024688,1,0.98261342,25.3496759,-0.928675138,2.11570324,1.138546732,2.252359992,0.996870207,0.169489988,1.44739129576,4.59989714563,4.13867042682,1.99735004152,2.1413203853,138.45874324
HA5 undiluted,1,7,2,,4.678461722,0.902777778,1.910002754,20306.02354,UndecidedProblem,5.459839172,1.159157836,3503.02079,UndecidedProblem,1.87985822,10.92210169,873411.4469,893717.4704,UndecidedProblem,7.522396663,0,UndecidedProblem,0.811445133,2.157998818,893705.5708,11.93907487,1.677970417,0.009105752,0.710500647,888856.3854,5028.496698,4861.084973,0.255340394,3,UndecidedProblem,25.18583418,-0.914331733,2.043373316,1.755785174,2.535787279,0.998263995,0.180902158,0.975368569932,4.56322451927,4.30762488531,1.98142619161,2.3261986937,211.933052661
HA5 control,1,7,3,,3.345551667,0.9375,1.773439941,17243.61519,2,6.07655761,0.65612791,3274.944997,UndecidedProblem,1.619111831,7.1666818,1146492.288,1163735.903,0.766049607,8.335895948,0,2.486386536,0.823232047,2.693414855,1163609.622,11.63312157,0.845140528,0.012468808,0.627977425,1160134.268,3706.255415,3601.635118,0.247522369,2,UndecidedProblem,42.1387161,-0.94593569,2.124762856,1.018159249,2.39191002,0.998161755,0.173794111,1.10354285427,3.6919596357,4.23662832254,1.60310883009,2.63351949245,430.050535162
HA5 2-fold,1,7,4,,5.346070972,0.923611111,2.954041225,20092.2895,2,5.396314077,0.814296406,2963.390626,UndecidedProblem,1.630744597,9.134877531,826124.8753,846217.1648,0.88880333,8.074300016,0,2.574957315,0.709764013,1.920023245,846104.1743,11.71552213,0.677804139,0.023029192,0.557638789,843077.5575,3175.258332,3139.607309,0.260017701,2,UndecidedProblem,32.21689948,-0.800883666,2.064334648,2.38762745,2.338603008,0.998443578,0.258366866,1.24273994864,6.64377596515,4.30302942707,2.88483541691,1.41819401016,26.1935287702
HA5 control,1,7,5,,3.178060528,0.930555556,1.7839059,15963.78218,1,6.220811074,0.718786443,4142.166848,UndecidedProblem,UndecidedProblem,7.47057029,1174692.819,1190656.601,0.413077836,7.863372608,0,2.491396232,UndecidedProblem,3.592518981,1190361.262,12.00219547,1.009694444,0.006091247,0.649594524,1185543.605,5219.448975,5112.996579,0.188543132,1,0.91069911,30.06553627,-0.926673992,2.087181855,1.156414505,2.26891233,0.998110779,0.192109139,1.0668193379,3.3904164283,4.20313579336,1.47217387247,2.73096192089,538.222588882
HA5 2-fold,1,7,6,,5.346070972,0.881944444,3.632173989,24871.9099,1,5.002364407,0.778250435,5329.443068,UndecidedProblem,UndecidedProblem,9.202524294,772334.6647,797206.5746,0.653653302,6.963397923,0,2.501916655,UndecidedProblem,2.230313906,796502.8359,12.55968975,1.009694444,0.009185236,0.702457526,790818.364,6566.541329,6388.210602,0.240603622,1,0.939607454,3.805364094,-0.847616818,1.945974133,2.361985312,2.350819539,0.998980336,0.255540098,0.986536515519,5.27409422843,4.39570913578,2.29009736363,2.10561177215,127.529827472
HA5 control,1,7,7,,3.178060528,1.0,1.959911691,15112.64809,1,6.322832662,0.695088408,4554.708891,UndecidedProblem,UndecidedProblem,7.414564036,1194657.485,1209770.133,0.757766527,8.053158385,0,2.570833416,UndecidedProblem,3.238634197,1210474.653,12.11941148,0.177311222,0.028796472,0.596096937,1205215.425,4535.4096,4554.708891,0.18258223,1,0.874397742,22.90057859,-0.919680928,2.076086253,1.196140749,2.247930933,0.998446669,0.181280114,1.16256259173,3.6946942841,4.17934056957,1.60429625884,2.57504431074,375.875752651
HA5 4-fold,1,7,8,,5.510712528,0.861111111,3.121967992,14568.55021,1,5.716460476,0.931091665,3058.70915,UndecidedProblem,UndecidedProblem,10.41284936,751455.504,766024.0542,0.529720498,7.398938907,0,2.225312673,UndecidedProblem,2.035057323,765985.5979,11.82467768,1.845573139,0.02820625,0.572993735,761485.2666,4622.027547,4538.787606,0.171266592,1,1.058678492,31.50316038,-0.849711258,2.0397331,2.488427598,2.355890665,0.998732774,0.26090271,1.20943730737,6.66486132157,4.16341633508,2.89399102109,1.26942531399,18.5962473441
HA5 control,1,7,9,,5.178466667,0.923611111,1.62301442,109927.9796,UndecidedProblem,3.51437022,0.829441356,5550.536843,UndecidedProblem,1.683586975,7.915218299,1146215.066,1256143.045,UndecidedProblem,7.585178194,0,UndecidedProblem,0.946950157,3.341219498,1256461.102,12.43445451,1.009694444,0.008994997,0.791084818,1249601.612,6686.286514,6541.43363,0.546683924,2,0,41.74246886,-0.990968385,2.043823881,1.022680103,2.485575194,0.998492435,0.211171385,0.876012260925,4.53640029309,5.04110824601,1.96977867698,3.07132956903,1178.49995162
HA5 4-fold,1,7,10,,5.84629975,0.909722222,4.271805296,19275.94299,1,5.304889616,0.59535284,3073.667306,UndecidedProblem,UndecidedProblem,8.901434659,742709.2482,761985.1912,0.373814752,7.953658134,0,2.066639485,UndecidedProblem,2.610799216,761826.4906,11.8521177,0.177311222,0.026136123,0.540331939,758911.5239,3043.531401,3073.667306,0.249601269,1,1.096252657,17.6600569,-0.704837113,2.029239621,2.99935754,2.265559026,0.998006383,0.286721382,1.28254495058,7.49814222392,4.28501563317,3.25581512111,1.02920051206,10.6954857163
HA5 control,1,7,11,,3.678288528,0.986111111,1.985670748,24413.49551,1,5.687629198,0.682653658,4375.726579,UndecidedProblem,UndecidedProblem,7.433286331,1233865.534,1258279.03,0.770197308,8.167713574,0,2.706279097,UndecidedProblem,3.087181533,1259273.343,12.18488009,0.177311222,0.015902523,0.611794711,1253903.303,4291.482253,4375.726579,0.264033366,1,0.843063995,18.86776616,-0.953094756,2.076372853,1.12602067,2.281566467,0.998262924,0.170370653,1.13273290458,4.16651844822,4.3876299659,1.80916997317,2.57845999273,378.843633007
HA5 8-fold,1,7,12,,6.679198194,0.895833333,3.9449217,22315.15144,2,5.03295246,0.955063129,3655.888233,UndecidedProblem,1.881067558,11.22046722,708267.7364,730582.8879,0.403619706,7.642682187,0,2.261369237,0.663214116,1.913311582,730200.391,12.09955951,0.177311222,0.036555968,0.580113323,726926.9996,3606.274925,3655.888233,0.263469495,2,0,25.07160237,-0.761343893,1.992348903,3.202935435,2.415120717,0.998933539,0.20513375,1.19459418104,7.97893129657,4.34859983849,3.46458154432,0.884018294171,7.65628857494
HA5 control,1,7,13,,3.510059417,0.965277778,1.65239741,23109.65689,1,5.831782742,0.704124241,3697.802248,UndecidedProblem,UndecidedProblem,7.569882687,1293130.181,1316239.838,0.867997043,8.475538603,0,2.853637463,UndecidedProblem,3.648036653,1318108.861,11.95113772,0.177311222,0.017133227,0.65719746,1312542.035,3631.297508,3697.802248,0.300942844,1,0.810960542,16.53772255,-0.990123662,2.114082974,0.928846874,2.314187385,0.998377866,0.161994326,1.05447759947,3.70127902804,4.36379349754,1.60715546159,2.75663803595,571.002534504
HA5 8-fold,1,7,14,,6.179220528,0.909722222,4.4321258,15934.69776,1,5.534388927,0.63379425,2360.316013,UndecidedProblem,UndecidedProblem,9.629054708,722582.9969,738517.6947,0.532309771,8.289508649,0,2.175611263,UndecidedProblem,2.682889283,738447.3944,11.52477905,0.177311222,0.022416852,0.556695974,736157.3787,2358.557755,2360.316013,0.26679303,1,1.057154033,44.49719662,-0.755412721,2.069107085,3.012498114,2.299956221,0.998868431,0.292449173,1.24484464118,7.69216956095,4.20234383044,3.34006494179,0.862278888653,7.28247309241
HA5 control,1,7,15,,3.345551667,0.958333333,1.812582062,24323.55851,1,5.7371824,0.793933176,6404.996236,UndecidedProblem,UndecidedProblem,7.839049218,1273127.859,1297451.418,0.778713993,7.662267081,0,2.701664449,UndecidedProblem,3.507005919,1300006.256,12.65784496,0.177311222,0.014339005,0.716765625,1291046.422,6403.56776,6404.996236,0.240987822,1,0.873327967,30.60960164,-0.989381766,2.024599772,1.046877626,2.359439122,0.998705652,0.176128185,0.966843241122,3.23462401706,4.38602711206,1.40452627749,2.98150083456,958.298557824
HA5 16-fold,1,7,16,,6.679198194,0.895833333,4.085524024,19009.9563,2,5.26786998,1.013217526,3680.517103,UndecidedProblem,2.089587182,11.73190569,713423.1997,732433.156,0.607024233,7.636644815,0,2.438206844,0.842084901,2.275350623,732028.2456,12.42186314,0.177311222,0.019175133,0.744272981,728752.6389,3654.718176,3680.517103,0.305225364,2,0,18.75280498,-0.817041765,1.949797442,3.207041654,2.498312064,0.997071732,0.252068091,0.931109979391,6.21906809276,4.27898111851,2.7004203616,1.57856075691,37.8931541792
HA5 control,1,7,17,,3.510059417,0.909722222,1.945266915,20340.20325,1,6.049776949,0.633922241,3649.798815,UndecidedProblem,UndecidedProblem,7.276559987,1327131.386,1347471.589,0.76107088,8.528222198,0,2.643199817,UndecidedProblem,3.261556498,1347463.763,11.84281068,0.177311222,0.024767644,0.559312511,1343821.791,3608.278785,3649.798815,0.242059213,1,0.84241093,19.20087039,-0.939669277,2.130878494,1.100936338,2.226660416,0.998144066,0.188819913,1.23902109531,4.34903766346,4.30835528831,1.88842278048,2.41993250782,262.985926296
HA5 16-fold,1,7,18,,7.179124361,0.854166667,5.020005205,22300.07603,1,4.96775839,0.728886124,2859.081927,UndecidedProblem,UndecidedProblem,10.75842558,675531.5216,697831.5976,0.552666316,7.233039974,0,2.421200579,UndecidedProblem,2.343886311,697326.0585,11.85696822,2.010097222,0.029317397,0.643779434,693192.9793,4703.046492,4638.618315,0.254148999,1,0.962033933,-7.320873893,-0.80059395,2.021073395,10.54440294,2.329277116,0.998573649,0.279018085,1.07645563589,7.72800887916,4.34830634374,3.35562695578,0.992679387957,9.83284940909
HA5 control,1,7,19,,3.510059417,0.875,1.827456193,22442.37737,2,5.930476163,0.787343068,5740.336009,UndecidedProblem,1.572980213,8.137856922,1346294.834,1368737.211,0.373188709,7.659689509,0,2.412730433,0.713493705,2.707475324,1373737.24,12.4667463,1.177710472,0.029861178,0.61021583,1361968.223,6843.798625,6768.988476,0.186564002,2,0,26.12582353,-0.905570668,2.054964647,1.333159575,2.453893962,0.997701326,0.196682832,1.13566375359,3.98624725285,4.35106886078,1.7308932926,2.62017556819,417.037941444
HA5 32-fold,1,7,20,,7.510941583,0.819444444,6.052184295,12546.1033,2,5.767467673,0.5851842,2250.977728,UndecidedProblem,1.357180204,12.89779187,670876.9553,683423.0586,0.737819199,7.823590621,0,2.388309023,1.105183789,2.342993117,683176.4959,11.42420124,2.678047194,0.047970875,0.517913241,680406.2054,3034.517634,3016.853194,0.18819013,2,0.8376241,13.725882,-0.780937138,2.072060229,3.638791035,2.606759246,0.999196497,0.252094756,1.33806194772,10.0501051237,4.09850885904,4.36391885529,-0.265409996249,0.542737717342
HA5 control,1,7,21,,3.845753861,0.840277778,2.180549726,30220.2435,2,5.410156968,0.660986883,5209.769421,UndecidedProblem,1.299310511,8.168083589,1254822.247,1285042.491,0.768788382,7.946380827,0,2.486621407,0.900399807,3.148775072,1288863.074,12.29706995,0.177311222,0.031996965,0.624676475,1279832.721,5183.060411,5209.769421,0.275268276,2,0,24.70251088,-0.869597081,2.075854067,1.384609412,2.486760764,0.998337811,0.236201805,1.10937425649,4.26638033019,4.48029795935,1.85253162405,2.6277663353,424.391166117
HA5 32-fold,1,7,22,,7.346503806,0.777777778,6.133869578,17007.49959,2,5.359634156,0.707777381,5164.112655,UndecidedProblem,1.202858615,12.8816846,681307.0904,698314.59,0.621908843,7.055909463,0,2.348252328,1.251973684,2.467370518,697757.9054,12.38937519,2.845433861,0.026222838,0.666108454,693066.3859,5184.752238,5248.204158,0.199088605,2,0.844367945,27.79557635,-0.748784761,1.946620957,3.796029608,2.639380067,0.999530452,0.288616837,1.04037112251,7.64309041116,4.23064046916,3.31875397792,0.91188649124,8.16368974356
HA5 control,1,7,23,,3.678288528,0.819444444,2.03511795,30291.31948,2,5.479026972,0.608109401,4606.228407,UndecidedProblem,1.79641483,8.085109697,1320753.191,1351044.51,0.875338268,8.130456874,0,2.747410214,0.825775828,2.065383389,1350837.191,12.19270754,0.509624889,0.048415887,0.54337716,1346223.276,4910.062917,4821.234545,0.251195926,2,0,34.69344603,-0.96208148,2.098012706,1.04082428,2.435968359,0.998129164,0.220198748,1.2753572491,4.69113193846,4.48131819147,2.03696567019,2.44435252128,278.197050546
HA5 64-fold,1,7,24,,8.679149306,0.819444444,7.049564356,35238.49035,1,4.232733156,1.038851736,11608.6275,UndecidedProblem,UndecidedProblem,13.06170838,627278.3745,662516.8649,0.357500112,5.502177632,0,2.596113859,UndecidedProblem,1.552475728,661863.7347,13.79506449,4.010306667,0.052642174,0.907991805,647899.2529,14310.18584,14617.61197,0.202901118,1,1.240133683,23.07558985,-0.81113009,1.712943936,4.21369546,3.041289417,0.998546494,0.416583455,0.763222747368,6.62412417814,4.54701729456,2.87630229186,1.6707150027,46.850583341
HA5 control,1,7,25,,3.510059417,0.902777778,2.055206809,23095.9206,2,5.960263323,0.658423696,4972.010276,UndecidedProblem,1.746455163,8.327715161,1414885.65,1437981.57,0.766621801,8.176000192,0,2.61766122,0.846922336,2.428173371,1442458.61,12.23622503,0.177311222,0.013675421,0.628591428,1433009.56,4955.159517,4972.010276,0.243160253,2,0,22.22776617,-0.984825314,2.093999887,1.056792238,2.458339063,0.997760833,0.214424379,1.10246492257,3.86971738339,4.36353527784,1.68029413087,2.68324114697,482.215478957
HA5 64-fold,1,7,26,,8.179155333,0.895833333,6.571584424,13994.96975,1,5.511403867,0.600764125,2202.157075,UndecidedProblem,UndecidedProblem,11.42983071,624371.1747,638366.1445,0.331362363,7.456270047,0,2.910974651,UndecidedProblem,2.588034785,638365.7999,11.43185558,2.178148639,0.037335495,0.547567496,634731.1069,3685.793304,3635.03759,0.188198881,1,0.947687241,28.77588307,-0.739019209,2.053340279,4.057383522,2.263922742,0.998377759,0.264341873,1.26559740135,10.3515177347,4.14597196408,4.4947971058,-0.348825141723,0.447893601515
HA5 control,1,7,27,,3.845753861,0.833333333,1.886005658,29654.53276,1,5.587742695,0.667522763,3852.894549,UndecidedProblem,UndecidedProblem,7.611831419,1396508.73,1426163.262,0.340837595,8.196440046,0,2.41362228,UndecidedProblem,3.857611224,1427652.76,11.88944932,1.345317167,0.008657355,0.602135088,1421301.486,4962.684429,4861.775866,0.27299987,1,0.940045692,23.35146004,-0.932374748,2.134205278,1.163023548,2.268915227,0.996954316,0.188242036,1.15090452925,4.42609553701,4.47209108563,1.92188256058,2.55020852506,354.983792612
HA5 128-fold,1,7,28,,9.179088833,0.888888889,6.260050887,24025.10934,2,4.630623375,0.813946597,1993.265714,UndecidedProblem,1.574243975,12.89362214,571118.682,595143.7914,0.501266079,8.221960424,0,2.462618289,1.064672471,2.775727384,594914.2876,11.63913812,0.177311222,0.028546612,0.691624538,593150.5256,2005.500383,1993.265714,0.424631249,2,UndecidedProblem,-7.546067718,-0.838962164,2.020361404,11.43673007,2.514296721,0.99761587,0.254855641,1.00198874089,9.19734366231,4.38066537285,3.99363598016,0.387029392692,2.43797581298
HA5 control,1,7,29,,3.00994825,0.895833333,1.771683101,11651.90892,1,6.97663348,0.602298366,2836.638292,UndecidedProblem,UndecidedProblem,7.261520253,1455830.918,1467482.827,0.964633051,9.014945705,0,2.775801474,UndecidedProblem,2.945231475,1469616.778,11.45818324,0.177311222,0.051693028,0.538964082,1464646.188,2816.447983,2836.638292,0.193836979,1,0.799646625,32.07521668,-1.036077323,2.190632214,0.791129202,2.21966028,0.997738118,0.217251741,1.28579996913,3.87019136695,4.0663970812,1.68049994223,2.38589713897,243.162801885
HA5 128-fold,1,7,30,,8.346460917,0.777777778,6.568674237,6788.515395,1,6.230650235,0.715585127,1179.210123,9.836268256,UndecidedProblem,9.836268256,502996.9163,509785.4317,0.511505205,7.580196001,0,2.398866007,UndecidedProblem,3.910000159,509644.1728,10.76949055,5.346070972,0.010763542,0.634475115,507121.5125,2586.160183,2663.919219,0.153141916,1,0.9523145,52.87404393,-0.757595218,2.092052029,4.29638646,2.284474883,0.993729197,0.283171456,1.09224141911,9.11635031656,3.83177480723,3.95846735413,-0.126692546898,0.746977384147
HA5 control,1,7,31,,3.678288528,0.826388889,2.284014489,22370.12142,1,6.03017537,0.607160432,4490.667567,UndecidedProblem,UndecidedProblem,7.46625453,1439578.153,1461948.274,0.483547922,8.218792241,0,2.299534934,UndecidedProblem,3.423944293,1461949.959,12.01391232,1.345317167,0.012328343,0.557904511,1457041.128,4918.480413,4907.146393,0.214366901,1,0.973942372,25.32919415,-0.932840606,2.123870508,1.239755599,2.239614508,0.996302039,0.190579196,1.24214804924,4.56897891959,4.34966834136,1.98392484568,2.36574349568,232.136533958
HA5 256-fold,1,7,32,,9.515039361,0.875,7.260606153,13059.75668,1,5.444939091,0.620122382,1060.802318,UndecidedProblem,UndecidedProblem,12.79108397,555826.0214,568885.7781,0.305224419,7.879911796,0,2.557179101,UndecidedProblem,2.746882708,568951.3641,10.87845583,2.178148639,0.022234151,0.557349911,566470.6773,2518.25982,2415.100807,0.237181872,1,0.980789017,-8.097701624,-0.878697607,2.110907712,12.07452606,2.321692471,0.993746008,0.307441598,1.24338406865,11.830848354,4.11593508555,5.1371464846,-1.02121139905,0.0952332489732
HA5 control,1,7,33,,2.678047194,0.854166667,1.856814574,5327.546994,1,8.204869384,0.517812452,1791.430284,UndecidedProblem,UndecidedProblem,6.923712689,1566623.743,1571951.29,0.528075552,9.396985002,0,2.359642108,UndecidedProblem,4.331092114,1580130.124,10.71165314,1.177710472,0.004564899,0.470434792,1569619.632,2413.875229,2331.657357,0.103467117,1,0.903556291,25.87910539,-0.906099447,2.269913378,1.068310995,2.132069472,0.995541638,0.198591563,1.47310533104,3.94504559825,3.72652728929,1.71300286507,2.01352442422,103.163109556
HA5 256-fold,1,7,34,,0.677804139,0.909722222,6.349460459,1304.573171,2,8.860541094,0.76218644,781.6505161,UndecidedProblem,1.109070237,14.73405743,605092.4912,606397.0644,0.447491151,9.599523346,0,2.73203018,1.096132611,2.771263882,606108.8165,11.29964521,0.177311222,0.065940422,0.570375429,605615.4138,753.5482629,781.6505161,0.080042906,2,0,-7.277190447,-0.885835867,2.07522886,11.27472814,2.456142276,0.990147483,0.234338086,1.21498922423,0.823524725023,3.11546844286,0.357587809389,2.75788063347,572.638618721
HA5 control,1,7,35,,3.178060528,0.9375,0.00754705,12843.57323,UndecidedProblem,6.932419675,0.934356908,1003.644416,UndecidedProblem,2.643907015,7.123461372,1555900.618,1568744.192,UndecidedProblem,10.61014618,0,UndecidedProblem,0.572815528,2.832014962,1569916.743,9.975779446,0.177311222,0.01360432,0.486412006,1567740.547,951.2135061,1003.644416,0.309563163,2,0,0.708568608,-1.10298303,2.352619636,0.734820823,2.187384214,0.997201203,0.210559711,1.4247181226,4.52784042897,4.10868586627,1.96606184497,2.1426240213,138.874983803
HA5 512-fold,1,7,36,,9.515039361,0.840277778,7.606255874,6524.556195,2,6.371165771,0.785980926,1208.422684,UndecidedProblem,1.500830765,15.30822274,533561.5193,540086.0755,0.759699343,8.750265312,0,2.380162988,1.057301481,4.361843785,539544.5208,10.46919175,3.845753861,0.039370801,0.681773146,538831.8643,1199.125416,1254.211133,0.281586204,2,0,35.53089893,-0.855051607,2.149175595,4.357855679,2.630556904,0.999066349,0.310941014,1.01646714023,9.67172484845,3.81455097599,4.19961999498,-0.385069018992,0.412032032897
HA5 control,1,7,37,,4.178394028,0.875,2.079223597,40916.74251,2,5.293952643,0.675610315,4709.080905,UndecidedProblem,1.656784131,10.44005266,1564321.85,1605238.593,0.627113664,8.27296136,0,2.540970559,1.092338694,2.670875901,1612965.969,12.11335682,1.009694444,0.016340905,0.627709262,1600049.038,5208.642934,5189.554415,0.323152478,2,UndecidedProblem,35.00156149,-1.037574078,2.123834899,0.974191862,2.280874594,0.996824482,0.2061401,1.10401429763,4.61300674803,4.61190105108,2.00304244378,2.6088586073,406.311025472
HA5 512-fold,1,7,38,,10.85017486,0.958333333,7.545354867,31065.67371,1,4.234364641,0.810528112,1852.088456,UndecidedProblem,UndecidedProblem,14.23079755,553659.1692,584724.8429,1.245788816,8.058621652,0,2.887892896,UndecidedProblem,2.336731758,584724.4229,11.46327536,0.677804139,0.033517183,0.745931616,582531.7112,2300.368358,2193.131663,0.485358066,1,0.956965047,-7.340231314,-0.985619961,2.055252615,11.08704524,2.378162526,0.996152028,0.26396399,0.929039586385,10.0802419641,4.49228077644,4.37700476081,0.115276015632,1.30399526866
HA5 control,1,7,39,,4.345784972,0.944444444,2.107621438,58503.71551,1,4.824016456,0.80144395,8466.571318,UndecidedProblem,UndecidedProblem,8.105448064,1598628.275,1657131.991,0.61815908,7.612675541,0,2.5544521,UndecidedProblem,2.791213066,1658186.12,12.95221307,0.344954222,0.007284208,0.748542665,1648665.305,8478.441768,8466.685272,0.359351429,1,0.936518468,22.45838015,-1.137902636,2.02897755,0.829452916,2.392291568,0.997293624,0.21185159,0.925798932249,4.02332308686,4.76718344855,1.74699222182,3.02019122672,1047.58971682
HA5 1024-fold,1,7,40,,10.85017486,0.784722222,8.924106333,11562.68154,1,5.274368591,0.874910329,2856.361435,9.050729905,UndecidedProblem,9.050729905,435946.2613,447508.9428,0.631489229,7.283924255,0,2.119597694,UndecidedProblem,2.087271063,447506.5116,11.54632654,7.010943389,0.03166511,0.613348016,444637.3555,2842.871896,2871.58735,0.216297772,1,1.142326144,39.15729389,-0.779124315,1.971338094,5.230515404,2.421271861,0.99928699,0.334026329,1.12986425638,12.2592247498,4.06305856445,5.32315447233,-1.26009590789,0.0549419528807
HA5 control,1,7,41,,4.345784972,0.923611111,1.846630317,48887.10129,1,5.068486808,0.758721326,5054.98076,UndecidedProblem,UndecidedProblem,8.154646946,1591554.782,1640441.883,0.678114404,8.342163167,0,2.615549087,UndecidedProblem,3.179640574,1638986.564,12.24957512,0.177311222,0.018909257,0.673291174,1635386.902,5008.150746,5054.98076,0.378569664,1,0.90608849,26.34115284,-1.139831661,2.11425127,0.740864407,3.025215956,0.997070061,0.694854404,1.02927236649,4.47299638239,4.68919428699,1.9422476693,2.74694661769,558.401553301
HA5 1024-fold,1,7,42,,14.19130053,0.75,8.471957219,110806.4313,5,2.205938157,0.779665946,877.4362622,UndecidedProblem,1.778905208,15.41114972,400426.1473,511232.5786,-0.333649248,8.381504708,0,2.936629181,0.952780343,2.227233089,510398.5148,10.00753806,3.345551667,0.037887467,0.696064,509699.6067,1540.308976,1532.971906,0.727769037,5,UndecidedProblem,29.61979931,-0.847573654,2.200212551,4.843167454,2.401092816,0.998062894,0.201681576,0.995598105921,14.1288319282,5.04456496795,6.13496827105,-1.0904033031,0.081207603984
HA5 control,1,7,43,,5.010367222,0.916666667,2.652575033,95783.58706,2,4.206812217,0.860959308,14385.48086,UndecidedProblem,0.551421852,8.779427746,1672971.74,1768755.327,0.614555305,6.910213193,0,2.568028741,1.212437666,2.034049863,1774877.582,13.75164553,0.677804139,0.011407933,0.807829922,1754049.606,14775.58272,14705.72069,0.375235214,2,UndecidedProblem,49.88588325,-1.168715219,1.932524544,1.026483735,2.576889692,0.997015536,0.259654795,0.85785383919,4.29816275714,4.98129109718,1.86633206997,3.11495902721,1303.04383915
HA5 2048-fold,1,7,44,,10.01507008,0.756944444,6.929274625,9440.474899,4,5.707813254,1.473498112,3420.310341,UndecidedProblem,1.334947061,UndecidedProblem,483979.6298,493420.1047,0.67657472,6.43379949,0,2.594012839,0.899529842,1.472106513,491612.1392,12.1127707,5.510712528,0.004463732,0.814243734,487712.5483,5697.182862,5707.556356,0.108564572,4,UndecidedProblem,22.41317346,-1.00732347,1.923506914,4.257130524,2.744417115,0.997499854,0.285287799,0.851096509636,8.52379118884,3.97499384184,3.7011685579,0.273825283944,1.87856092236
HA5 control,1,7,45,,3.345551667,0.958333333,1.949702153,19604.05182,2,6.436163947,0.729997608,5281.479751,UndecidedProblem,0.875579733,UndecidedProblem,1677952.483,1697556.535,0.375885603,8.145737028,0,2.363617009,0.94863672,3.318975883,1701170.243,12.25025528,1.009694444,0.023820183,0.671368072,1691562.586,6097.377277,5993.949292,0.202080942,2,UndecidedProblem,26.27132631,-1.083322792,2.111244819,0.888088096,2.488060144,0.996655861,0.160807906,1.03222066837,3.45334757777,4.29234584183,1.49949959955,2.79284624227,620.649260511
HA5 2048-fold,1,7,46,,10.35042817,0.909722222,7.363006701,12118.54866,2,5.630666579,1.075580881,1863.155146,UndecidedProblem,1.881961814,UndecidedProblem,588294.5339,600413.0826,0.141490882,7.733327234,0,2.893364489,0.884563591,1.967885602,601647.5075,11.23325318,1.845573139,0.017391339,0.743415334,597591.5395,2906.966422,2821.543063,0.271719407,2,0,-8.965572992,-1.096467948,2.079545997,12.58720559,2.598308946,0.998644824,0.268735536,0.932184161808,9.64850520801,4.08345061103,4.18953765002,-0.106087038997,0.783272647684
HA5 control,1,7,47,,3.00994825,0.75,1.854159326,16935.93156,1,5.992859403,0.811116264,6311.543501,UndecidedProblem,UndecidedProblem,7.942172675,1061612.198,1078548.129,0.822014615,7.416881979,0,2.658505359,UndecidedProblem,3.497155486,1082909.066,12.60641824,0.177311222,0.021956257,0.664010972,1072236.586,6270.355925,6311.543501,0.168158899,1,0.860543706,24.1376564,-0.961785762,2.034104369,1.185155657,2.287760053,0.997355577,0.246778107,1.0436574533,3.14135492516,4.22880908998,1.36402732312,2.86478176686,732.456381038
HA5 undiluted,1,8,0,,4.845858389,0.916666667,3.507402537,22492.51648,1,5.601895771,0.729106049,6286.689973,UndecidedProblem,UndecidedProblem,8.707169912,1069894.946,1092387.462,0.843589201,7.433549196,0,2.46147828,UndecidedProblem,3.307348058,1093230.703,12.60962754,0.509624889,0.01885155,0.663115903,1086068.359,6338.681761,6319.102861,0.213287161,1,0.9412611,24.56773956,-0.842821733,1.992786228,2.205507714,3.119850609,0.99796197,1.644205144,1.0450661745,5.06424268877,4.35203804735,2.19897641718,2.15306163017,142.253064229
HA5 undiluted,1,8,1,x,4.345784972,0.951388889,2.77349075,15503.20858,2,6.014287925,0.899606712,5323.820881,UndecidedProblem,1.905339798,UndecidedProblem,986577.3996,1002080.608,1.582173839,7.556320817,0,3.083022443,0.638822519,2.171066984,1002137.369,12.33135619,0.177311222,0.021490464,0.57933657,996756.7873,5271.328542,5323.820881,0.159380315,2,0,22.3504301,-0.880850931,2.001522301,1.992314251,2.430775733,0.997595796,0.157164085,1.19619584864,5.19840994259,4.19042159007,2.25723401763,1.93318757244,85.7408081111
HA5 undiluted,1,8,2,,4.678461722,0.902777778,2.629148192,20689.60194,UndecidedProblem,5.440333846,0.883363093,4411.905592,UndecidedProblem,1.904080096,8.811958785,877681.5739,898371.1759,UndecidedProblem,7.258906649,0,UndecidedProblem,1.053209468,2.057068381,897617.966,12.20914401,2.010097222,0.00936868,0.787493038,892505.6471,5898.736658,5865.52881,0.249752012,3,UndecidedProblem,23.5759551,-0.880047253,2.006678017,1.946066912,2.397422042,0.998105574,0.178710125,0.880007779828,4.11708271299,4.31575213509,1.78770417411,2.52804796097,337.324558777
HA5 undiluted,1,8,3,,4.678461722,0.895833333,2.393950707,21476.01548,2,5.35779017,0.902015147,3943.155755,UndecidedProblem,2.133792716,10.02132525,859185.9904,880662.0059,0.483978597,7.287597459,0,2.396210121,1.005728281,2.356741195,880542.2574,12.10254349,1.677970417,0.007689722,0.742530296,875025.32,5738.147414,5636.68582,0.249890646,2,UndecidedProblem,26.12377655,-0.90035106,2.022975641,1.846021345,2.437504214,0.998467256,0.193122591,0.933295252373,4.36638611355,4.33195370833,1.89595575925,2.43599794908,272.896489548
HA5 2-fold,1,8,4,,5.346070972,0.854166667,3.087790016,22663.37268,UndecidedProblem,5.118467711,0.802830838,3188.166993,UndecidedProblem,1.377477097,12.67815761,764630.4671,787293.8397,UndecidedProblem,7.356382267,0,UndecidedProblem,1.3418584,2.408330329,786781.8836,11.8611565,1.677970417,0.009605296,0.708069169,782489.3737,4961.557951,4804.466078,0.275315035,3,UndecidedProblem,30.40315963,-0.898976514,2.039530029,2.059521755,2.33277336,0.998646488,0.256101672,0.978717942173,5.23229558043,4.35532454045,2.27194771187,2.08337682858,121.164900103
HA5 2-fold,1,8,5,,5.010367222,0.854166667,3.281259127,14605.28694,UndecidedProblem,5.723552075,0.713151064,2761.494483,UndecidedProblem,1.633547847,UndecidedProblem,757134.6051,771739.8921,UndecidedProblem,7.50289121,0,UndecidedProblem,0.909773541,2.107312893,770339.2942,11.67152844,2.178148639,0.033841913,0.582512563,767485.1264,4293.724178,4254.765622,0.18342808,5,UndecidedProblem,16.83953472,-0.835727656,2.060065308,2.244334955,2.442433926,0.998401666,0.212433566,1.18967391266,5.96070317688,4.16451009368,2.58823411936,1.57627597432,37.6943253127
HA5 2-fold,1,8,6,,5.010367222,0.875,2.482544431,16973.74342,UndecidedProblem,5.521687482,1.07584054,3054.78059,UndecidedProblem,1.833000212,11.04271633,762804.6404,779778.3838,UndecidedProblem,7.464381713,0,UndecidedProblem,0.896018125,1.885748568,778126.6235,11.81809114,2.345529417,0.028308942,0.669190355,775363.0007,4410.254535,4415.383164,0.227609527,3,UndecidedProblem,31.56641746,-0.853570825,2.044035948,2.165758051,2.382115276,0.998683201,0.215499071,1.03557977909,5.18863498092,4.22977763297,2.25298957052,1.97678806245,94.7955743969
HA5 2-fold,1,8,7,,5.178466667,0.9375,4.228287994,26524.96948,3,4.941007777,0.75959623,11283.79801,UndecidedProblem,1.270550159,8.836874771,788266.442,814791.4115,0.816386109,6.174106122,0,2.581746276,1.012403834,1.396829669,814131.2187,13.53601064,0.177311222,0.024735892,0.717335547,803507.6135,11178.60351,11283.79801,0.157898889,3,UndecidedProblem,24.27975166,-0.807050559,1.799738133,2.670312718,2.598425097,0.998999064,0.246813,0.966075085639,5.0027876288,4.42365489287,2.17229163213,2.25136326074,178.38702418
HA5 4-fold,1,8,8,,5.678955056,0.805555556,4.187889594,22331.0259,1,5.094640108,0.937075849,7445.688639,UndecidedProblem,UndecidedProblem,10.40913901,740710.4848,763041.5107,0.521026117,6.455410068,0,2.401069974,UndecidedProblem,3.001862513,762737.8712,13.00251036,2.510107167,0.034421264,0.853393654,754346.3803,8709.46419,8695.130415,0.204347419,1,0.991360512,13.93067564,-0.819145424,1.875283373,2.794757349,2.380325959,0.999384836,0.234713799,0.812051972442,4.61160665463,4.34890867526,2.00243450049,2.34647417477,222.061963086
HA5 4-fold,1,8,9,,5.510712528,0.875,3.349231138,14714.62625,1,5.768632414,0.697432433,1731.532306,UndecidedProblem,1.510812355,10.42654384,787481.6209,802196.2471,1.05539895,8.03857946,0,2.892080715,0.956859136,2.235707064,801305.9779,11.15303256,1.677970417,0.043890352,0.616311142,799145.3533,3122.047567,3050.89377,0.244199716,2,1.247784627,-9.578253816,-0.892556495,2.133125295,11.81138294,2.298035793,0.997661096,0.275902065,1.12443204864,6.19642177734,4.16774923554,2.69058696367,1.47716227187,30.0028334981
HA5 4-fold,1,8,10,,5.84629975,0.868055556,4.221576453,24296.82502,1,5.012723377,0.728853826,5121.013102,UndecidedProblem,UndecidedProblem,9.432843919,760088.7933,784385.6183,0.459672545,7.258903656,0,2.170936411,UndecidedProblem,2.329870053,784156.2121,12.55778152,0.344954222,0.022728983,0.641067939,779264.2986,5129.594488,5121.319682,0.251066458,1,1.07892508,33.61300833,-0.747984565,1.941507224,2.930581136,2.34227774,0.998509105,0.328757201,1.08100866982,6.31990071609,4.38554952601,2.74420352414,1.64134600187,43.7870817364
HA5 4-fold,1,8,11,,5.510712528,0.9375,4.19734749,17060.03049,2,5.625489966,0.538174343,3059.743957,UndecidedProblem,1.256806543,10.4083363,825151.19,842211.2205,0.900144481,8.104627354,0,2.508208783,0.94768714,1.703380829,841816.7157,11.82241705,0.177311222,0.072616762,0.52077867,839151.4766,3044.259222,3059.743957,0.226109061,2,0,15.33411904,-0.830608692,2.053795008,2.501011174,3.138458271,0.998790521,7.214169717,1.33069966172,7.33310329685,4.23197980301,3.1841525388,1.04782726422,11.1641911622
HA5 8-fold,1,8,12,,6.179220528,0.881944444,4.735422621,17608.15524,1,5.378689652,0.694118187,4219.8489,UndecidedProblem,UndecidedProblem,9.854934901,714981.4987,732589.654,0.519771384,7.439670175,0,2.308482199,UndecidedProblem,2.225652767,731671.2356,12.26921203,0.177311222,0.023165414,0.624064572,728369.8051,4252.868825,4219.8489,0.225288122,1,1.007041156,21.64117347,-0.765471244,1.970707969,3.113181801,2.324736581,0.999065452,0.294409414,1.11046201161,6.86178965773,4.24571385846,2.9795005027,1.26621335576,18.459220422
HA5 8-fold,1,8,13,,5.84629975,0.9375,4.615284104,13253.71686,1,5.917765277,0.669791359,3716.32252,UndecidedProblem,UndecidedProblem,9.734885818,787986.1389,801239.8558,0.828574488,7.752214665,0,2.529656671,UndecidedProblem,2.272960091,800986.8483,11.99120078,0.177311222,0.071075858,0.585848293,797523.5333,3698.96185,3716.32252,0.18983567,1,0.917033056,15.01091869,-0.84005737,2.025810887,2.786334188,2.319778789,0.999188967,0.316444209,1.18290009253,6.91558851525,4.12233768849,3.00286084032,1.11947684818,13.1666972045
HA5 8-fold,1,8,14,,6.179220528,0.9375,4.792380201,19065.80457,2,5.290102689,0.695088001,4741.682334,UndecidedProblem,1.98268652,11.06979216,726927.1514,745992.956,0.755637384,7.297619184,0,2.485417801,0.988661169,2.182001891,745789.4838,12.37924153,0.177311222,0.020639015,0.608668881,741251.2737,4734.149999,4741.682334,0.214513353,2,0,26.4672832,-0.777787365,1.959096821,3.071048904,2.493154783,0.999309144,0.231661211,1.13855007481,7.03535199445,4.28025513707,3.05486408791,1.22539104916,16.8031633425
HA5 8-fold,1,8,15,,6.511028222,0.972222222,4.325394594,25595.95471,2,5.035968388,0.768475339,3599.01179,UndecidedProblem,2.286600509,11.12882274,814151.8457,839747.8004,0.77797835,7.866211473,0,2.554660284,0.987324915,2.326974915,839310.8264,12.10180281,0.177311222,0.037989335,0.648281618,836148.7886,3554.375507,3599.01179,0.317258688,2,0,19.57625237,-0.839678885,2.018720533,2.803467724,2.540620666,0.999031585,0.254280535,1.06897987041,6.960158105,4.40817133305,3.02221367998,1.38595765307,24.319668627
HA5 16-fold,1,8,16,,6.679198194,0.888888889,5.024220223,16322.93625,1,5.455802702,0.712700333,3227.519713,UndecidedProblem,UndecidedProblem,10.52756448,700081.9648,716404.901,0.553551861,7.794205489,0,2.241625212,UndecidedProblem,2.677082204,715976.2005,11.87790011,0.177311222,0.035453988,0.641279876,713177.3813,3169.252619,3227.519713,0.261060745,1,1.036293048,24.61692235,-0.751816147,2.019907085,3.365034058,2.322980623,0.999263154,0.304805743,1.08065140656,7.21788492306,4.21279828447,3.13412284979,1.07867543468,11.9860320512
HA5 16-fold,1,8,17,,6.010929361,0.916666667,4.614393454,13809.39417,3,5.869436075,0.852015048,4394.488291,UndecidedProblem,1.888490489,12.04220208,793520.33,807329.7242,0.329960776,7.309297725,0,2.172723466,1.105356182,2.23906538,807668.8887,12.45035536,3.678288528,0.017695412,0.764277442,802239.5449,4969.276582,5090.179296,0.194151595,3,UndecidedProblem,23.95490369,-0.842034021,1.967382943,3.080573318,2.508609788,0.997861466,0.251400072,0.906738786096,5.4503427921,4.14017462612,2.36662735219,1.77354727393,59.3672967309
HA5 16-fold,1,8,18,,6.846513861,0.826388889,5.325606788,18694.03189,2,5.284605246,0.591921472,3171.080655,UndecidedProblem,0.872461434,11.57696491,709970.572,728664.6039,0.453148456,7.348809803,0,2.434981132,0.982339272,2.076780374,728114.7214,12.04229269,3.510059417,0.018028429,0.541419472,724194.5219,4432.24974,4470.082004,0.19702613,2,0,27.05641198,-0.71734823,1.999267103,3.520651308,2.366730202,0.998107007,0.278487791,1.27996874113,8.7633237278,4.27170297921,3.80517747625,0.466525502963,2.92769278847
HA5 16-fold,1,8,19,,6.511028222,0.854166667,5.251157687,14179.0072,1,5.84363838,0.626824413,3524.826775,UndecidedProblem,UndecidedProblem,10.12965217,800068.1655,814247.1727,0.612815694,7.424374891,0,2.354372083,UndecidedProblem,2.515239861,813599.07,11.98555677,3.178060528,0.041892644,0.56945229,809506.9721,4655.720742,4740.200566,0.160523314,1,0.974233502,28.53281256,-0.78633286,2.028603828,3.249964595,2.29370816,0.998543604,0.289485618,1.21695884303,7.92365337199,4.15164582304,3.44057897177,0.711066851272,5.14122784793
HA5 32-fold,1,8,20,,7.846507194,0.847222222,5.811334582,26339.70218,1,4.704251996,0.727364097,3755.670968,UndecidedProblem,UndecidedProblem,11.25163006,660304.5963,686644.2985,0.673371988,7.259769037,0,2.364863832,UndecidedProblem,2.6536088,686351.3668,12.07535894,3.345551667,0.028135477,0.644257104,682163.8285,4396.78815,4480.47003,0.285677335,1,0.987691499,32.89614849,-0.743498311,1.986288894,3.755477629,2.335755903,0.999327179,0.292009421,1.07565752197,8.44015448442,4.42061086014,3.6648521426,0.755758717532,5.69847592147
HA5 32-fold,1,8,21,,7.846507194,0.861111111,4.939886912,36088.66516,1,4.446990562,0.758096868,2500.112152,UndecidedProblem,0.972740664,18.62665535,751044.7846,787133.4497,0.648462589,7.727645527,0,2.94276085,2.132354318,2.456986394,786964.2964,11.58612173,2.010097222,0.033003765,0.667869501,783419.8485,3794.949343,3713.601247,0.376414453,3,0,-8.391102522,-0.948170877,2.084179997,11.14855296,2.412359163,0.998689315,0.322722788,1.03762785838,8.14175445547,4.55737081876,3.53528200411,1.02208881465,10.5217702548
HA5 32-fold,1,8,22,,6.511028222,0.868055556,5.323878318,7985.663983,1,6.448112434,0.718384608,2515.364864,UndecidedProblem,UndecidedProblem,11.14303581,689260.7515,697246.4155,0.742641779,7.664919493,0,2.424060828,UndecidedProblem,3.435150529,696491.3321,11.54583871,1.845573139,0.04056978,0.626788217,693810.7126,3463.065049,3435.702955,0.137408754,1,0.958419555,16.11360582,-0.790054202,2.059638821,3.400752854,2.323267299,0.999109043,0.270091306,1.10563661091,7.19883117689,3.9023110322,3.12584940377,0.776461628432,5.97670235919
HA5 32-fold,1,8,23,,7.846507194,0.875,3.105912344,40218.81057,3,4.381973263,1.29889604,3890.873141,UndecidedProblem,1.904559424,11.46839079,798342.1017,838560.9123,0.52390814,7.379857694,0,2.650456212,0.836237035,1.930971294,838182.6302,12.08367074,2.510107167,0.024298266,0.763665444,833526.1834,5026.035016,5034.728838,0.392606742,3,UndecidedProblem,-9.01852575,-0.946407864,2.032054021,11.86182361,2.613777856,0.999405802,0.219668103,0.90746544242,7.12043412225,4.60442922264,3.09180812951,1.51262109313,32.5552543762
HA5 64-fold,1,8,24,,8.346460917,0.8125,6.569792333,30866.9308,2,4.323295087,1.02562788,9295.226361,UndecidedProblem,1.542270043,13.41683185,587056.9074,617923.8382,0.35085797,5.687737084,0,2.62965991,1.192946623,1.725439778,617927.0088,13.50590115,3.845753861,0.030653653,0.83824246,605935.5968,11752.60325,11988.24142,0.20140709,2,0,-7.226302727,-0.806775224,1.747769525,11.29400189,2.454587374,0.99734229,0.234535399,0.826729774581,6.90026775246,4.48949344831,2.99620831631,1.493285132,31.1375997628
HA5 64-fold,1,8,25,,9.683198306,0.909722222,4.82574332,89188.16941,1,3.121719623,1.06142992,3778.57072,UndecidedProblem,UndecidedProblem,12.91870087,687127.7549,776315.9243,0.545058956,7.150428358,0,2.426103865,UndecidedProblem,3.129942333,776169.9983,12.21178863,1.677970417,0.012190445,0.902819782,770851.4917,5535.240709,5464.432647,0.61678836,1,1.03780543,-7.827704899,-1.012606423,2.006354026,10.65703762,2.517823764,0.998404187,0.257546627,0.767595054757,7.43277513392,4.95030725011,3.22743166909,1.72287558102,52.8293881665
HA5 64-fold,1,8,26,,8.346460917,0.9375,6.141084163,23734.45167,2,4.786439109,0.752957134,3195.93224,UndecidedProblem,0.935118278,13.03827255,631265.016,654999.4676,0.728196301,7.650243285,0,2.46403715,1.089123641,2.598554653,654948.8952,11.86638618,0.677804139,0.038172952,0.68260443,651738.9373,3272.80031,3260.530328,0.337384372,2,0,14.38359876,-0.806247507,2.005673358,3.712484981,2.43668354,0.999328432,0.276116347,1.01522927415,8.47357145848,4.37537920279,3.67936233542,0.69601686737,4.96611608753
HA5 64-fold,1,8,27,,9.850454889,0.826388889,6.251430081,80444.46859,3,3.313381233,0.866549797,4403.10248,UndecidedProblem,1.371715008,12.70592587,719248.5881,799693.0567,0.621352175,7.22095523,0,2.459644624,0.68720005,2.417125716,799471.1667,12.34014574,3.845753861,0.05260565,0.677182286,794332.6319,5359.932711,5360.424751,0.451354509,3,UndecidedProblem,21.52496756,-0.742053245,1.979194628,4.138899863,2.447198963,0.999168382,0.219529422,1.02335813315,10.0805431258,4.90549618711,4.37713553011,0.528360657004,3.37567523027
HA5 128-fold,1,8,28,,9.011071639,0.902777778,6.460510637,21618.84992,1,4.854479156,0.784703446,2262.076748,UndecidedProblem,UndecidedProblem,12.76530206,603807.862,625426.7119,-0.261783142,7.530414895,0,2.990728561,UndecidedProblem,3.301513274,625414.9982,11.48400728,1.510040889,0.015579779,0.684123036,622043.7613,3508.616671,3382.950653,0.316567113,1,0.956370523,-7.307508432,-0.82459524,2.050824775,11.21405231,2.357210572,0.999138863,0.281375024,1.01297568351,9.12799645271,4.33483258663,3.96352429558,0.371308291049,2.35130133832
HA5 128-fold,1,8,29,,10.68304719,0.916666667,6.518377306,88990.48284,3,3.075071784,0.759615435,2055.437036,UndecidedProblem,1.791093749,12.93602793,660959.6891,749950.1719,0.518146035,8.511205754,0,2.269834241,0.732052174,2.748431588,749867.9056,11.59610954,0.177311222,0.057748426,0.646993708,747894.7349,2055.520757,2055.437036,0.596597858,3,UndecidedProblem,1.33983314,-0.722889373,2.063070772,4.6612103,2.585989116,0.99806637,0.237108396,1.07110778889,11.4426950543,4.94934356315,4.96860401835,-0.0192604552011,0.956620194714
HA5 128-fold,1,8,30,,8.679149306,0.840277778,7.045543916,21865.99962,1,4.922250343,0.826116691,5536.313148,UndecidedProblem,UndecidedProblem,12.68986055,641135.2324,663001.2321,0.511535859,6.50962313,0,2.418861075,UndecidedProblem,2.304516954,663014.5417,12.75901471,5.510712528,0.021138847,0.73574191,655724.7324,7196.247844,7276.499652,0.205457926,1,0.988215018,34.55442669,-0.734709626,1.876025989,4.492540896,2.390354842,0.997435714,0.306051826,0.941906381274,8.17494611535,4.33976933622,3.54969436186,0.790074974365,6.16701456839
HA5 128-fold,1,8,31,,6.010929361,0.826388889,4.511482972,6107.394155,UndecidedProblem,7.015307677,1.005625489,2189.869386,UndecidedProblem,UndecidedProblem,12.95016938,783977.9186,790085.3127,UndecidedProblem,7.20291288,0,UndecidedProblem,UndecidedProblem,4.158950763,790540.2575,11.68267403,4.178394028,0.005705043,0.945202405,784722.6417,5362.265225,5362.671021,0.038988229,1,1.007579754,23.55591588,-1.025222509,2.071459815,2.847592222,2.442874038,0.994227463,0.378992301,0.733176297832,4.40707093543,3.78585594911,1.91362176962,1.8722341795,74.5133655239
HA5 256-fold,1,8,32,,9.515039361,0.805555556,7.967626137,13684.62162,1,5.351975678,0.608895002,2305.489723,UndecidedProblem,UndecidedProblem,12.71886233,545220.3962,558905.0178,-0.14991083,6.805338766,0,2.928518684,UndecidedProblem,2.85937928,558856.3581,11.58174172,3.678288528,0.047950447,0.56064163,553907.8157,5110.660951,4997.202051,0.146174719,1,0.970480442,25.32945068,-0.693602992,2.006951814,4.965870259,2.263202469,0.996810547,0.249023227,1.23608373499,11.7613853919,4.13623279366,5.10698453838,-0.970751744722,0.106966615659
HA5 256-fold,1,8,33,,3.345551667,0.888888889,1.824469764,2053.520876,UndecidedProblem,8.494491977,1.547846841,1206.481189,UndecidedProblem,2.057053644,12.38676247,738567.4506,740620.9714,UndecidedProblem,7.978897841,0,UndecidedProblem,1.116674556,2.461796754,740272.3127,10.74613883,2.178148639,0.020149668,0.905310659,737685.2934,3100.001777,2935.678032,UndecidedProblem,3,UndecidedProblem,-7.759335918,-1.285511214,2.192854291,9.698397985,2.531586298,0.995215492,0.329792561,0.76548308927,2.56096322537,3.31249912223,1.1120118217,2.20048730053,158.667252143
HA5 256-fold,1,8,34,,9.346490556,0.909722222,7.287205403,9052.925848,1,5.981720117,0.548647107,671.4999104,UndecidedProblem,UndecidedProblem,12.60283615,563039.4289,572092.3547,0.213762423,9.263139466,0,2.580631001,UndecidedProblem,3.168979389,571740.3699,10.25371282,1.177710472,0.023565992,0.48924523,571161.2826,963.0573119,931.0720951,0.27880544,1,0.899248104,-7.824881359,-0.809723221,2.182465154,12.00715647,2.220741614,0.993797824,0.214599337,1.41646756576,13.2390007263,3.9567889631,5.74858911259,-1.79180014949,0.0161510161169
HA5 256-fold,1,8,35,,0.509624889,0.986111111,1.224260645,2362.332905,2,8.373679653,1.765083866,1670.878564,UndecidedProblem,2.035897388,16.82388955,781193.3213,783555.6542,0.522870567,8.873285055,0,2.892090974,1.199255544,2.101831558,783544.9423,11.87519503,0.177311222,0.0495985,0.653519117,781884.7757,1476.578236,1670.878564,0.064070525,2,UndecidedProblem,-9.875955604,-1.362363648,2.083508929,11.80819836,2.553702782,0.992188024,0.286121838,1.06041274382,0.540412726866,3.3733410993,0.234655982139,3.13868511716,1376.21129259
HA5 512-fold,1,8,36,,10.51502822,0.840277778,7.365634841,24582.57888,2,4.511475384,0.804545623,1563.29221,UndecidedProblem,1.43678812,14.1629758,536099.7347,560682.3136,0.728151405,8.291066086,0,2.422580403,0.942944294,3.745568433,560636.8033,10.94071874,5.346070972,0.022517329,0.699301971,558892.2961,1679.410396,1790.017467,0.450849848,2,UndecidedProblem,28.80737223,-0.763052067,2.093248066,4.67333453,2.42001703,0.997389158,0.246607075,0.990988197858,10.4202688662,4.39062744139,4.5246499636,-0.134022522208,0.73447577777
HA5 512-fold,1,8,37,,5.84629975,0.902777778,3.360357943,7038.222971,3,6.699539047,1.471854011,2453.469242,UndecidedProblem,1.709811889,13.36989498,724480.1384,731518.3614,0.404938285,7.951166942,0,2.603751159,1.131310343,2.545092957,731593.1929,11.48586151,3.00994825,0.014057193,1.053525131,728562.4903,2821.908399,2955.871032,0.230725877,3,UndecidedProblem,31.74632279,-1.358302063,2.107690079,1.901663711,2.651417842,0.99783928,0.298960256,0.657791617502,3.84564696896,3.84746302117,1.66984236603,2.17762065515,150.529165895
HA5 512-fold,1,8,38,,10.01507008,0.895833333,7.327576851,18136.77465,1,5.027380089,0.815339917,1806.979594,UndecidedProblem,UndecidedProblem,14.11101028,573359.8399,591496.6146,-0.110658238,7.85210439,0,3.040782362,UndecidedProblem,3.8857473,591299.1952,11.20619926,1.345317167,0.026946778,0.66047396,588936.6538,2638.37731,2559.960786,0.322432533,1,1.005288047,-6.502978047,-0.847571767,2.076798703,10.77276432,2.435803987,0.99881872,0.262410858,1.04924651382,10.5082773671,4.25856005691,4.56286468394,-0.304304627032,0.496244119
HA5 512-fold,1,8,39,,10.18306933,0.972222222,3.093862031,68531.22421,2,3.621269784,1.79994559,4018.561988,UndecidedProblem,2.417644337,16.84736686,774802.2078,843333.432,0.994172536,7.644288407,0,2.985997879,1.503955817,2.687423517,843895.8958,12.18479282,0.677804139,0.006145956,1.434880166,839118.0279,4252.112506,4215.404077,0.972266595,2,UndecidedProblem,-12.35890966,-1.400492681,2.05917651,14.31546136,2.647743975,0.998315203,0.307554663,0.482967160897,4.91808808352,4.83588848992,2.13551371408,2.70037477584,501.619921457
HA5 1024-fold,1,8,40,,11.186771,0.861111111,7.806049117,20465.66791,2,4.613930223,1.191065363,2489.146789,UndecidedProblem,1.552445046,16.90794921,480672.3117,501137.9796,0.569674908,7.653412758,0,2.649521888,0.874292942,1.618047851,501125.0455,11.58387772,0.177311222,0.022305382,0.747788091,498648.8328,2412.982096,2489.146789,0.38989101,2,UndecidedProblem,26.0892666,-0.90304783,1.999539153,4.496323394,2.402161388,0.99936226,0.295893698,0.926733132475,10.3671513311,4.31102592269,4.50158546727,-0.190559544578,0.644822904423
HA5 1024-fold,1,8,41,,5.84629975,0.951388889,3.531516838,10425.88443,4,6.145890943,1.813402515,4616.175194,UndecidedProblem,1.188338002,16.28989428,727835.9723,738261.8567,0.611095341,7.321290833,0,2.693607383,1.458027328,2.770532324,738270.5102,12.30435022,0.177311222,0.013652756,1.265948768,733645.6815,4502.961653,4616.175194,0.259120343,4,UndecidedProblem,-8.238283855,-1.438816543,2.017077922,10.2004093,2.81897128,0.998459487,0.373694605,0.547415517529,3.20035520328,4.0181129065,1.38964620203,2.62846670447,425.07611676
HA5 1024-fold,1,8,42,,7.510941583,0.777777778,6.330170942,688.0600361,UndecidedProblem,9.444194297,0.800908884,248.4289656,UndecidedProblem,2.061541281,UndecidedProblem,478617.0974,479305.1574,UndecidedProblem,9.619833889,0,UndecidedProblem,0.309655154,2.391731397,479650.8344,8.502412865,7.010943389,0.394162641,0.292946738,478695.9663,605.0854109,609.1910978,0.017824382,5,UndecidedProblem,24.18626829,-0.932279118,2.338107703,3.83404713,2.463613152,0.994379651,0.249851117,2.36561773902,17.7680166455,2.83762633389,7.7151613745,-4.87753504061,1.32576014584e-05
HA5 1024-fold,1,8,43,,12.186565,0.944444444,3.434586999,140014.3574,2,2.591806276,1.9065914,5766.957902,UndecidedProblem,0.641939961,UndecidedProblem,704066.4074,844080.7648,0.517927533,6.99956105,0,2.719193499,2.07989526,3.782793391,844013.322,12.55282577,1.009694444,0.003896843,1.767337066,837484.3771,6723.068446,6596.387664,1.310117815,2,UndecidedProblem,-8.441194132,-1.53383335,2.023935076,10.18572147,2.749723956,0.999028418,0.334725759,0.392115354412,4.77853925404,5.14617257153,2.07491934609,3.07125322545,1178.29280415
HA5 2048-fold,1,8,44,,12.69090608,0.798611111,8.57487995,49610.07329,1,3.363258266,1.037085668,3144.810185,UndecidedProblem,UndecidedProblem,UndecidedProblem,460908.433,510518.5063,0.599495265,6.978036208,0,2.449169652,UndecidedProblem,3.636759594,510947.51,11.79422317,6.010929361,0.012359789,0.977839271,506468.8956,4033.149636,4049.610748,0.599545596,1,1.03656315,15.64408998,-0.965672098,1.974796303,4.358550013,2.53871901,0.999457211,0.275535927,0.708705428952,8.99411403721,4.69556986863,3.90539037656,0.790179492071,6.16849890634
HA5 2048-fold,1,8,45,,6.010929361,0.875,2.500362651,10734.03988,2,6.202998898,1.98791919,4057.046939,UndecidedProblem,1.467491691,UndecidedProblem,780039.1484,790773.1883,0.383394776,6.860829155,0,2.504446019,1.619148406,2.655389939,792209.094,12.26766616,3.00994825,0.014289955,1.170849585,783969.6229,6824.949092,6803.565417,0.138676508,2,UndecidedProblem,27.22101259,-1.571280592,2.031622851,1.564762923,2.803343911,0.996308516,0.317972213,0.591877905478,3.55773628017,4.03076320448,1.54482686937,2.48593633511,306.151460164
HA5 2048-fold,1,8,46,,12.69090608,0.826388889,8.050368848,44256.66791,1,3.76206917,0.901816153,1235.166028,8.407008716,UndecidedProblem,8.407008716,556189.9164,600446.5843,0.512244084,8.064099772,0,2.322857337,UndecidedProblem,4.767173371,603212.736,10.57410757,6.679198194,0.013349984,0.825461244,598203.0203,2212.887038,2243.563981,0.602318486,1,1.092541853,30.04536264,-0.964188792,2.144214306,4.249514884,2.537818859,0.996694571,0.249452738,0.839530632161,10.654404404,4.64597871274,4.62631541643,0.019663296305,1.04631703552
HA5 2048-fold,1,8,47,,5.010367222,0.944444444,UndecidedProblem,4744.363633,3,7.831536166,1.904054428,1385.727512,UndecidedProblem,2.230843971,UndecidedProblem,1075955.922,1080700.286,0.324173362,9.18364754,0,2.576033896,1.697910487,2.336977532,1083109.061,10.58444115,1.510040889,0.008553584,1.053621654,1078841.832,1858.257842,1858.454305,0.248494757,3,0,42.28937699,-1.811300149,2.321360526,0.755229428,2.885325225,0.998648081,0.287404492,0.657731356763,3.29547563081,3.67617796825,1.43094903639,2.24522893186,175.885052145
HA5 undiluted,1,9,0,,4.678461722,0.951388889,3.129003246,19314.61175,1,5.896753229,0.673783466,3859.719127,UndecidedProblem,UndecidedProblem,8.561828066,1131447.572,1150762.183,0.800564882,8.196792598,0,2.53419144,UndecidedProblem,3.324564714,1158088.811,11.97186122,0.677804139,0.018425873,0.606072923,1146840.206,3935.527559,3921.977894,0.243361153,1,0.891833823,23.78780424,-0.880644385,2.076775084,1.929299298,2.260077639,0.997934552,0.215916287,1.1434267622,5.34947833884,4.28588598266,2.32283036858,1.96305561408,91.8450202147
HA5 control,1,9,1,,3.345551667,1.0,1.967971305,14744.96484,1,6.422750018,0.68998732,3731.113762,UndecidedProblem,UndecidedProblem,UndecidedProblem,1250236.469,1264981.434,0.847098927,8.405294146,0,2.722914049,UndecidedProblem,3.740534101,1267644.649,11.91964027,0.177311222,0.010818724,0.648389401,1261250.32,3687.428356,3731.113762,0.225166693,1,0.847813967,24.94767543,-0.946470232,2.095995515,1.169948166,2.308524563,0.997465662,0.135182361,1.06880217186,3.57573288776,4.1686437413,1.55264128865,2.61600245265,413.049834652
HA5 undiluted,1,9,2,,4.678461722,0.909722222,3.020070541,20375.20309,UndecidedProblem,5.538197351,0.764717622,4562.146532,UndecidedProblem,1.383865421,8.783221074,926440.5404,946815.7435,UndecidedProblem,7.372449718,0,UndecidedProblem,1.080467316,2.133310611,947796.9651,12.23022273,2.010097222,0.015951091,0.660052241,941101.7866,5730.813183,5713.956952,0.212634002,2,0,23.7434682,-0.863329848,2.013179624,2.012095813,2.31518823,0.998216942,0.200859457,1.0499168959,4.91199600873,4.30910194627,2.13286843627,2.17623351,150.049139782
HA5 control,1,9,3,,3.178060528,0.944444444,2.085193373,14581.55349,1,6.353181877,0.538379781,3533.61309,UndecidedProblem,UndecidedProblem,6.523176748,1177489.407,1192070.96,0.507113965,8.271261656,0,2.235314731,UndecidedProblem,2.534100489,1192592.292,11.66705773,1.177710472,0.031573627,0.462220743,1188212.587,3875.17984,3858.373337,0.158240375,1,1.007427568,25.35270958,-0.911157126,2.123631547,1.115921671,2.251917683,0.997591103,0.20876234,1.49928364422,4.76481416998,4.16380379533,2.0689596917,2.09484410363,124.406795518
HA5 2-fold,1,9,4,,5.346070972,0.895833333,3.499965562,23737.73298,UndecidedProblem,5.017153806,0.855252802,5260.816479,UndecidedProblem,0.656397826,13.553038,744955.4483,768693.1813,UndecidedProblem,6.683775341,0,UndecidedProblem,1.601966276,2.183758228,768868.4097,12.59255679,1.677970417,0.022819723,0.723825084,761216.03,7557.273867,7477.151266,0.211903093,3,UndecidedProblem,26.03864024,-0.837260886,1.932233306,2.39802676,2.325180834,0.998504277,0.23926698,0.957413628401,5.11840120699,4.37543924026,2.22249292531,2.15294631495,142.215297767
HA5 control,1,9,5,,3.178060528,0.916666667,2.179578901,12477.87686,1,6.531824229,0.557508239,3555.987359,UndecidedProblem,UndecidedProblem,6.717106053,1142080.017,1154557.894,0.546301143,7.996641312,0,2.325157064,UndecidedProblem,2.796534917,1153621.808,11.78614403,1.177710472,0.002102186,0.476512644,1150037.39,4617.217327,4520.503557,0.126534179,1,0.959859524,25.76547313,-0.850296816,2.106694309,1.36678263,2.231824152,0.997438407,0.210259291,1.45431607897,4.6219045258,4.09614069541,2.00690600339,2.08923469202,122.810271655
HA5 2-fold,1,9,6,,5.178466667,0.868055556,3.055722191,19343.37102,UndecidedProblem,5.389835849,0.848585397,3408.404786,UndecidedProblem,1.574729771,11.60371715,791681.9701,811025.3411,UndecidedProblem,7.189671036,0,UndecidedProblem,1.159157812,2.561569318,810801.895,12.03135582,2.510107167,0.012902745,0.745628377,805469.7819,5646.590277,5555.559248,0.234646501,2,UndecidedProblem,28.1408153,-0.855025604,2.022975774,2.259323408,2.304456845,0.998280449,0.233956107,0.929417416741,4.81295711232,4.28653216198,2.08986413909,2.19666802289,157.278016298
HA5 control,1,9,7,,3.678288528,0.972222222,2.074297854,20874.0879,2,5.851473422,0.664760287,3961.854512,UndecidedProblem,1.465793358,7.438803761,1184374.21,1205248.298,0.732890835,8.248938775,0,2.482884449,0.79643451,2.886745711,1206697.036,11.87334258,0.177311222,0.016691371,0.6261573,1201286.444,3960.043214,3961.854512,0.26133229,2,UndecidedProblem,42.82824774,-0.889529857,2.104991095,1.302648209,2.395070222,0.998535814,0.198540802,1.10675065195,4.07094822643,4.31960750793,1.76767183084,2.55193567709,356.398343723
HA5 4-fold,1,9,8,,3.00994825,0.805555556,3.246499118,2128.448005,2,8.445582514,0.715759622,1455.539238,UndecidedProblem,1.305526795,14.43463602,739927.6067,742056.0547,0.109171465,8.124829404,0,2.315755937,1.415468243,2.836853639,741671.1954,11.02278537,2.510107167,0.035592507,0.600215088,739397.6607,2653.281717,2658.394029,UndecidedProblem,2,UndecidedProblem,27.77466454,-0.822596174,2.1364099,2.423333667,2.276684477,0.997856661,0.261842957,1.15458610397,3.47524442313,3.32806304544,1.50900756541,1.81905548003,65.9258108437
HA5 control,1,9,9,,3.178060528,0.9375,2.073815552,15197.37579,1,6.353939013,0.607838477,4201.135883,UndecidedProblem,UndecidedProblem,6.932518898,1227870.479,1243067.854,0.436814953,7.859089547,0,2.400261657,UndecidedProblem,2.593160423,1243706.627,12.04338528,1.345317167,0.041292074,0.519879385,1237713.919,5438.806366,5353.935606,0.140740646,1,0.92789123,30.9988405,-0.869203634,2.089390509,1.320153405,2.22718174,0.997595194,0.233208267,1.33300149995,4.23635945077,4.18176860253,1.83949607068,2.34227253185,219.923952376
HA5 4-fold,1,9,10,,5.510712528,0.895833333,3.379563649,14107.32195,UndecidedProblem,5.819985233,0.804647166,2405.962921,UndecidedProblem,1.799506871,10.03447448,782849.3437,796956.6657,UndecidedProblem,7.777309871,0,UndecidedProblem,1.864089856,3.17940557,796875.2099,11.50501495,1.510040889,0.057949746,0.612948755,793323.9521,3734.683902,3632.713522,0.210796185,2,0,-9.979346055,-0.827258924,2.088418492,12.52215293,2.361382514,0.998749454,0.258278295,1.13060022448,6.23041282122,4.1494445777,2.70534642693,1.44409815077,27.8034155534
HA5 control,1,9,11,,3.178060528,0.909722222,2.054683869,21663.3388,1,5.916729752,0.824658598,8501.44819,UndecidedProblem,UndecidedProblem,7.851436456,1287031.903,1308695.242,0.526917539,7.197996212,0,2.458465379,UndecidedProblem,3.755164701,1309971.749,12.96434804,1.345317167,0.012388816,0.727858288,1299782.204,8892.787114,8913.037939,0.165975424,1,0.953527759,17.34582419,-0.935183736,1.981135006,1.289294088,2.344214984,0.99840093,0.19419714,0.952108413719,3.02585816802,4.33572539184,1.31387675554,3.0218486363,1051.59529974
HA5 8-fold,1,9,12,,6.010929361,0.888888889,4.218623552,13614.79942,UndecidedProblem,5.730879743,0.643477277,1976.284911,UndecidedProblem,1.002918368,21.86945256,709451.2193,723066.0187,UndecidedProblem,8.047782685,0,UndecidedProblem,2.413855869,2.177021567,723716.8384,11.28628625,1.177710472,0.040209404,0.589823035,720333.5578,2825.400821,2732.460957,0.238762897,3,UndecidedProblem,-10.40996721,-0.826313096,2.099313182,13.12160399,2.280529493,0.998748922,0.299709778,1.17492868009,7.06241330024,4.13401124748,3.06661454635,1.06739670113,11.6787591236
HA5 control,1,9,13,,3.678288528,0.9375,1.760942743,19712.24332,1,6.007746894,0.66962581,2758.233807,UndecidedProblem,UndecidedProblem,7.481950394,1248663.923,1268376.166,0.461041728,8.612896403,0,2.407494255,UndecidedProblem,4.840591936,1269683.242,11.38125352,1.177710472,0.016054456,0.611912681,1265136.443,3270.332463,3239.7232,0.276911955,1,0.944046678,26.27220165,-0.904503965,2.170222611,1.188020749,2.272786954,0.998031984,0.182821134,1.1325145262,4.16571518952,4.29473605127,1.8088211852,2.48591486607,306.136326159
HA5 8-fold,1,9,14,,6.179220528,0.902777778,4.278125464,8829.136516,UndecidedProblem,6.194721387,0.712332751,1458.718525,UndecidedProblem,1.952882792,30.31324616,637889.214,646718.3505,UndecidedProblem,8.481221729,0,UndecidedProblem,0.853414474,2.185821426,646836.2795,10.88569726,1.009694444,0.04674318,0.594505883,644908.6236,1844.162653,1809.726908,0.237551707,4,UndecidedProblem,-10.50138818,-0.864375465,2.130024618,13.26457964,2.350211184,0.998375632,0.209717804,1.16567391479,7.2029561832,3.94591823193,3.1276405485,0.818277683425,6.58078471473
HA5 control,1,9,15,,3.678288528,0.881944444,2.342376138,32071.95931,2,5.345628366,0.806979577,10234.2103,UndecidedProblem,0.668865906,7.983787915,1272055.31,1304127.27,0.692629917,6.950946615,0,2.521819637,0.992482984,2.781449359,1304075.564,13.25550132,0.845140528,0.014136939,0.729008839,1293586.397,10605.70289,10540.87217,0.205859349,2,UndecidedProblem,18.01641841,-0.964615523,1.941935725,1.312382451,2.482137275,0.998086217,0.21134038,0.950605758019,3.49660225437,4.50612549225,1.51828148258,2.98784400967,972.397894197
HA5 16-fold,1,9,16,,6.679198194,0.868055556,4.829357901,16201.61368,1,5.453646186,0.673453935,2413.286183,UndecidedProblem,UndecidedProblem,10.31481014,693816.3885,710018.0021,0.562284357,8.200712784,0,2.236523641,UndecidedProblem,2.559798175,709695.5105,11.66055545,0.177311222,0.035327287,0.596363904,707604.716,2383.592548,2413.286183,0.284309595,1,1.027387484,25.52768886,-0.752330006,2.047734708,3.300588527,2.297776397,0.998961708,0.302434297,1.16204216142,7.76150990594,4.20955827241,3.37017364565,0.839384626754,6.90851375717
HA5 control,1,9,17,,3.345551667,0.958333333,1.605708506,17943.97592,1,6.192530545,0.680838701,2988.387371,UndecidedProblem,UndecidedProblem,7.48303389,1294425.5,1312369.476,0.821659666,8.778591058,0,2.71574981,UndecidedProblem,3.576638251,1314302.758,11.5932688,0.177311222,0.020961575,0.61401875,1309381.088,2896.612762,2988.387371,0.275866806,1,0.829119446,28.32387157,-0.982969462,2.15564899,0.938036442,2.251680979,0.998632577,0.196303361,1.12863002962,3.77589007702,4.25391867777,1.63955279072,2.61436588705,411.496254974
HA5 16-fold,1,9,18,,6.179220528,0.854166667,5.143550704,8009.840889,1,6.460388273,0.718824639,2977.479491,UndecidedProblem,UndecidedProblem,10.76857547,697323.7105,705333.5514,0.57884121,7.72848776,0,2.394090207,UndecidedProblem,2.919670233,705228.1542,11.77798052,4.345784972,0.0089016,0.659776266,702007.8144,3254.267506,3325.73703,0.149847879,1,0.960550087,24.11084742,-0.745523791,2.027278361,3.490388573,2.299643556,0.998217048,0.295432836,1.05035606116,6.4903817348,3.90362388915,2.81822915102,1.08539473813,12.1729191668
HA5 control,1,9,19,,3.178060528,0.944444444,0.957298198,17022.20121,2,6.332865274,0.800421905,2995.001807,UndecidedProblem,2.326164836,6.901675471,1355116.854,1372139.055,0.891012922,8.839654105,0,2.801336781,0.602069891,2.451657919,1372845.467,11.53740658,0.177311222,0.013059985,0.540814024,1369144.053,2939.024018,2995.001807,0.236942936,2,UndecidedProblem,40.59634025,-1.001824895,2.169516568,0.808704895,2.424581756,0.998367476,0.201240658,1.28140168199,4.07237210606,4.23101571976,1.7682901025,2.46272561726,290.218850261
HA5 32-fold,1,9,20,,7.346503806,0.8125,5.778307587,14198.29858,1,5.54664018,0.576034141,2149.255488,UndecidedProblem,UndecidedProblem,10.52439445,649455.1785,663653.4771,0.625024958,7.693593974,0,2.279304755,UndecidedProblem,2.678109062,663093.8643,11.3812111,3.345551667,0.025159207,0.511191044,660447.6594,3164.557298,3205.817634,0.19365701,1,0.999168193,28.09391778,-0.719508585,2.069428332,3.727600352,2.277408813,0.998631232,0.309041781,1.35565755334,9.95934337527,4.15223630483,4.32450863016,-0.17227232533,0.672554797039
HA5 control,1,9,21,,3.510059417,0.9375,2.136047513,20591.26636,1,6.071673746,0.679197737,5093.278572,UndecidedProblem,UndecidedProblem,7.598793372,1364374.307,1384965.573,0.721498833,8.087039773,0,2.476726142,UndecidedProblem,3.282391363,1385831.331,12.22696636,0.177311222,0.025181541,0.603559041,1379872.295,5079.585386,5093.278572,0.213587891,1,0.909766095,23.69568225,-0.942012841,2.087580353,1.213591739,2.253241472,0.997764039,0.182436253,1.14818924566,4.03021247424,4.31368305649,1.74998370571,2.56369935078,366.183988544
HA5 32-fold,1,9,22,,7.679024111,0.833333333,5.311859207,18636.22529,2,5.175794444,0.811938074,2654.517134,UndecidedProblem,1.582399904,13.80285275,655002.9432,673639.1684,0.493416391,7.346414681,0,2.706114722,1.115231126,1.907695251,673081.4838,11.71882953,3.178060528,0.030141815,0.572175919,669499.7803,4100.533881,4139.388143,0.21787691,2,UndecidedProblem,15.58565217,-0.782807395,2.028563938,3.600792281,2.373644309,0.998513939,0.297870797,1.2111659666,9.30057265993,4.27035795192,4.03845968733,0.231898264581,1.7056827784
HA5 control,1,9,23,,3.678288528,0.902777778,2.148322378,21356.13866,1,5.990756374,0.572772091,3278.285413,UndecidedProblem,UndecidedProblem,7.1281515,1336707.425,1358063.563,0.656573714,8.694393827,0,2.315689545,UndecidedProblem,3.033118692,1361618.928,11.56601853,0.177311222,0.024156339,0.50753856,1354785.278,3234.830565,3278.285413,0.23970799,1,0.955181354,24.24127998,-0.916009613,2.164163318,1.176292452,2.211903473,0.997614992,0.206000458,1.36541349686,5.02238480147,4.32952273196,2.18080104276,2.1487216892,140.838596714
HA5 64-fold,1,9,24,,10.18306933,0.798611111,6.236977412,95557.69105,2,2.830533732,1.125013979,8253.695236,7.462650594,1.704702904,7.636867779,584179.7692,679737.4602,0.381887672,5.949517074,0,2.575474211,1.046845336,1.866169606,679684.6472,13.34971858,2.345529417,0.012256727,0.951691249,668738.336,10903.4449,10999.12418,0.504406336,2,0,-7.379539469,-0.821114191,1.800759725,11.34761861,2.524463224,0.997676684,0.283139382,0.72817733769,7.41508031424,4.98026564739,3.21974829103,1.76051735637,57.6125842689
HA5 control,1,9,25,,3.678288528,0.875,2.224839638,24618.09771,1,5.802050162,0.631030121,4970.859154,UndecidedProblem,UndecidedProblem,7.391054424,1348935.549,1373553.646,0.807273212,8.092671684,0,2.630215067,UndecidedProblem,2.751021226,1374506.603,12.29681508,0.509624889,0.028467688,0.552640817,1368522.016,5067.866618,5031.630074,0.221885978,1,0.854763278,21.50340151,-0.940462058,2.085010767,1.208183012,2.248211253,0.997884607,0.212415752,1.25397903789,4.61249670942,4.39125449108,2.00282097673,2.38843351435,244.587081178
HA5 64-fold,1,9,26,,7.679024111,0.930555556,6.556754933,12354.93904,3,5.68011619,0.916808472,5244.016503,6.686705195,1.127011326,6.686705195,621114.925,633469.8641,0.786297485,6.916459952,0,2.541831283,1.016476363,2.638645438,633233.9085,12.46334897,0.177311222,0.00769766,0.794769434,628225.8475,5242.799173,5244.016503,0.174387004,3,UndecidedProblem,25.49106488,-0.830056737,1.918737739,3.912664935,2.556020011,0.999458216,0.255260994,0.871950996545,6.69573272608,4.09184060691,2.90739588627,1.18444472064,15.2913109791
HA5 control,1,9,27,,3.678288528,0.868055556,2.226260153,32395.14882,2,5.44168319,0.780859399,8797.48197,UndecidedProblem,1.049552898,7.937751332,1375563.327,1407958.476,0.784672352,7.289469542,0,2.660390231,1.110528104,2.89436156,1407958.476,13.08097279,0.509624889,0.023380475,0.719212811,1398958.51,9052.737147,8999.965859,0.232457658,2,UndecidedProblem,36.14324848,-0.998570177,1.985478222,1.189061133,2.587074746,0.997863433,0.279290057,0.963553470407,3.54422767631,4.51047997939,1.5389612142,2.97151876519,936.523684746
HA5 128-fold,1,9,28,,8.179155333,0.784722222,6.978232664,11039.65857,2,5.7925551,0.687359815,3285.655708,UndecidedProblem,1.363908631,13.67002369,600871.6487,611911.3072,0.449733273,7.086885614,0,3.003513012,1.111440046,3.024645976,611752.3799,11.83545167,3.678288528,0.040660924,0.643830034,607410.1588,4571.239452,4501.148412,0.149287461,2,0,40.16851429,-0.725342497,1.992990999,4.374667791,2.437614115,0.998497416,0.275214579,1.07637103491,8.80380589044,4.04295564192,3.82275548868,0.220200153238,1.6603519373
HA5 control,1,9,29,,3.00994825,0.868055556,1.491604185,14011.72336,1,6.692208203,0.706033193,3206.407291,UndecidedProblem,UndecidedProblem,7.794357256,1434916.795,1448928.519,0.853886561,8.815105473,0,2.766058821,UndecidedProblem,3.612710184,1449206.613,11.58947588,0.344954222,0.022840661,0.618472923,1445711.632,3234.964665,3216.886944,0.22977585,1,0.817046515,23.64089444,-1.057947906,2.177862643,0.728603239,2.259998721,0.9985774,0.216073071,1.12050176205,3.3726523178,4.14649155425,1.46446040721,2.68203114705,480.87383487
HA5 128-fold,1,9,30,,9.346490556,0.847222222,7.011162212,22826.20581,1,4.705460053,0.778996802,2871.260802,UndecidedProblem,UndecidedProblem,12.98224979,572723.9574,595550.1632,0.555200516,7.39195816,0,2.386127342,UndecidedProblem,3.289674081,595572.7726,11.76976149,5.346070972,0.026924065,0.701524151,592004.3389,3464.415487,3545.824326,0.32561548,1,0.995917809,49.11850461,-0.743409837,1.993853541,4.444632061,2.376386714,0.998322167,0.300121081,0.987849098299,9.232922268,4.35843372872,4.00908478854,0.34934894018,2.23536753986
HA5 control,1,9,31,,3.845753861,0.895833333,2.087069405,32612.69592,2,5.500654615,0.683312685,5508.943685,UndecidedProblem,1.141346908,8.384870188,1443939.27,1476551.966,0.865340746,8.066240701,0,2.724650168,0.874535877,2.794768339,1482076.583,12.46826996,0.177311222,0.017159995,0.646198561,1471043.022,5405.217062,5508.943685,0.28759987,2,0,22.98257416,-0.998631551,2.072260482,1.091864779,2.434426178,0.997233565,0.209279606,1.07242578648,4.12428560898,4.51338670113,1.79083178853,2.7225549126,527.903951235
HA5 256-fold,1,9,32,,9.346490556,0.756944444,7.701870918,7205.801455,1,6.18338151,0.590992519,1054.880238,UndecidedProblem,UndecidedProblem,12.91565445,516473.7318,523679.5333,0.689661268,7.502665461,0,2.260076837,UndecidedProblem,3.797991107,523775.1797,10.46077818,5.84629975,0.052391071,0.542292329,520791.9252,2929.795902,2887.608089,0.129465448,1,0.992243995,25.557377,-0.688084208,2.132560805,4.971411112,2.24254767,0.994149643,0.261920314,1.27790854294,11.943960128,3.85768229162,5.18626145377,-1.32857916214,0.0469267889509
HA5 control,1,9,33,,3.845753861,0.861111111,2.078020979,20373.5286,1,6.208833589,0.553172122,2218.64708,UndecidedProblem,UndecidedProblem,7.320348072,1486620.05,1506993.578,0.439097808,8.9411985,0,2.39372801,UndecidedProblem,4.044863578,1507444.626,11.11047206,1.177710472,0.010260513,0.504358597,1503927.788,3148.322986,3065.790371,0.240695655,1,0.913275949,25.11411769,-0.898730465,2.225340167,1.259628922,2.186134219,0.995600658,0.192162923,1.37402238035,5.28415187433,4.30906625329,2.29446455681,2.01460169648,103.419324429
HA5 256-fold,1,9,34,,10.01507008,0.881944444,6.49368716,15490.66478,2,4.990125828,0.780998129,742.5706755,8.198607036,1.759990551,7.920920273,476829.4863,492320.1511,0.015088375,8.773913723,0,2.483923596,0.757678228,1.937081008,492858.7944,10.73937943,1.177710472,0.015491237,0.592278779,491195.4518,1167.783445,1124.699241,0.384649285,2,0,-8.587549216,-0.811221687,2.098693154,12.95035046,2.386796366,0.989606933,0.276306358,1.17005711596,11.7182040139,4.19007005585,5.08823448282,-0.898164426961,0.126425759998
HA5 control,1,9,35,,3.00994825,0.909722222,1.901079081,9905.89749,1,7.28499291,0.597585403,2675.600544,UndecidedProblem,UndecidedProblem,7.388600232,1534975.748,1544881.646,0.842183045,9.137950606,0,2.577556252,UndecidedProblem,3.815822263,1545864.706,11.27554756,0.509624889,0.058409345,0.527668101,1542139.453,2759.675686,2742.192774,0.17356959,1,0.861372558,40.3711059,-1.00577155,2.2142719,0.915184011,2.220236222,0.996999859,0.201721632,1.31332555196,3.95304194682,3.99589382942,1.71647500947,2.27941881995,190.291250437
HA5 512-fold,1,9,36,,10.68304719,0.861111111,7.389943063,31155.14038,1,4.19972018,0.854723019,2167.700796,UndecidedProblem,UndecidedProblem,14.24418636,541339.546,572494.6864,0.394816686,8.044952855,0,2.423206681,UndecidedProblem,2.584012258,572383.1204,11.68737642,0.177311222,0.018117925,0.813633708,570326.9856,2009.792806,2167.700796,0.531254577,1,1.003486493,-6.662556634,-0.91834654,2.013646606,10.67467707,2.431655173,0.998087762,0.267207245,0.851734623561,9.09912117686,4.49352971246,3.95098618188,0.54254353058,3.48773540954
HA5 control,1,9,37,,4.178394028,0.909722222,2.346840099,39571.54163,1,5.355297062,0.671438512,5927.582295,UndecidedProblem,UndecidedProblem,7.723224508,1580327.771,1619899.313,0.87375585,8.094244641,0,2.659774835,UndecidedProblem,3.32610783,1628856.27,12.58950725,0.177311222,0.005701756,0.630085379,1613971.731,5717.470106,5927.582295,0.29898162,1,0.860255924,32.47706161,-1.007041311,2.065058766,1.192780658,2.288087059,0.996033105,0.204141012,1.09985094576,4.59561062344,4.59738296986,1.99548876398,2.60189420589,399.847335105
HA5 512-fold,1,9,38,,8.511040639,0.854166667,7.382342945,2261.88304,1,7.812873733,0.707503273,741.1428009,UndecidedProblem,UndecidedProblem,14.07562567,506341.7877,508603.6707,-0.468470199,8.778422633,0,3.001249138,UndecidedProblem,3.982257108,508180.7677,9.880743448,1.677970417,0.025836938,0.638220753,507445.3977,1182.973388,1158.273081,0.112785443,1,1.053149635,23.41064486,-0.862377751,2.197451518,4.217113779,2.298204795,0.998798141,0.297706375,1.08583119045,9.24155338902,3.35447014418,4.01283256145,-0.658362417267,0.219602653127
HA5 control,1,9,39,,4.178394028,0.951388889,2.555663504,52306.90929,1,5.018069751,0.87269173,14479.44686,UndecidedProblem,UndecidedProblem,8.459100123,1642610.633,1694917.543,0.899891796,6.871064788,0,2.763991965,UndecidedProblem,2.945680177,1699071.555,13.89111562,0.177311222,0.011076015,0.83721048,1680438.096,14134.51122,14479.44686,0.269740664,1,0.890410449,32.25879352,-1.127196107,1.899970036,1.134556214,2.461087327,0.996236044,0.230905439,0.827748835633,3.45866079149,4.7185590592,1.50180668324,3.21675237596,1647.2229177
HA5 1024-fold,1,9,40,,10.35042817,0.847222222,7.592543869,5400.848792,2,6.401856247,0.64618808,333.5403854,7.320239292,1.944899482,7.542917721,451279.976,456680.8248,0.568454813,10.08366866,0,2.325676121,0.896919163,3.166249478,456667.8004,8.623905017,5.678955056,0.059068109,0.362313223,456259.976,412.6662701,420.8487517,0.233298842,2,0,11.39832409,-0.731163483,2.312688062,4.952748971,2.19808566,0.998889993,0.209717043,1.91270965565,19.7973639008,3.73246201847,8.59633690874,-4.86387489026,1.36812289195e-05
HA5 control,1,9,41,,4.510389417,0.944444444,2.419265069,61478.83339,1,4.823305684,0.791003553,9828.065257,UndecidedProblem,UndecidedProblem,8.435056865,1679066.371,1740545.205,0.693402001,7.468416131,0,2.451910359,UndecidedProblem,3.048738651,1746877.827,13.14308248,0.177311222,0.009061407,0.727084953,1730717.139,9767.303865,9828.065257,0.332082594,1,0.965127733,22.85920909,-1.112768498,2.006300145,1.030070422,2.366406686,0.996071352,0.201558733,0.953121085976,4.2989472593,4.78872561782,1.86667271355,2.92205290427,835.704814739
HA5 1024-fold,1,9,42,,10.68304719,0.777777778,9.45839755,6549.710283,1,5.997451957,0.675177665,2226.214522,10.25519681,UndecidedProblem,10.25519681,411892.056,418441.7663,0.595848001,6.98146983,0,2.036049543,UndecidedProblem,1.924869417,417986.3109,11.7243383,3.178060528,0.058120045,0.53099076,415130.4307,3296.528426,3311.335568,0.09702604,1,1.173479543,24.37730702,-0.609723764,1.916733325,6.360007628,2.389262487,0.99589914,0.243125315,1.30510745611,13.9425245416,3.81622209003,6.05407057821,-2.23784848818,0.00578297762294
HA5 control,1,9,43,,2.510107167,0.923611111,1.424768386,8255.343005,3,7.732140446,0.62575666,2473.175075,UndecidedProblem,1.803759754,8.098525825,1747004.138,1755259.481,0.44526498,9.189553659,0,2.499158281,0.724381306,3.002331612,1759784.908,11.11864949,0.845140528,0.03095516,0.5572002,1752253.335,3084.381446,3006.145725,0.145713194,3,UndecidedProblem,24.83722976,-1.143065568,2.246147831,0.469518051,2.393834318,0.996514553,0.203589193,1.24371814655,3.12186583338,3.91673512267,1.35556484298,2.5611702797,364.05774918
HA5 2048-fold,1,9,44,,11.85419158,0.923611111,7.135580869,40709.19016,2,3.867129111,1.123002365,2191.960026,6.410582559,1.393962451,7.568141617,553328.9399,594038.13,0.499359584,8.082190239,0,2.621967943,1.588583935,2.02903215,593580.9907,11.51445541,0.177311222,0.001647903,0.996871519,591846.17,2086.038584,2191.960026,0.71158507,2,0,-9.99288675,-1.259142017,2.073812445,12.97764012,2.547770515,0.998966773,0.381529634,0.695174841283,8.24073575016,4.60969246292,3.57826128969,1.03143117322,10.7505621251
HA5 control,1,9,45,,3.510059417,0.972222222,2.350149229,24424.29331,2,6.153513753,0.796933447,8815.180289,UndecidedProblem,0.788858377,8.622171456,1714233.954,1738658.247,0.829173589,7.623768591,0,2.619598992,1.056884657,3.10574224,1744872.234,13.03614258,0.177311222,0.014333199,0.751456585,1729843.067,8757.813723,8815.180289,0.194885687,2,UndecidedProblem,26.68613344,-1.092802961,2.015813697,1.090624468,2.519573581,0.9967237,0.22767543,0.922208965672,3.2370082644,4.38782200674,1.4055615564,2.98226045034,959.976165329
HA5 2048-fold,1,9,46,,10.18306933,0.805555556,8.646091287,5184.93463,1,6.950725936,0.892756321,1581.93514,8.923244052,UndecidedProblem,8.923244052,636202.2581,641387.1927,0.426593113,7.839589903,0,2.413056052,UndecidedProblem,2.914265045,643406.4258,10.87886761,7.510941583,0.022895401,0.764795017,638587.1248,2792.340592,2800.067941,0.123473204,1,0.999880809,28.04927002,-0.986711717,2.114744911,4.334457649,2.412768438,0.997103286,0.307046179,0.906125150656,9.22713523079,3.71474328531,4.006571963,-0.291828677685,0.510706425863
HA5 control,1,9,47,,3.00994825,0.777777778,1.450933957,13539.3348,1,6.454926266,0.732007976,3025.421489,UndecidedProblem,UndecidedProblem,7.962166031,1174207.149,1187746.483,0.785275292,8.616875074,0,2.724471885,UndecidedProblem,3.351380385,1193317.666,11.53320712,0.177311222,0.01284227,0.595588021,1184721.062,3002.590278,3025.421489,0.225530514,1,0.814203095,27.33555621,-1.039434901,2.17404035,0.804562483,2.218273443,0.998352849,0.251627063,1.16355597421,3.50224326834,4.13159732759,1.52073090245,2.61086642514,408.193819876
HA5 undiluted,1,10,0,,6.010929361,0.916666667,3.423761326,70501.14807,1,4.05053331,0.841367118,8436.392427,UndecidedProblem,UndecidedProblem,UndecidedProblem,1097728.474,1168229.622,0.852083258,7.101324547,0,2.432763486,UndecidedProblem,3.341072543,1164912.222,13.07941106,0.677804139,0.018566426,0.728893319,1159721.837,8536.861706,8507.785202,0.381791273,1,0.98710936,32.7505182,-0.8993298,1.933833331,2.10355567,2.401403609,0.997700177,0.215058059,0.950756416523,5.71492965924,4.84819618928,2.48151526671,2.36668092257,232.638143037
HA5 undiluted,1,10,1,,4.678461722,1.0,2.965817126,18392.08089,1,5.744284535,0.730368854,3589.556465,UndecidedProblem,UndecidedProblem,UndecidedProblem,967507.8061,985899.887,0.872556809,8.101491754,0,2.688112244,UndecidedProblem,3.556646032,987614.4767,12.09362486,0.177311222,0.010560629,0.693178209,982310.3305,3512.42629,3589.556465,0.283590963,1,0.865366279,19.07511831,-0.869195921,2.031064815,1.98961283,2.32620169,0.997526212,0.14847766,0.999742910268,4.67725893753,4.26463086833,2.0309417879,2.23368908043,171.273069245
HA5 undiluted,1,10,2,,6.179220528,0.986111111,3.339174682,77634.7306,1,3.570745141,0.917188425,9096.122202,UndecidedProblem,UndecidedProblem,9.385442203,844846.3004,922481.031,0.856666041,6.664123799,0,2.609127546,UndecidedProblem,3.537992429,922405.3086,13.17728114,0.177311222,0.009303548,0.863705735,913384.9088,9062.799542,9096.122202,0.455574853,1,0.938468964,22.48316081,-0.866388464,1.874694637,2.174552929,2.448585225,0.998495026,0.167249214,0.802356603549,4.95793839542,4.8900560503,2.15281736666,2.73723868364,546.057886256
HA5 undiluted,1,10,3,,4.510389417,0.861111111,2.748061489,18238.16349,1,5.600083705,0.824473517,4136.55448,UndecidedProblem,UndecidedProblem,9.082392847,866417.5322,884655.6957,0.276364688,7.359544236,0,2.353963765,UndecidedProblem,3.703297627,884725.3261,12.13505342,2.178148639,0.018123395,0.760141381,879268.8974,5385.853314,5386.798227,0.233880468,1,1.003082609,25.27730607,-0.85784382,2.018141919,1.98698734,2.361220114,0.9984169,0.185937064,0.911672508986,4.1119980363,4.26098110448,1.78549632492,2.47548477956,298.871690146
HA5 2-fold,1,10,4,,6.846513861,0.861111111,3.465360801,79723.01646,UndecidedProblem,3.295199122,0.973893027,7172.364672,UndecidedProblem,1.499392668,9.958760933,702872.7604,782595.7768,UndecidedProblem,6.366276903,0,UndecidedProblem,1.658654651,3.017138414,781984.2683,13.00280049,2.345529417,0.009467361,0.876413243,773109.4695,9509.819817,9486.307353,0.458829461,2,0,22.64086289,-0.852962951,1.876358826,2.410939884,2.478133482,0.998862996,0.211515348,0.790722875921,5.4136951302,4.90158372263,2.35071434225,2.55086938038,355.524373986
HA5 2-fold,1,10,5,,5.010367222,0.8125,3.274669976,20515.52131,UndecidedProblem,5.270939673,0.907633752,5414.823172,UndecidedProblem,1.411226173,9.769836974,771609.0844,792124.6058,UndecidedProblem,6.851600093,0,UndecidedProblem,1.409768797,3.122728104,791721.4653,12.56966262,2.510107167,0.022201871,0.836805315,785265.676,6848.919344,6858.929795,0.231410463,2,0,38.81527209,-0.840871495,1.94462835,2.342870061,2.414990522,0.999104765,0.213555223,0.828149615661,4.14933368922,4.31208255709,1.80170807174,2.51037448535,323.872807023
HA5 2-fold,1,10,6,,5.010367222,0.861111111,3.04906603,17011.89962,UndecidedProblem,5.576465234,0.770734098,2966.778762,UndecidedProblem,1.842326639,9.221528313,794763.9311,811775.8308,UndecidedProblem,7.516363044,0,UndecidedProblem,1.092784828,1.994326483,811678.8688,11.80037994,2.510107167,0.035074881,0.604724821,807341.936,4396.580107,4433.894774,0.206330956,4,UndecidedProblem,28.72200696,-0.823883179,2.051189753,2.271514378,2.468009694,0.998364084,0.233307192,1.14597578259,5.74175949832,4.23075281146,2.49316521855,1.73758759291,54.6496761773
HA5 2-fold,1,10,7,,5.510712528,0.819444444,3.980738805,30611.64368,1,4.751450705,0.847464159,8526.167644,4.030161332,UndecidedProblem,4.030161332,793936.1513,824547.795,0.56196993,6.532222556,0,2.421125412,UndecidedProblem,2.267029796,824069.544,13.08542271,2.510107167,0.033934638,0.728822369,815638.9602,8910.921859,8908.834823,0.227246432,1,0.967533391,33.91988275,-0.813872792,1.874192627,2.56743858,2.342519679,0.999293346,0.258624622,0.950848971541,5.23985533971,4.48588664949,2.27523028211,2.21065636738,162.426305982
HA5 4-fold,1,10,8,,5.510712528,0.819444444,3.390239649,16163.44507,UndecidedProblem,5.550270556,0.765848861,2375.876402,UndecidedProblem,1.558702553,12.03728266,741247.9821,757411.4271,UndecidedProblem,7.301315365,0,UndecidedProblem,1.16175765,2.371139437,757273.2368,11.66712976,2.345529417,0.021094359,0.665486179,752609.485,4898.268422,4801.942113,0.20502196,3,UndecidedProblem,15.52723956,-0.839364404,2.06124062,2.432745017,2.289226389,0.99751485,0.288808239,1.04134394052,5.73854709897,4.20853393165,2.49177034258,1.71676358907,52.0911072694
HA5 4-fold,1,10,9,,5.84629975,0.840277778,2.98100071,20700.82526,2,5.281515095,0.917437804,2857.606603,UndecidedProblem,1.54767552,10.32838,784459.0529,805159.8782,0.276455063,7.516026902,0,2.451697907,0.752550325,2.360378318,805011.0083,11.83079267,2.510107167,0.02098071,0.618682663,800761.0948,4397.76641,4398.783425,0.24142691,2,0,27.16403182,-0.825733671,2.04637205,2.537177023,2.434846544,0.998590133,0.233944424,1.12012190004,6.54856838416,4.3159876594,2.84349473911,1.4724929203,29.6819835665
HA5 4-fold,1,10,10,,5.510712528,0.798611111,3.627710918,16846.77936,1,5.56323788,0.658189504,2267.133218,UndecidedProblem,UndecidedProblem,9.148129549,779712.98,796559.7594,0.252783632,7.626698048,0,2.48601992,UndecidedProblem,2.326873279,796235.8987,11.53039744,2.510107167,0.041766331,0.580394995,792529.3099,4044.721907,4030.449488,0.210441159,1,0.929020295,53.26414343,-0.841233607,2.08578795,2.394796729,2.309562958,0.998189162,0.329461062,1.1940144315,6.57987028628,4.226516888,2.85708653334,1.36943035467,23.4115600721
HA5 4-fold,1,10,11,,5.178466667,0.8125,2.367325224,15138.21119,2,5.804764638,1.013180454,2830.556195,UndecidedProblem,2.092984189,8.812211864,831080.9081,846219.1193,0.293209262,7.440676129,0,2.437389476,0.629625394,2.399093634,846062.184,11.828906,2.010097222,0.075115263,0.5367457,841348.1417,4904.989368,4870.977579,0.15680989,2,UndecidedProblem,25.78335152,-0.912747238,2.061706797,2.183486684,2.512306332,0.998185241,0.261652856,1.29111420921,6.68599189566,4.18007455969,2.90316625951,1.27690830018,18.9194409883
HA5 8-fold,1,10,12,,6.511028222,0.868055556,4.229287856,24192.19121,1,4.910016981,0.803318909,3361.634313,UndecidedProblem,UndecidedProblem,10.42063225,703148.0175,727340.2087,0.554745573,7.23735627,0,2.42575445,UndecidedProblem,3.02619864,727220.8853,11.98435658,1.677970417,0.011181994,0.703359517,722519.8842,4888.491288,4820.32444,0.284092477,1,0.960679201,-7.704854026,-0.810199435,2.011924592,10.59254954,2.330371847,0.99904369,0.254587265,0.985271377227,6.41512974345,4.38367520641,2.78555351431,1.5981216921,39.6389089461
HA5 8-fold,1,10,13,,7.346503806,0.868055556,3.935625097,44580.79379,1,4.159523171,0.775149287,2151.593223,UndecidedProblem,UndecidedProblem,10.45991785,752108.607,796689.4008,0.427563508,7.842718118,0,2.372681283,UndecidedProblem,3.560957577,796392.914,11.4155539,2.010097222,0.011237772,0.696536626,793218.8721,3560.159951,3470.528686,0.438072221,1,0.995724588,-8.300534632,-0.853897042,2.101435428,10.97235535,2.362537092,0.99830302,0.235546875,0.994922555587,7.3092023413,4.64914779711,3.17377435575,1.47537344136,29.8795079522
HA5 8-fold,1,10,14,,6.010929361,0.916666667,4.424306595,15883.77131,1,5.622110049,0.663109477,2972.699938,UndecidedProblem,UndecidedProblem,9.708155133,766423.5405,782307.3118,0.642221757,7.737990029,0,2.388381126,UndecidedProblem,2.105201812,780738.6266,11.78352825,1.177710472,0.039156208,0.603446574,778642.8493,3740.050681,3664.462524,0.223718245,1,0.965639023,-7.973492243,-0.82250102,2.050904407,10.77580161,2.306314018,0.999083723,0.305260917,1.14840323876,6.90297074613,4.20095362559,2.99738200006,1.20357162553,15.9798105257
HA5 8-fold,1,10,15,,6.511028222,0.881944444,4.18877076,24770.86781,2,5.057820199,0.704876751,2466.774721,UndecidedProblem,1.736910571,UndecidedProblem,800310.565,825081.4328,0.566772213,7.75460774,0,2.434374982,1.052887801,2.602011631,824917.208,11.57843129,1.510040889,0.044822293,0.567783017,821260.8706,3900.52902,3820.562247,0.266361535,2,0,-6.429335991,-0.834859731,2.082073568,9.165136293,2.569340111,0.998842163,0.241580914,1.22053668259,7.94694878633,4.3939412217,3.45069421899,0.943247002717,8.77499752647
HA5 16-fold,1,10,16,,6.179220528,0.868055556,4.621434154,11238.26895,1,5.999769364,0.777542688,2825.012529,UndecidedProblem,UndecidedProblem,10.80949754,707895.9704,719134.2393,0.644781061,7.605865717,0,2.40338099,UndecidedProblem,2.906336222,718491.1838,11.77628892,1.177710472,0.029508973,0.69167586,715442.6257,3833.840965,3691.613648,0.195902508,1,0.967465403,-7.887471412,-0.82219968,2.038750653,10.93320491,2.325187958,0.998869919,0.267919259,1.00191439383,6.19104998966,4.05069942125,2.68825444623,1.36244497503,23.0380106669
HA5 16-fold,1,10,17,,6.346647194,0.909722222,3.693061197,17105.08706,2,5.517684576,0.931945658,2248.483487,UndecidedProblem,1.967153113,11.49443914,766529.9636,783635.0507,0.660098353,8.368844426,0,2.688371258,0.858607925,2.263573232,783495.5848,11.58165082,0.509624889,0.031119337,0.733951606,781264.5469,2407.83883,2370.503778,0.360204924,2,0,-9.371397191,-0.975417609,2.083537984,11.82173824,2.48475544,0.997969571,0.241565311,0.944203942514,5.99252930232,4.23312528896,2.60205353987,1.63107174909,42.7633528961
HA5 16-fold,1,10,18,,6.679198194,0.902777778,4.971164541,17296.01562,2,5.434577491,0.663122525,2902.642172,UndecidedProblem,1.774045562,10.22869007,730730.3533,748026.3689,0.492832406,8.009578585,0,2.191885499,0.957681331,2.438904891,746931.3318,11.84289043,0.177311222,0.017232442,0.567700087,745123.7267,2850.135408,2902.642172,0.254733511,2,UndecidedProblem,27.8427747,-0.733934026,2.029686913,3.393890417,2.370471324,0.998122215,0.243701017,1.22071497939,8.15339728571,4.23794606882,3.54033751008,0.697608558743,4.98435032083
HA5 16-fold,1,10,19,,8.346460917,0.923611111,3.887487034,75444.42532,3,3.441707446,1.043454764,3826.300639,UndecidedProblem,0.991265265,11.90151591,744311.0619,819755.4872,0.551292329,7.74309961,0,2.533382538,0.808267562,2.276347003,819566.0513,12.26508248,0.177311222,0.024434615,0.808267562,815929.1865,3826.397906,3826.300639,0.58979186,3,UndecidedProblem,-10.931229,-0.93343626,2.00035977,13.6415123,2.426960681,0.998825979,0.228808056,0.857389350483,7.15616670446,4.87762715475,3.10732379699,1.77030335776,58.9255110495
HA5 32-fold,1,10,20,,7.179124361,0.840277778,5.574735889,15029.48236,1,5.491979015,0.673956922,2859.881082,6.094494518,UndecidedProblem,6.094494518,661356.2563,676385.7386,0.611293419,7.680303445,0,2.393058425,UndecidedProblem,2.819821588,676310.3259,11.73913515,4.178394028,0.013530517,0.62196063,673088.1784,3155.009535,3297.560175,0.237839002,1,0.963479072,29.62390064,-0.730047272,2.024962631,3.709221014,2.305661711,0.998471897,0.299821109,1.11421843534,7.99911271261,4.17694402303,3.4733446429,0.703599380128,5.05358273451
HA5 32-fold,1,10,21,,7.010943389,0.861111111,4.932702809,21787.47485,3,5.191280364,0.841945959,3954.060465,UndecidedProblem,1.478682519,11.3037724,774258.2315,796045.7064,0.446424678,7.381195487,0,2.529292453,1.066046137,2.039407794,795561.9116,12.22548631,3.510059417,0.02108473,0.756390952,791270.6692,4740.595429,4775.037196,0.287357449,3,UndecidedProblem,15.39268184,-0.936724189,2.001623468,2.922734726,2.683585225,0.998850666,0.297814848,0.916192873761,6.42337637135,4.3382068988,2.78913433406,1.54907256474,35.4056494194
HA5 32-fold,1,10,22,,7.510941583,0.847222222,5.372264891,19620.41311,1,5.181498591,0.877810621,4302.662939,UndecidedProblem,UndecidedProblem,11.82065728,692403.6082,712024.0213,0.673064475,7.057506024,0,2.142067805,UndecidedProblem,2.128851808,711947.7961,12.25293584,2.678047194,0.014855435,0.600546041,706678.7022,5268.688889,5345.319114,0.19853966,1,1.123527153,30.47112312,-0.751065526,1.967146782,3.715240775,2.406671342,0.999233351,0.239472814,1.1539498268,8.66724973884,4.29270814726,3.76346059003,0.529247557229,3.38257595393
HA5 32-fold,1,10,23,,7.846507194,0.909722222,5.480059054,27565.53591,2,4.855189433,0.66548995,2408.708102,UndecidedProblem,0.786095454,10.99660615,770289.6904,797855.2263,0.568353196,7.739521807,0,2.479277264,1.141062624,2.180716646,797840.2227,11.58867095,2.010097222,0.05343144,0.580243738,794121.9006,3808.955589,3733.325685,0.290238195,2,UndecidedProblem,-6.360518252,-0.853245509,2.078777646,9.580105646,2.417797166,0.99844175,0.31424251,1.19432568525,9.37128508131,4.44036644015,4.06916416904,0.371202271105,2.35072740883
HA5 64-fold,1,10,24,,7.510941583,0.847222222,6.429948072,16682.82955,1,5.285526725,0.995598504,7876.89196,UndecidedProblem,UndecidedProblem,12.75663476,634003.6754,650686.5049,0.711854454,6.119272625,0,2.69925576,UndecidedProblem,2.643455283,650532.1856,13.09405887,2.178148639,0.031243423,0.871835044,641326.2605,9540.277195,9360.24439,0.131390852,1,0.894009259,-7.404173577,-0.809719252,1.829538929,11.32414001,2.413159642,0.998967004,0.284972338,0.794875136953,5.97026071943,4.22226971259,2.59238415955,1.62988555305,42.6467119736
HA5 64-fold,1,10,25,,7.679024111,0.861111111,5.733297051,9804.879874,1,6.34406731,0.770550202,1714.130178,UndecidedProblem,UndecidedProblem,12.52734864,786715.3896,796520.2695,0.420473675,8.668581961,0,2.392061631,UndecidedProblem,4.087600151,795382.9467,11.05479309,4.178394028,0.011016474,0.677215308,794562.8061,1840.081475,1957.463361,0.273571314,1,0.94853489,23.95748007,-0.791398369,2.146278607,3.773579999,2.268953916,0.998883049,0.236686253,1.02330823272,7.85800859204,3.99144227721,3.41207494227,0.579367334945,3.79635952884
HA5 64-fold,1,10,26,,8.179155333,0.854166667,6.601105365,20134.2095,1,5.116581755,0.612206905,3319.369461,7.842886467,UndecidedProblem,7.842886467,678386.3077,698520.5172,0.698480556,7.145060307,0,2.2914505,UndecidedProblem,2.546349496,698396.0406,12.02885599,3.345551667,0.03454559,0.551032088,693585.352,4831.79299,4935.165188,0.197052321,1,1.000110448,29.64022672,-0.700956352,1.992831724,4.213311808,2.291703586,0.99826618,0.272802819,1.2576400088,10.2864329849,4.30393458321,4.46653625052,-0.162601667311,0.687698904776
HA5 64-fold,1,10,27,,9.850454889,0.840277778,6.114277532,78763.66473,1,3.34698156,0.796128614,3140.141673,6.378508831,UndecidedProblem,6.378508831,722670.3283,801433.993,0.591831846,7.676829529,0,2.299620298,UndecidedProblem,3.981486133,801045.7065,11.78527598,4.010306667,0.050194167,0.691818568,797517.3698,3881.651326,3916.623266,0.508878803,1,1.056579078,22.82056245,-0.778967156,2.055403193,3.885311464,2.429730695,0.999593344,0.236223761,1.00170771941,9.86727670206,4.89632591487,4.28453178552,0.611794129346,4.09066701952
HA5 128-fold,1,10,28,,8.346460917,0.854166667,6.408820825,10254.62767,1,5.875980218,0.6880735,1467.741961,6.006500284,UndecidedProblem,6.006500284,591980.6557,602235.2834,0.145254945,8.607935526,0,2.837022304,UndecidedProblem,3.492309063,602296.1771,10.6278679,0.845140528,0.023751797,0.642219982,600691.738,1555.607508,1543.545379,0.303800597,1,1.017278264,16.64369684,-0.802999657,2.146975299,3.866386016,2.310018548,0.999560625,0.294384523,1.07906950799,9.00641147519,4.01091989642,3.91073012383,0.100189772582,1.25947564151
HA5 128-fold,1,10,29,,8.846674111,0.9375,5.087024647,41068.49694,3,4.224569053,1.10721056,3911.380669,UndecidedProblem,1.655873039,14.11460208,726700.9263,767769.4232,0.577145224,7.323501096,0,2.696078711,1.307315217,1.897899827,767648.7051,12.31434054,1.009694444,0.007461565,0.992433864,762976.0934,4937.856479,4793.329775,0.522319917,3,UndecidedProblem,-9.925543939,-1.108780211,1.996033495,12.61712331,2.639797641,0.998247954,0.25833451,0.698283306463,6.17748484943,4.61350880846,2.68236424205,1.93114456642,85.3384138249
HA5 128-fold,1,10,30,,8.346460917,0.902777778,6.534599299,10346.99012,1,5.97825589,0.670623837,1620.593796,UndecidedProblem,UndecidedProblem,12.30571578,641954.5125,652301.5026,0.456858058,8.634565066,0,2.403901916,UndecidedProblem,2.815825877,652362.0762,11.18410223,0.509624889,0.058324927,0.588303998,650660.2127,1648.168319,1641.289891,0.27164684,1,0.947151466,0.079122968,-0.783184164,2.09258093,4.692581115,2.276859223,0.998299995,0.268543288,1.17796241799,9.83181728349,4.01481403439,4.26913473013,-0.254320695735,0.556774458567
HA5 128-fold,1,10,31,,6.010929361,0.868055556,4.766626056,7735.586797,3,6.671836604,1.113600811,3427.384139,UndecidedProblem,1.798535604,13.37661385,780972.3432,788707.93,0.459552166,7.739324062,0,2.588351324,1.069130572,2.355903825,788554.7493,11.95075203,4.010306667,0.022990199,0.976178631,785016.9004,3650.939731,3691.02952,0.184362026,3,UndecidedProblem,41.23031538,-1.074443291,2.041389739,2.692515279,2.550349716,0.998813366,0.313900587,0.709911053154,4.2672251931,3.88849326348,1.85289847725,2.03559478623,108.54124187
HA5 256-fold,1,10,32,,9.515039361,0.75,7.580783462,15611.16528,1,5.189786466,0.648788729,1969.83809,UndecidedProblem,UndecidedProblem,12.85788547,554181.3224,569792.4877,0.717295147,6.871785428,0,2.300382704,UndecidedProblem,3.466999547,569708.8195,11.33912233,5.678955056,0.013777014,0.611131687,564927.2599,4883.188021,4865.227821,0.181992295,1,1.00268442,25.6987295,-0.697114057,2.041148539,4.881608189,2.306557896,0.993647221,0.267670643,1.13396181992,10.7896913504,4.19343532175,4.68505920555,-0.491623883799,0.322385957256
HA5 256-fold,1,10,33,,8.346460917,0.8125,4.854844939,21279.38622,1,5.032126564,1.067060426,2221.57588,UndecidedProblem,UndecidedProblem,13.63446799,674994.5443,696273.9306,0.46087961,7.053845806,0,2.446462408,UndecidedProblem,3.994727424,696037.9926,11.44621516,3.845753861,0.00781024,1.010470024,691033.5725,5424.727221,5240.358063,0.352016402,1,1.020221812,46.86511411,-1.080034367,2.080846898,2.765794339,2.495934311,0.996039781,0.334640466,0.685819453858,5.72416526775,4.32795909707,2.48552551791,1.84243357916,69.5718543617
HA5 256-fold,1,10,34,,10.35042817,0.909722222,6.745741568,28247.06762,1,4.387328969,0.693496163,767.9169633,UndecidedProblem,UndecidedProblem,13.33558438,562893.8072,591140.8748,-0.036629082,8.666980186,0,2.603884933,UndecidedProblem,3.937376005,591236.0925,10.75580647,1.510040889,0.004918123,0.631242721,589686.5213,1526.350195,1454.353506,0.460470477,1,0.968921235,-8.468788857,-0.883814832,2.134907721,12.39951626,2.354303691,0.989927014,0.243053,1.0978344414,11.3630565283,4.45097336959,4.93402367708,-0.483050307492,0.328813539803
HA5 256-fold,1,10,35,,1.009694444,0.958333333,4.271841509,2153.572799,1,8.420352885,1.111454833,1546.391649,UndecidedProblem,1.25224466,UndecidedProblem,735645.9157,737799.4885,0.498552781,8.87769546,0,2.638862134,0.979275684,2.460923503,738032.8528,11.61890444,0.344954222,0.023562598,0.780188753,736230.9842,1585.973893,1568.504337,0.0691671,3,0,-10.94173103,-1.370778855,2.108689866,12.90644677,2.519406845,0.989247091,0.31156242,0.888246590758,0.89685764759,3.33315955716,0.389430155272,2.94372940189,878.474990316
HA5 512-fold,1,10,36,,10.68304719,0.868055556,7.565145869,27442.96419,1,4.321604528,0.754047717,1543.621121,UndecidedProblem,UndecidedProblem,13.85658803,521293.2355,548736.1997,0.482675451,8.473650253,0,2.369962956,UndecidedProblem,2.953508813,548736.1439,11.55470883,0.177311222,0.034737523,0.701611236,547192.5785,1431.683355,1543.621121,0.49531862,1,1.001486704,-5.97096743,-0.793978664,2.015665428,10.61190323,2.37348639,0.996678361,0.257813629,0.987726485042,10.5519286505,4.43843101891,4.58181878007,-0.143387761166,0.71880690245
HA5 512-fold,1,10,37,,9.850454889,0.798611111,8.299526155,11014.09026,2,6.063879017,0.623672579,1958.561067,UndecidedProblem,1.775699324,13.63104094,725800.3105,736814.4008,0.647565966,8.472432796,0,2.338430096,1.603408864,3.027680986,736492.8159,11.19175647,6.010929361,0.011015824,0.580553372,734739.9569,1981.684493,2074.443914,0.244082426,2,1.301869435,34.78199465,-0.773047123,2.114013028,4.834251901,2.796066482,0.998089207,0.235833168,1.19368870017,11.7583766925,4.04194863118,5.10567811224,-1.06372948106,0.0863516258409
HA5 512-fold,1,10,38,,9.683198306,0.847222222,7.944440966,10150.07006,1,5.914294871,0.731162371,1994.437195,UndecidedProblem,UndecidedProblem,13.96102119,601987.7315,612137.8016,0.087915473,7.562498285,0,2.861973591,UndecidedProblem,3.510543137,611905.9033,11.34924253,3.510059417,0.033810129,0.69080492,608899.5516,3166.040864,3238.249995,0.200544367,1,0.945790965,-4.435374911,-0.783793428,2.061579751,9.153341366,2.347411292,0.998334592,0.265877412,1.00317756857,9.71396733257,4.00646903994,4.21796236759,-0.211493327654,0.614478472263
HA5 512-fold,1,10,39,,12.35397717,0.9375,5.168885485,152871.5167,1,2.272598297,1.555516676,6193.961153,UndecidedProblem,UndecidedProblem,15.8916639,585792.3069,738663.8236,0.428267558,6.635899766,0,2.703238393,UndecidedProblem,2.937503067,738344.721,12.89341184,1.009694444,0.000831546,1.476677815,731236.3357,7623.054361,7427.487885,1.084157548,1,1.002704125,-9.053057701,-1.360420041,1.932899576,11.35081561,2.710548287,0.997911813,0.317972041,0.469296682703,5.79768050406,5.18432657441,2.51744702738,2.66687954703,464.386458279
HA5 1024-fold,1,10,40,,10.85017486,0.895833333,7.762266559,15857.82362,1,4.972800131,0.854023968,1334.51643,UndecidedProblem,UndecidedProblem,15.03499563,482114.9345,497972.7581,0.145503349,8.543605943,0,2.943613399,UndecidedProblem,3.025429938,497954.0541,10.91843088,0.177311222,0.019314373,0.768453263,496638.2417,1320.983312,1334.51643,0.467468766,1,1.04349596,-6.630887797,-0.926249331,2.087702984,10.85840806,2.384389768,0.99871661,0.290753384,0.901811513292,9.78481260998,4.20024358306,4.24872453755,-0.0484809544848,0.894373752867
HA5 1024-fold,1,10,41,,5.84629975,0.930555556,2.928180422,9623.111841,4,6.21731573,1.927455312,3805.594144,UndecidedProblem,1.642183777,UndecidedProblem,706378.5995,716001.7114,0.669548408,7.555697515,0,2.672698876,1.463279998,1.749056586,716049.8987,12.06686222,0.177311222,0.010646187,1.273968676,712196.1172,3732.912793,3805.594144,0.295509004,4,UndecidedProblem,-8.579510022,-1.474962699,2.049741933,10.45699973,2.791571873,0.998172399,0.336644327,0.543969418601,3.18020827598,3.98331553325,1.38089807902,2.60241745423,400.329371033
HA5 1024-fold,1,10,42,,11.68668019,0.826388889,8.319559374,39308.0648,1,3.933853368,0.901992487,2911.823974,UndecidedProblem,UndecidedProblem,15.16904934,561436.051,600744.1158,0.21200525,6.982321496,0,3.012072429,UndecidedProblem,4.174299248,601332.3226,11.74555414,3.00994825,0.032000487,0.872485087,595992.9376,4751.08535,4751.17816,0.453594538,1,0.97814356,26.74442256,-0.848017138,2.006075428,4.7071361,2.444513306,0.998676633,0.265085288,0.794282917067,9.28253043214,4.59448166332,4.03062545903,0.563856204293,3.66316266572
HA5 1024-fold,1,10,43,,8.511040639,0.951388889,3.429910025,30942.62255,6,4.682865812,1.647954489,3569.247218,UndecidedProblem,0.956477698,UndecidedProblem,763825.052,794767.6745,0.493493189,7.254501338,0,2.866483181,1.743887329,1.616577452,795038.0905,11.96810807,1.177710472,0.003496591,1.512565726,789562.711,5405.603766,5204.963503,0.659265363,6,UndecidedProblem,-10.4297455,-1.454318164,2.071806265,12.25923609,2.689477538,0.998910764,0.303362618,0.458161908661,3.89943462386,4.49055711966,1.69319783928,2.79735928039,627.132460299
HA5 2048-fold,1,10,44,,12.35397717,0.895833333,8.731268155,35343.2975,1,3.861421114,0.837655509,1756.268576,UndecidedProblem,UndecidedProblem,UndecidedProblem,478357.9823,513701.2798,0.399086756,8.192272373,0,2.318870829,UndecidedProblem,2.682113111,514727.3682,11.23526836,0.177311222,0.017021963,0.725379999,511945.0113,1755.62001,1756.268576,0.533424419,1,1.050418453,-4.866029393,-0.920838846,2.04615862,9.396479658,2.435784709,0.998556287,0.238686367,0.955361329173,11.8025120497,4.54830706637,5.12484240109,-0.576535334714,0.265133536844
HA5 2048-fold,1,10,45,,6.010929361,0.958333333,3.252121997,9599.194629,3,6.344617201,1.883578599,3754.32039,UndecidedProblem,0.738426567,UndecidedProblem,770509.0821,780108.2768,0.366063796,7.698978796,0,2.508137181,1.832941984,1.906050335,781317.7394,11.98532834,0.177311222,0.007565261,1.408981333,776353.9564,3701.561343,3754.32039,0.329576365,3,UndecidedProblem,0.325865845,-1.616628231,2.083196731,2.088277731,2.703845047,0.999245271,0.358971938,0.491844699265,2.95644374387,3.98223479733,1.28373588531,2.69849891202,499.457928977
HA5 2048-fold,1,10,46,,10.68304719,0.798611111,8.619436652,5741.508383,3,6.722664876,0.722646234,798.4820745,UndecidedProblem,1.482745342,UndecidedProblem,600645.3514,606386.8598,0.481195931,8.807037845,0,2.274514103,0.876102257,1.952815951,607957.198,10.06595358,6.010929361,0.015679152,0.658652288,605033.0202,1344.227184,1353.839613,0.239821445,3,0,37.03583647,-1.00941825,2.210330554,4.165787245,2.548884288,0.997669112,0.283366725,1.05214847443,11.2401518032,3.75902600326,4.88065644952,-1.12163044626,0.0755735030947
HA5 2048-fold,1,10,47,,4.678461722,0.9375,2.542953867,2801.049963,6,8.551233237,1.621822069,1521.632662,UndecidedProblem,1.825679046,UndecidedProblem,1047946.92,1050747.97,0.496757268,9.431580835,0,2.597444063,1.472323739,2.300897107,1054961.466,10.63634858,0.177311222,0.023215426,1.163493733,1049226.338,1521.644803,1521.632662,0.181381412,6,UndecidedProblem,-1.095200861,-1.571732135,2.287554196,2.99846461,2.730375733,0.99875307,0.224558032,0.595619882037,2.78658481897,3.44732085551,1.20998038166,2.23734047384,172.719142761
HA5 undiluted,1,11,0,,4.510389417,0.895833333,3.076842183,18527.14372,1,5.890042311,0.773131823,5144.508195,3.081850663,UndecidedProblem,3.081850663,1080195.011,1098722.155,0.571242242,7.729671269,0,2.374392237,UndecidedProblem,3.218261025,1098970.6,12.28010764,1.845573139,0.01696197,0.661660811,1093545.789,5176.458288,5176.365967,0.213725023,1,0.956801712,31.54605897,-0.870515308,2.041737294,1.992754516,2.271822556,0.99898436,0.200441153,1.04736443277,4.72402145331,4.26780847047,2.05124683166,2.2165616388,164.649963512
HA5 control,1,11,1,,3.845753861,1.0,2.138407158,27751.62449,2,5.532546078,0.672538581,4730.594733,UndecidedProblem,1.098761369,UndecidedProblem,1256797.544,1284549.168,0.65913293,8.085024826,0,2.626249752,0.908280006,2.615517321,1285728.591,12.2146104,0.177311222,0.015389678,0.631081856,1279818.573,4697.814769,4730.594733,0.279711427,2,UndecidedProblem,24.84077984,-0.958475389,2.064063993,1.137864825,2.500852638,0.997459583,0.146987072,1.09811428329,4.22307724479,4.44328841039,1.83372872114,2.60955968925,406.967463402
HA5 undiluted,1,11,2,,6.010929361,0.972222222,3.079907039,63353.7499,1,3.790479032,0.84825108,5745.053212,UndecidedProblem,UndecidedProblem,9.124202042,813284.0892,876637.8391,0.840773772,7.253516887,0,2.555916476,UndecidedProblem,3.812813765,876543.1387,12.56959417,0.177311222,0.009623989,0.774787287,870892.7858,5709.096274,5745.053212,0.45744367,1,0.952843101,31.73825282,-0.842955525,1.95357498,2.123135612,2.43538738,0.998795425,0.166388259,0.894439043629,5.37640990897,4.80177232581,2.33452449369,2.46724783212,293.256625011
HA5 control,1,11,3,,3.845753861,0.986111111,1.949395026,31485.7879,1,5.238270256,0.763924782,5698.082507,UndecidedProblem,UndecidedProblem,7.677160771,1156991.915,1188477.703,0.707033942,7.70442261,0,2.694492037,UndecidedProblem,3.340292646,1189066.573,12.55335386,0.177311222,0.006665369,0.729599763,1182779.62,5639.931002,5698.082507,0.311308972,1,0.889436943,16.55581625,-0.954935531,2.015215479,1.15844637,2.396580759,0.99829636,0.167898946,0.949835834856,3.65283482921,4.49811456555,1.58612020374,2.91199436181,816.571770225
HA5 2-fold,1,11,4,,5.678955056,0.965277778,4.276697054,37229.8661,1,4.489250627,0.97738825,13811.41515,UndecidedProblem,UndecidedProblem,UndecidedProblem,798932.4115,836162.2776,0.721027772,5.919849905,0,2.565343566,UndecidedProblem,2.969863551,836172.1197,13.8038172,0.177311222,0.006592594,0.905504378,822350.8625,13716.88975,13811.41515,0.226835296,1,0.959717971,20.15449184,-0.79758718,1.758118892,2.79652874,2.462006323,0.999040321,0.228542663,0.765319325712,4.34621405421,4.57089147425,1.88719672349,2.68369475076,482.719397481
HA5 control,1,11,5,,3.845753861,0.944444444,1.928655838,28793.00832,1,5.369692163,0.749497374,4948.689614,UndecidedProblem,UndecidedProblem,7.638927923,1161696.168,1190489.177,0.762583023,7.910292231,0,2.763254338,UndecidedProblem,3.611596329,1189381.443,12.38925304,0.177311222,0.011849844,0.719569863,1185540.487,4903.583474,4948.689614,0.316142969,1,0.874761099,16.35455063,-0.952286258,2.042251484,1.173256078,2.417187401,0.998453705,0.183990557,0.963075353254,3.70375075821,4.45928704274,1.60822872697,2.85105831577,709.673054343
HA5 2-fold,1,11,6,,5.346070972,0.909722222,3.810467514,19208.09285,1,5.379485528,0.619590631,3407.325912,UndecidedProblem,UndecidedProblem,8.639443618,780388.1624,799596.2553,0.68985858,7.874487957,0,2.379777876,UndecidedProblem,2.764451343,799601.8001,11.90612579,0.177311222,0.015349885,0.562748501,796188.9293,3347.51949,3407.325912,0.245048865,1,0.951278417,41.96515633,-0.736684317,2.03220468,2.635509076,2.26383133,0.998808839,0.264649481,1.23145596793,6.58345100345,4.28348424639,2.85864133888,1.42484290751,26.5976279949
HA5 control,1,11,7,,3.678288528,0.916666667,2.292543699,25012.18275,1,5.579288594,0.699605427,6365.201384,UndecidedProblem,UndecidedProblem,7.52160243,1170860.139,1195872.322,0.806581017,7.553641493,0,2.649106475,UndecidedProblem,3.233916029,1197344.057,12.68062128,0.177311222,0.010376255,0.652391539,1189507.12,6342.583774,6365.201384,0.225600977,1,0.871400191,46.40066136,-0.902651879,2.003248104,1.36522705,2.308431888,0.997960867,0.196460483,1.06224553596,3.90724556884,4.39815159317,1.69658947844,2.70156211473,502.993201034
HA5 4-fold,1,11,8,,5.510712528,0.833333333,4.088166649,13219.96849,1,5.870826057,0.682914471,3106.543916,UndecidedProblem,UndecidedProblem,9.498313756,760395.5314,773615.4999,0.575961954,7.697242131,0,2.454867391,UndecidedProblem,3.06995286,772731.1707,11.77407833,2.510107167,0.033877156,0.636643945,769887.942,3718.221896,3727.557892,0.204599602,1,0.9353302,32.23676444,-0.7628314,2.048791941,2.790950121,2.296111608,0.999386523,0.275065578,1.08852052304,5.99852368329,4.12123042,2.60465639743,1.51657402257,32.8529235128
HA5 control,1,11,9,,3.678288528,0.972222222,2.164045525,27972.33634,1,5.51022723,0.717545247,6536.588084,UndecidedProblem,UndecidedProblem,7.515830668,1246916.801,1274889.137,0.719187879,7.607618297,0,2.604271943,UndecidedProblem,3.357812724,1275171.112,12.67166205,0.177311222,0.016666707,0.647069428,1268352.549,6501.181391,6536.588084,0.2371862,1,0.887004077,27.66634552,-0.91189581,2.017407798,1.296847285,2.309999832,0.998244285,0.188366685,1.07098244796,3.93938245202,4.44672874157,1.71054383501,2.73618490656,544.734531331
HA5 4-fold,1,11,10,,5.84629975,0.854166667,4.495245836,21969.50234,1,5.183456083,0.745628857,6279.949353,UndecidedProblem,UndecidedProblem,9.671099146,776385.3725,798354.8749,0.576941147,6.817595685,0,2.403597467,UndecidedProblem,2.751171438,798369.1087,12.73251499,2.510107167,0.007854273,0.651984023,791277.1255,7059.618514,7077.749406,0.188280592,1,0.968263557,36.4902399,-0.73986321,1.918598742,3.019626823,2.327315833,0.999145597,0.256877146,1.06290948176,6.21408743746,4.34182021926,2.69825768018,1.64356253908,44.0111319982
HA5 control,1,11,11,,4.678461722,0.930555556,2.062688977,78009.28364,1,4.053029566,0.749055807,6864.730069,UndecidedProblem,UndecidedProblem,7.632872128,1216871.43,1294880.714,0.724373256,7.559400493,0,2.55433225,UndecidedProblem,3.840191992,1295667.315,12.72400432,0.177311222,0.004436871,0.716078359,1288015.984,6797.066951,6864.730069,0.429073983,1,0.937170719,22.62434113,-0.912469116,2.013925547,1.282543028,2.39384539,0.998384807,0.214036134,0.967771182148,4.52768043133,4.89214628979,1.9659923714,2.92615391839,843.633697166
HA5 8-fold,1,11,12,,7.679024111,0.854166667,4.681583975,41080.79839,1,4.010246808,0.780369719,2870.770129,UndecidedProblem,UndecidedProblem,10.74922017,620897.0463,661977.8447,0.62250182,7.341685447,0,2.500757803,UndecidedProblem,3.938719926,661696.9042,11.80673163,2.510107167,0.013946822,0.718473767,657896.7571,4075.498662,4081.087594,0.409760572,1,0.955151535,-6.296456366,-0.755578017,2.015329501,9.576835729,2.388602655,0.998990387,0.257984374,0.964544610854,7.40676132288,4.61363887536,3.21613604988,1.39750282547,24.9748463747
HA5 control,1,11,13,,3.510059417,0.930555556,2.413214565,21996.59836,1,5.869885077,0.698642382,7435.292249,2.500122417,UndecidedProblem,2.500122417,1264376.664,1286373.262,0.689394993,7.416746097,0,2.439389161,UndecidedProblem,3.461098367,1285376.852,12.75012313,1.177710472,0.025288552,0.627234853,1278844.84,7495.969569,7528.422068,0.172308298,1,0.933525138,29.63066242,-0.878531979,2.006751417,1.470122539,2.277231103,0.99731642,0.194155745,1.1048493187,3.87808675546,4.34235552502,1.68392824814,2.65842727688,455.435916503
HA5 8-fold,1,11,14,,5.84629975,0.833333333,4.053930059,11932.39873,UndecidedProblem,5.988734351,0.711828119,2078.837516,UndecidedProblem,1.643855066,10.07192556,745801.0049,757733.4036,UndecidedProblem,7.779166094,0,UndecidedProblem,1.833698704,2.783002663,757603.9541,11.38081007,2.010097222,0.018040644,0.649817296,754283.9199,3478.927184,3449.483702,0.20471306,2,0,25.41171925,-0.827838081,2.096887688,2.702390506,2.265278311,0.998428691,0.266016263,1.06645360822,6.2348074631,4.07672775721,2.7072546518,1.36947310541,23.4138647543
HA5 control,1,11,15,,3.178060528,0.888888889,1.903039263,14716.56641,2,6.450466509,0.643957653,3735.931619,UndecidedProblem,1.483546408,7.765647103,1272318.559,1287035.125,0.526178474,8.307764998,0,2.34340351,0.781625246,3.230993962,1287594.68,11.76346809,1.177710472,0.045217645,0.611847617,1282973.462,4077.556542,4061.663484,0.200174987,2,0,34.2455177,-0.902552198,2.131679466,1.173443332,2.37694082,0.997882775,0.201891233,1.13263495803,3.59958245274,4.16780649457,1.56299715707,2.6048093375,402.540273651
HA5 16-fold,1,11,16,,7.179124361,0.916666667,5.23902656,23876.21079,1,4.855038762,0.806978093,4471.228081,UndecidedProblem,UndecidedProblem,10.96555661,667123.2397,690999.4504,0.359195261,7.023087841,0,2.912647625,UndecidedProblem,3.016494818,691077.797,12.36315318,1.345317167,0.024468884,0.751620347,685686.7222,5353.972339,5312.72822,0.28285084,1,0.928924968,-7.955775023,-0.764388428,1.947203939,11.41136816,2.361213005,0.999008353,0.284846196,0.92200803606,6.61921035271,4.37796540438,2.87416862906,1.50379677533,31.9004474956
HA5 control,1,11,17,,3.678288528,0.868055556,1.423761938,31315.3051,1,5.429934201,0.757813214,4021.845872,1.334163791,UndecidedProblem,1.334163791,1318672.098,1349987.404,0.676366241,8.249103504,0,2.389811125,UndecidedProblem,5.036476711,1350438.441,11.87883203,0.845140528,0.0107411,0.677786296,1345550.274,4519.076376,4437.129706,0.329999514,1,0.98256462,23.22529947,-0.993021412,2.129718098,0.858973662,2.348143861,0.99837463,0.184884482,1.02244616642,3.76085200446,4.49575664732,1.6330230154,2.86273363192,729.010245491
HA5 16-fold,1,11,18,,7.010943389,0.902777778,4.719991727,20380.76415,2,5.149039633,0.689612971,2044.913995,UndecidedProblem,1.477709616,11.32863521,702781.6429,723162.407,0.868761406,8.343638849,0,2.641051831,0.88270724,2.542660623,721760.0676,11.47054778,0.677804139,0.011851958,0.628371424,720936.2783,2275.244578,2226.128732,0.346171939,2,0,-8.165523679,-0.800129603,2.077661106,11.29431212,2.383261842,0.99807273,0.240936016,1.10285091513,7.73202533248,4.30922046328,3.35737096504,0.951849498239,8.95054536814
HA5 control,1,11,19,,3.00994825,0.875,1.630111913,14589.91873,1,6.519822758,0.669470108,3478.397929,UndecidedProblem,UndecidedProblem,7.350457554,1324208.187,1338798.106,0.783259472,8.540316252,0,2.609111271,UndecidedProblem,3.621810513,1339217.183,11.6950404,0.677804139,0.025914123,0.610068976,1335202.072,3639.174879,3596.033467,0.216311756,1,0.863700803,22.29776237,-0.968110163,2.150045326,0.905349163,2.253491499,0.998534406,0.191337375,1.13593712721,3.41911196817,4.16405287276,1.48463394189,2.67941893087,477.990132084
HA5 32-fold,1,11,20,,7.179124361,0.916666667,5.621633225,12376.99516,2,5.719781963,0.766795887,3013.667156,UndecidedProblem,1.730832914,11.5931851,639913.6662,652290.6613,0.602915008,7.757851076,0,2.313446872,1.052986988,2.713349688,650056.7784,11.89438994,0.177311222,0.038677863,0.689428873,649276.9942,3021.330805,3013.667156,0.24522402,2,UndecidedProblem,11.19537235,-0.789448226,2.003196193,3.59045607,2.601390946,0.999028354,0.225619876,1.00517983383,7.21631103224,4.09261522111,3.13343944083,0.959175780279,9.10281633707
HA5 control,1,11,21,,3.510059417,0.930555556,1.812070426,24347.43929,1,5.817543598,0.739370214,4956.741371,UndecidedProblem,UndecidedProblem,7.792295776,1348772.317,1373119.757,0.705447271,8.113849755,0,2.678101353,UndecidedProblem,3.705536938,1374466.633,12.27469989,0.177311222,0.007821264,0.686903969,1368163.015,4927.209398,4956.741371,0.274098536,1,0.874240916,27.57036961,-1.008414558,2.085851453,0.979576804,2.34130578,0.998266943,0.19479315,1.0088746481,3.54120995912,4.3864532916,1.53765087239,2.84880241921,705.996290587
HA5 32-fold,1,11,22,,0.509624889,0.840277778,4.897353917,1012.195457,2,9.474652828,0.503717602,451.0680875,UndecidedProblem,1.318380862,12.56724049,719131.3679,720143.5634,0.418675394,10.64072361,0,2.55700072,1.124611978,3.507844969,719574.395,10.55605824,0.177311222,0.462471259,0.298063572,719692.4953,339.0693914,451.0680875,0.067611771,2,0.864822036,-6.495400785,-0.747401809,2.181879414,9.987894993,2.601155484,0.99176695,0.280740045,2.32500736454,1.18488162008,3.00526438375,0.514494841544,2.4907695422,309.577609376
HA5 control,1,11,23,,3.510059417,0.868055556,2.03619234,22196.84215,2,5.931567847,0.621619609,4279.601331,UndecidedProblem,1.712501101,7.241445034,1332590.209,1354787.051,0.445771279,8.150720274,0,2.410124296,0.771431838,2.540706538,1354782.801,11.96101461,1.177710472,0.031167301,0.549181398,1350019.891,4787.9437,4767.160219,0.213977635,2,UndecidedProblem,31.0670655,-0.925488433,2.119161678,1.161460229,2.336954458,0.997318391,0.198743523,1.26187813812,4.42926724182,4.34629119362,1.92325976632,2.42303142731,264.869180173
HA5 64-fold,1,11,24,,8.346460917,0.875,6.144908066,17434.9155,2,5.150023228,0.712510438,2077.569657,UndecidedProblem,1.588857,13.41106646,601623.051,619057.9665,-0.624673193,7.685888133,0,2.996408345,1.125531581,3.046233056,618589.6085,11.49286083,1.177710472,0.023895573,0.601849124,616051.5549,3109.950855,3006.411648,0.265526322,2,0,-5.892950543,-0.789679244,2.045395867,9.738187858,2.613550594,0.998412384,0.266595321,1.15145137272,9.61054388023,4.24141984687,4.17305422502,0.0683656218424,1.17048437835
HA5 control,1,11,25,,3.510059417,0.847222222,1.583303882,24491.69857,1,5.85067114,0.645669415,3041.291874,UndecidedProblem,UndecidedProblem,7.351991184,1388847.531,1413339.23,0.35376915,8.543954684,0,2.377908355,UndecidedProblem,4.001718853,1414001.908,11.53918968,1.009694444,0.014597421,0.583619862,1409552.539,3893.336156,3786.690171,0.273178504,1,0.944619913,24.19710471,-0.955900847,2.176292383,0.92854315,2.246219583,0.997619186,0.201115021,1.18741675039,4.16790334662,4.38901890575,1.80977131855,2.5792475872,379.531290528
HA5 64-fold,1,11,26,,8.679149306,0.840277778,5.733015477,32720.71984,1,4.374530565,1.004945949,4364.498391,UndecidedProblem,UndecidedProblem,12.99611043,645994.7784,678715.4983,0.481629658,7.280847291,0,2.361136754,UndecidedProblem,3.913981458,678423.0749,12.38039888,0.177311222,0.020711682,0.927837775,674350.9999,4364.542647,4364.498391,0.459662235,1,1.040578046,-5.862236752,-0.841726656,1.947671998,9.547982764,2.456947069,0.999181276,0.268469158,0.746897807647,6.4824375889,4.51482284937,2.81477967386,1.70004317551,50.1237061781
HA5 control,1,11,27,,3.178060528,0.881944444,1.684200326,19590.47825,2,6.18178178,0.693802211,4417.360007,UndecidedProblem,1.132767734,7.486628603,1402564.025,1422154.503,0.82682946,8.330678078,0,2.774668693,0.874749013,2.993070415,1424294.755,12.15773332,0.177311222,0.023595048,0.639129421,1417737.143,4358.422647,4417.360007,0.239912948,2,UndecidedProblem,34.00893098,-0.997724617,2.108623616,0.909075134,2.433565399,0.99852812,0.21917124,1.08428743417,3.44593109555,4.29204503828,1.49627924253,2.79576579575,624.835643528
HA5 128-fold,1,11,28,,8.511040639,0.826388889,6.963268496,12891.6315,1,5.540929958,0.705354402,2765.947735,UndecidedProblem,UndecidedProblem,12.42777285,587305.6225,600197.254,-0.041240691,7.099871932,0,2.963258752,UndecidedProblem,2.735372035,599850.1471,11.77372272,3.510059417,0.037032739,0.618280314,595821.8356,4336.439417,4375.418384,0.17123524,1,0.940176122,29.96034944,-0.769781663,2.001710956,4.25459637,2.329167729,0.998167479,0.301864771,1.12085082495,9.53960692144,4.11030788296,4.14225224552,-0.0319443625696,0.929085404211
HA5 control,1,11,29,,3.345551667,0.840277778,2.141712931,19181.73168,1,6.244884523,0.604335165,4852.36047,UndecidedProblem,UndecidedProblem,7.23689513,1435558.242,1454739.974,0.415212993,7.932250014,0,2.435506736,UndecidedProblem,2.868326641,1455559.484,12.20091239,1.177710472,0.044999503,0.543757412,1448784.173,6079.670519,5955.801097,0.163442774,1,0.917643017,33.47304812,-0.94568733,2.101018948,1.141434672,2.23492575,0.99663689,0.219734472,1.27446538605,4.26378979682,4.28288781165,1.85140677239,2.43148103926,270.072919538
HA5 128-fold,1,11,30,,8.346460917,0.881944444,6.246133772,15293.53993,1,5.437478748,0.867147727,2787.197806,UndecidedProblem,UndecidedProblem,12.9703713,647460.2584,662753.7983,0.539659164,7.89351383,0,2.415907133,UndecidedProblem,2.983240604,662296.3221,12.0279078,0.177311222,0.049689611,0.756796719,659966.6005,2771.711794,2787.197806,0.321269501,1,0.980858534,-5.608346856,-0.847232911,1.988905359,9.481847963,2.369663128,0.998277528,0.293035643,0.915701644314,7.6428679859,4.18450802133,3.31865739727,0.865850624061,7.34261274959
HA5 control,1,11,31,,3.00994825,0.868055556,1.62644543,14401.48048,1,6.674132751,0.571093571,2688.50316,UndecidedProblem,UndecidedProblem,6.850878628,1456289.04,1470690.52,0.938438917,9.095474807,0,2.895663213,UndecidedProblem,2.677035987,1474119.513,11.43170049,0.177311222,0.041437431,0.493594485,1468002.017,2583.485599,2688.50316,0.210028612,1,0.766279442,30.03394367,-1.054561353,2.196350123,0.623599235,2.218887192,0.997834372,0.233266842,1.40398651334,4.22592674886,4.1584071401,1.83496602208,2.32344111802,210.591635785
HA5 256-fold,1,11,32,,8.511040639,0.770833333,6.647358781,3901.517184,1,7.097924521,0.590800855,425.5471219,UndecidedProblem,UndecidedProblem,12.63940629,530566.4877,534468.0049,0.489217164,8.037347781,0,2.283368633,UndecidedProblem,4.647524499,534467.4619,9.648405673,5.510712528,0.035867969,0.537787161,532433.5927,2025.291812,2034.412166,0.094118155,1,0.959909469,55.60503667,-0.715526789,2.228936565,4.549992331,2.191827173,0.98656315,0.269918047,1.28861387972,10.9674450983,3.59123352408,4.76224276955,-1.17100924547,0.0674513668169
HA5 control,1,11,33,,3.678288528,0.819444444,2.280940682,22635.41342,1,6.082892623,0.583646703,4304.048876,UndecidedProblem,UndecidedProblem,7.251860237,1511704.459,1534339.873,0.508980016,8.126298993,0,2.286880553,UndecidedProblem,3.554690865,1533666.068,12.02518661,1.177710472,0.023148969,0.55842252,1528848.741,5637.404038,5491.1312,0.20096299,1,0.967912636,25.32269762,-0.917205243,2.126122008,1.277815757,2.213500585,0.995115825,0.19606557,1.24099579652,4.56474060162,4.35478843099,1.98208449918,2.3727039318,235.886959112
HA5 256-fold,1,11,34,,9.515039361,0.854166667,6.803759651,14556.44203,1,5.352545738,0.61700306,687.266378,UndecidedProblem,1.321023986,11.77133124,580190.2775,594746.7196,0.872312979,8.520881865,0,2.525976569,0.986591065,3.041295966,594506.8493,10.52501903,1.677970417,0.013688435,0.560647944,593127.5549,1681.390395,1619.164691,0.307456026,2,1.414821945,-10.66054549,-0.942691217,2.168703684,14.24819977,2.289400062,0.989114265,0.258708354,1.23606981425,11.7612529355,4.16305523517,5.10692702368,-0.943871788509,0.11379631833
HA5 control,1,11,35,,3.678288528,0.861111111,2.132822441,22691.92364,1,6.11537291,0.607474934,3882.73208,UndecidedProblem,UndecidedProblem,7.383953056,1550501.036,1573192.959,0.555719267,8.377854938,0,2.291081903,UndecidedProblem,3.721749024,1574513.045,11.83065723,1.177710472,0.016241113,0.570916573,1568463.665,4834.89386,4729.294494,0.226210755,1,0.969860244,34.67930353,-0.947709156,2.152071774,1.174299437,2.222029255,0.995611723,0.207107066,1.21383759515,4.46484490109,4.35587131346,1.93870816374,2.41716314973,261.314283928
HA5 512-fold,1,11,36,,10.51502822,0.916666667,7.484835282,26027.20234,2,4.36362745,0.7098551,1339.256866,7.696452789,1.625128814,7.696452789,509782.0895,535809.2918,0.811072066,8.644143098,0,2.670574044,1.005314877,2.25452844,535865.0129,11.36847865,0.177311222,0.027272211,0.659151413,534470.035,1328.156629,1339.256866,0.480232482,2,UndecidedProblem,-6.856405784,-0.801064883,2.033034913,11.38430308,2.350733457,0.99585159,0.268667928,1.05135176279,11.0549934548,4.41542748837,4.80025768773,-0.384830199356,0.412258672665
HA5 control,1,11,37,,3.345551667,0.902777778,1.646281927,16952.10166,2,6.549000245,0.634201363,2642.197483,UndecidedProblem,1.017737964,8.241415358,1570384.62,1587336.722,1.117686384,9.230654184,0,2.947375851,0.818752674,3.062577035,1588587.306,11.53208032,0.177311222,0.041087082,0.571623098,1584694.524,2548.044475,2642.197483,0.266647394,2,0,28.17647514,-1.073673791,2.193376284,0.720463269,2.350194387,0.997133978,0.220167563,1.21233729432,4.05593705598,4.22922354813,1.76115373686,2.46806981127,293.812190652
HA5 512-fold,1,11,38,,10.18306933,0.784722222,7.372698303,20932.73228,UndecidedProblem,4.926737736,0.812327607,1870.065243,6.886282263,1.439358402,6.886282263,615748.0752,636680.8075,UndecidedProblem,7.733603333,0,UndecidedProblem,1.179943509,3.66141002,636449.1632,11.19278819,4.345784972,0.00533567,0.773266419,633689.4027,2918.25037,2991.404761,0.373023146,2,UndecidedProblem,29.15762783,-0.818298493,2.089245963,4.43119628,2.367310976,0.997202094,0.266732273,0.896198235139,9.12604876184,4.32082591905,3.96267857657,0.358147342483,2.28111585173
HA5 control,1,11,39,,4.178394028,0.895833333,2.07077437,42141.78299,1,5.312423529,0.685852603,5019.473558,2.093565278,UndecidedProblem,2.093565278,1632460.728,1674602.511,0.359483524,8.342092093,0,2.311406363,UndecidedProblem,3.011253618,1683156.074,12.13147582,1.009694444,0.007029026,0.634525234,1669442.011,5154.358753,5160.500111,0.331945319,1,0.996865593,28.39697237,-1.064962478,2.12682667,0.889172957,2.304161473,0.996799148,0.188664218,1.09215514666,4.56345454246,4.62471290636,1.98152607141,2.64318683495,439.730748403
HA5 1024-fold,1,11,40,,11.186771,0.847222222,8.078516286,12777.44053,2,5.10770643,0.721111304,582.3789641,8.302342155,1.677276779,7.734524031,427794.3769,440571.8174,0.659538318,9.554761696,0,2.371906183,0.791740864,3.584674188,440803.8318,9.464610982,0.344954222,0.047449234,0.551202633,439986.0208,590.5769483,585.796592,0.419258332,2,0,16.49643083,-0.785077307,2.221656813,4.863963544,2.393584227,0.999241257,0.242975622,1.25725088835,14.0645777775,4.1064438683,6.10706807534,-2.00062420705,0.00998563742565
HA5 control,1,11,41,,4.178394028,0.951388889,1.5007224,43086.49169,2,5.314416396,0.724696646,3410.186947,UndecidedProblem,1.022207538,8.005647531,1671422.937,1714509.428,0.832948761,8.973729293,0,2.814349783,0.973398106,3.822696552,1714611.719,11.66191751,0.177311222,0.021842709,0.640590155,1711099.241,3373.136562,3410.186947,0.401620662,2,UndecidedProblem,24.8968614,-1.138629862,2.187325052,0.574546984,2.512881745,0.997046833,0.242182274,1.08181493985,4.52024908407,4.63434113318,1.96276555974,2.67157557344,469.435115623
HA5 1024-fold,1,11,42,,11.85419158,0.840277778,7.40891834,42252.06853,3,3.770674853,0.923360964,1485.652643,8.169940987,1.861117919,8.169940987,534427.0289,576679.0975,0.407172314,8.013095105,0,2.583620691,1.228534296,1.959483363,576428.742,10.87786978,4.178394028,0.018238454,0.740464034,574446.7992,2209.926884,2232.298284,0.533398643,3,UndecidedProblem,-9.871326198,-1.124520163,2.136001625,13.17326926,2.547558064,0.99763399,0.283619869,0.935899609136,11.0943332663,4.62584797551,4.81733967275,-0.191491697237,0.643440366051
HA5 control,1,11,43,,4.345784972,0.888888889,2.188232673,54380.45565,2,4.976500197,0.758657789,7637.192272,UndecidedProblem,1.008249819,8.226047503,1657678.339,1712058.795,0.365407084,7.6577172,0,2.432907694,0.985427277,2.760195548,1720417.128,12.80228668,1.009694444,0.007608447,0.691689847,1703580.352,8545.705787,8478.442898,0.320573998,2,0,27.12679606,-1.097368534,2.047781927,0.95203689,2.522681479,0.996032012,0.233972256,1.00189413363,4.35401646946,4.73544284219,1.89058465891,2.84485818328,699.613503367
HA5 2048-fold,1,11,44,,12.186565,0.840277778,8.334733719,20196.64838,1,4.34690904,0.758867632,606.254194,8.844067157,UndecidedProblem,8.844067157,390791.5149,410988.1632,-0.163090803,9.148272063,0,2.855444095,UndecidedProblem,4.606354385,411683.0429,9.235991148,0.845140528,0.021401303,0.659165688,410263.8523,745.3940749,724.3108896,0.537356598,1,1.074744555,-3.330674658,2.63157309,1.618165007,23.35074433,2.438624351,-7.582174541,0.244259466,1.05132899454,12.8120891283,4.30527930455,5.56321716385,-1.25793785929,0.0552156438526
HA5 control,1,11,45,,2.845433861,0.993055556,1.440692822,12830.0148,3,7.106192334,0.665855861,2973.890933,UndecidedProblem,1.909237471,UndecidedProblem,1754852.251,1767682.265,0.961349427,9.215291526,0,2.733179015,0.774526349,2.333272341,1779713.39,11.34057124,0.177311222,0.017360345,0.612702063,1764708.374,2966.026498,2973.890933,0.226304793,3,UndecidedProblem,22.39062507,-1.180528001,2.22046106,0.412368041,2.543570604,0.997568262,0.149375238,1.13105543762,3.21834344089,4.10822715735,1.39745698692,2.71077017043,513.771690548
HA5 2048-fold,1,11,46,,11.51866667,0.930555556,9.061227511,21968.87193,1,4.983543656,0.766372602,2403.993967,9.205990964,UndecidedProblem,9.205990964,673061.6584,695030.5304,0.61373732,8.175499266,0,2.399712523,UndecidedProblem,2.282752355,697403.8939,11.55315732,0.177311222,0.015700402,0.711555583,692626.5364,2383.853695,2403.993967,0.389621772,1,1.017660604,-6.933595595,-1.044498926,2.062533992,10.90211928,2.442092894,0.998311605,0.233685779,0.973922510843,11.2182887648,4.3418077571,4.87116316318,-0.529355406089,0.29555927591
HA5 control,1,11,47,,4.510389417,0.770833333,2.186311973,54285.63941,1,4.34591623,0.715105698,5713.597048,UndecidedProblem,UndecidedProblem,UndecidedProblem,1049630.547,1103916.186,0.73808052,7.594015632,0,2.573617146,UndecidedProblem,3.377156319,1114284.474,12.53755116,0.177311222,0.012279549,0.651269092,1098202.589,5711.484358,5713.597048,0.363955035,1,0.913227398,26.08593906,-0.926507802,2.045080241,1.321375355,2.350297689,0.997102224,0.251197716,1.06407629122,4.79939844279,4.73468495758,2.08397674459,2.650708213,447.412602569
HA5 undiluted,1,12,0,,4.345784972,0.930555556,3.149221855,16967.24661,2,6.047237478,0.766294689,5686.740722,UndecidedProblem,1.793175755,UndecidedProblem,1105080.257,1122047.503,0.778106171,7.624316012,0,2.465485626,0.918181513,2.52888815,1124802.314,12.43462286,0.177311222,0.018916103,0.611453088,1116360.763,5661.369681,5686.740722,0.171310298,2,0,46.74901688,-0.900744441,2.019948926,1.940171364,3.129333561,0.998541616,1.942099528,1.13336577016,4.92536393176,4.22961137213,2.13867300554,2.09093836659,123.292984813
HA5 undiluted,1,12,1,,4.678461722,0.986111111,2.677931211,20655.52783,1,5.599685147,0.771387793,3408.721904,UndecidedProblem,UndecidedProblem,8.937281063,980979.4748,1001635.003,0.89135641,8.198910265,0,2.669344582,UndecidedProblem,3.565784468,1001760.197,11.83532471,0.177311222,0.007604933,0.699283174,998226.2807,3409.669379,3408.721904,0.314375199,1,0.867177565,25.95804731,-0.930327071,2.070892043,1.722947491,2.314795736,0.998308592,0.178001171,0.991014836001,4.63642497617,4.31503629739,2.01321101874,2.30182527864,200.366576883
HA5 undiluted,1,12,2,,4.010306667,0.979166667,2.711551071,10116.16148,1,6.492153251,0.708340757,2788.964934,UndecidedProblem,UndecidedProblem,8.530613677,900527.8127,910643.9742,0.888746205,8.351013522,0,2.550975304,UndecidedProblem,3.449587788,909573.9597,11.50269039,0.177311222,0.043970093,0.62992759,907855.0092,2726.138222,2788.964934,0.205969352,1,0.889027477,31.90728064,-0.856972324,2.099844877,1.868507563,2.267887139,0.99886872,0.191054213,1.10012644469,4.41184441569,4.00501575319,1.91569449227,2.08932126092,122.834754143
HA5 undiluted,1,12,3,,4.010306667,0.9375,2.932066165,12214.77925,1,6.185587218,0.809815043,4883.716478,UndecidedProblem,UndecidedProblem,8.97750955,876848.9974,889063.7767,0.967348438,7.508163656,0,2.720113694,UndecidedProblem,3.467675512,888478.0766,12.47284423,0.177311222,0.056223573,0.69788137,884180.0602,4802.367816,4883.716478,0.164364837,1,0.858927958,25.83537202,-0.852171937,1.974909525,2.061310021,2.3363817,0.998550106,0.2003613,0.993005444464,3.9822563543,4.08688562265,1.72916037964,2.35772524301,227.889986679
HA5 2-fold,1,12,4,,5.510712528,0.909722222,3.602558588,25595.82733,1,4.926946948,0.817331545,5058.647326,UndecidedProblem,UndecidedProblem,9.479396545,753028.5383,778624.3657,0.681126632,7.26603202,0,2.454633167,UndecidedProblem,3.154154036,777319.8953,12.52718934,0.177311222,0.009383098,0.744041243,773565.7183,4948.216737,5058.647326,0.301430037,1,0.95792855,35.25694898,-0.791517588,1.944408633,2.559176596,2.351363191,0.999025238,0.226504179,0.931399981546,5.13267754689,4.40816917175,2.22869194394,2.17947722781,151.174042932
HA5 2-fold,1,12,5,,5.178466667,0.881944444,3.765760497,26040.8519,1,4.923643627,0.962478451,9268.814213,UndecidedProblem,UndecidedProblem,9.841280808,764309.4208,790350.2727,0.668386531,6.404980988,0,2.536978413,UndecidedProblem,2.746819509,790045.638,13.28226162,0.509624889,0.019224801,0.813308476,781023.5683,9352.053112,9326.704314,0.211641865,1,0.935004484,27.57252659,-0.803180141,1.836251396,2.622908616,2.37208619,0.999293272,0.264788586,0.852075221702,4.41244313336,4.41565518763,1.9159544652,2.49970072243,316.009924712
HA5 2-fold,1,12,6,,5.178466667,0.875,3.816420352,17593.34424,2,5.512458313,0.612595942,3827.810449,UndecidedProblem,1.298218997,9.60918535,785495.7018,803089.0461,0.636698378,7.712896762,0,2.329859119,0.897179525,2.045340188,802454.8928,12.12981849,0.177311222,0.006735454,0.560805546,799261.2356,3808.143304,3827.810449,0.216542716,2,0,35.74139539,-0.758990763,2.00564927,2.579242948,2.354611925,0.998666783,0.261347133,1.23572244416,6.39914748673,4.2453484004,2.77861375889,1.4667346415,29.2910298564
HA5 2-fold,1,12,7,,5.178466667,0.805555556,3.671510155,23214.28971,3,5.146900026,0.742338865,5646.734806,UndecidedProblem,1.046455908,UndecidedProblem,799268.26,822482.5497,0.624721548,7.186424382,0,2.416697582,0.963212046,1.912843538,822240.5284,12.64728846,0.177311222,0.022075449,0.690109201,816835.8149,5601.07522,5646.734806,0.245624827,3,UndecidedProblem,34.26006469,-0.795128823,1.941158904,2.524971558,2.461643196,0.998868052,0.246648963,1.00418890082,5.20015875028,4.36575540005,2.25799337833,2.10776202173,128.162810258
HA5 4-fold,1,12,8,,5.678955056,0.847222222,4.223371554,15597.88514,1,5.610717896,0.614171757,3026.432699,UndecidedProblem,UndecidedProblem,9.099954788,746586.5963,762184.4815,0.441994247,7.976378155,0,2.025309336,UndecidedProblem,2.810338596,762154.5092,11.74627048,0.177311222,0.025241676,0.564111451,759158.0488,2981.239455,3026.432699,0.233387142,1,1.130634619,17.1866002,-0.723785241,2.046623007,2.94254952,2.289884849,0.998229819,0.310109819,1.22848064646,6.97648637841,4.19306571795,3.02930368146,1.16376203649,14.5801514932
HA5 4-fold,1,12,9,,5.678955056,0.875,4.122106459,21193.63971,3,5.242370604,0.765004922,5046.68434,UndecidedProblem,1.271111507,9.696786853,781068.592,802262.2317,0.505816743,7.312594219,0,2.207279876,0.913553748,2.415585369,801595.674,12.54161747,0.177311222,0.020317652,0.647198201,797215.5474,4934.296947,5046.68434,0.234283857,3,UndecidedProblem,34.7306255,-0.778288698,1.949908153,2.846882013,2.462696552,0.99865773,0.236693989,1.07076935463,6.08085104026,4.32620554709,2.6404042728,1.68580127429,48.5066491263
HA5 4-fold,1,12,10,,5.010367222,0.861111111,3.766196104,8578.244453,1,6.518667267,0.657013563,2313.265049,UndecidedProblem,UndecidedProblem,9.276923144,777947.2371,786525.4816,0.65781442,8.409419119,0,2.235637865,UndecidedProblem,3.624011652,785951.1948,11.42636483,0.177311222,0.018873203,0.603092462,784212.2165,2280.68221,2313.265049,0.200831232,1,1.02244119,16.2475394,-0.76598699,2.093419595,2.673880574,2.28580824,0.998729505,0.272070652,1.14907753564,5.75730042012,3.93339841811,2.49991333918,1.43348507893,27.1322043235
HA5 4-fold,1,12,11,,5.84629975,0.798611111,4.189830684,24128.35085,1,5.127106823,0.797953781,5718.433439,UndecidedProblem,UndecidedProblem,9.941795586,819091.0379,843219.3887,0.550174156,7.032997689,0,2.419328121,UndecidedProblem,2.627058373,842959.4661,12.57736915,2.345529417,0.032828593,0.670656784,836780.7016,6366.24573,6438.687098,0.223949277,1,0.958330541,38.04048156,-0.811976797,1.956662249,2.724178516,2.318516026,0.999255661,0.252538896,1.03331542532,6.0410717127,4.38252763931,2.62313144277,1.75939619654,57.4640453991
HA5 8-fold,1,12,12,,6.511028222,0.819444444,4.35128126,17428.86108,1,5.34467823,0.65807553,1768.942773,UndecidedProblem,UndecidedProblem,10.02159202,690806.2813,708235.1424,0.517939739,8.160927481,0,2.401477257,UndecidedProblem,3.376720676,708085.06,11.01835181,2.510107167,0.007780999,0.613027871,705760.6079,2474.534472,2474.534472,0.299093683,1,0.949256154,26.59947233,-0.790613973,2.126659799,2.883824364,2.279617066,0.999250333,0.268179572,1.13045431176,7.36041992754,4.24126900829,3.19601386346,1.04525514483,11.0982663881
HA5 8-fold,1,12,13,,6.346647194,0.854166667,4.813224953,17355.50784,2,5.418978698,0.637419619,3310.48911,UndecidedProblem,1.43744063,9.741270933,725171.8509,742527.3587,0.561601545,7.452481975,0,2.402136039,0.93609347,1.717362924,742138.7379,11.91489036,2.510107167,0.041288104,0.575458244,738288.0813,4214.12601,4239.277473,0.205843428,2,UndecidedProblem,21.13342345,-0.800627905,2.021324254,2.986135367,2.335168683,0.999088329,0.264895582,1.20425766287,7.64299851692,4.2394373261,3.31871407595,0.920723250143,8.33150098774
HA5 8-fold,1,12,14,,5.678955056,0.888888889,4.132099201,9485.812904,UndecidedProblem,6.239079205,0.694689318,2029.444015,UndecidedProblem,0.906370686,19.7621634,707027.9561,716513.769,UndecidedProblem,7.913611576,0,UndecidedProblem,2.053239095,1.977840672,716405.6544,11.29050022,2.510107167,0.048517518,0.5653037,713542.1709,2941.80689,2971.59817,0.168335903,3,UndecidedProblem,33.06837847,-0.825615451,2.096748501,2.743391895,2.257501821,0.999022461,0.291624939,1.22588972972,6.96177267866,3.97707455448,3.02291475409,0.954159800388,8.99828616153
HA5 8-fold,1,12,15,,6.346647194,0.875,4.40819713,20260.12721,2,5.24976867,0.728126082,3170.994579,UndecidedProblem,1.712935718,10.1192971,750607.8549,770867.9821,0.517592788,7.260442644,0,2.459168073,0.946121576,1.971249144,771021.0195,11.89518213,2.178148639,0.055114135,0.59980425,765840.2863,5084.084837,5027.695768,0.21184749,2,UndecidedProblem,26.26603026,-0.853805047,2.031426818,2.758547409,2.393915524,0.998601263,0.257928111,1.15537694173,7.33276982523,4.3066421679,3.18400774,1.12263442789,13.2627757914
HA5 16-fold,1,12,16,,6.010929361,0.854166667,4.01636001,7185.909567,1,6.694138999,0.777874297,1503.53701,UndecidedProblem,UndecidedProblem,10.94544702,736891.9487,744077.8582,0.566548277,8.129351528,0,2.105246832,UndecidedProblem,2.789543936,743319.5062,10.97671626,2.345529417,0.05385838,0.538325388,741420.5635,2675.891276,2657.294728,0.139078535,1,1.109336273,31.47122008,-0.816974228,2.141744056,2.947957342,2.335426673,0.998408225,0.233742389,1.28732550136,7.73802265327,3.85648174741,3.35997509912,0.496506648291,3.13694315092
HA5 16-fold,1,12,17,,6.846513861,0.916666667,3.879732808,25242.28004,UndecidedProblem,4.972890272,0.919976124,2626.026072,UndecidedProblem,1.294636513,11.39259121,767473.8904,792716.1704,UndecidedProblem,7.546963722,0,UndecidedProblem,1.042215396,1.947868019,792561.9995,11.72807736,1.677970417,0.02407343,0.735296316,788477.2501,4357.708443,4238.920395,0.326967256,5,UndecidedProblem,-9.777805112,-0.944614097,2.066428123,12.34519652,2.457133693,0.998374505,0.223965885,0.942477182219,6.45268309174,4.40212858053,2.80185978799,1.60026879254,39.8353642388
HA5 16-fold,1,12,18,,7.010943389,0.847222222,4.852602922,23056.95865,2,5.012977687,0.736885891,3045.83707,UndecidedProblem,1.895886064,10.64236805,721432.7045,744489.6631,0.587014691,7.547070613,0,2.527739875,0.960387786,2.591825544,743944.265,11.77841581,1.677970417,0.017062462,0.667167733,740508.9211,4051.897648,3980.742068,0.29309638,2,UndecidedProblem,-9.225398536,-0.79546124,2.042469956,12.38669108,2.461081559,0.999148516,0.231917079,1.03871929909,7.28240220301,4.36280202071,3.16213730048,1.20066472023,15.8732084756
HA5 16-fold,1,12,19,,5.84629975,0.875,3.81678246,12348.90395,2,6.045482369,0.970647013,3113.403641,UndecidedProblem,0.83981869,11.59288361,803293.7781,815642.682,0.598090265,7.652938811,0,2.320809773,1.184860013,2.776090972,815453.6039,11.88311733,1.009694444,0.025244932,0.799590073,811590.0628,4140.19929,4052.619286,0.225140812,2,UndecidedProblem,-9.300678255,-0.943736081,2.050980851,11.88739718,2.56533345,0.999100753,0.223950814,0.866694101641,5.06695350975,4.09162841269,2.20015349968,1.89147491301,77.8887820862
HA5 32-fold,1,12,20,,6.846513861,0.916666667,5.27534252,10060.80343,1,6.096755551,0.730761909,2274.480911,UndecidedProblem,UndecidedProblem,11.25390724,678494.7108,688555.5143,0.641958609,7.796086561,0,2.454375234,UndecidedProblem,2.810362731,688301.6997,11.49039111,1.177710472,0.042760135,0.627279528,685457.5025,3166.45726,3098.011725,0.188368209,1,0.939325628,-9.547551104,-0.81807947,2.066059704,12.886605,2.305457558,0.999085106,0.28496572,1.10477063106,7.56382743878,4.00263266375,3.28433670811,0.718295955638,5.2275230402
HA5 32-fold,1,12,21,,9.011071639,0.930555556,4.689070918,69680.46448,3,3.452810592,1.14129142,5317.571972,4.512990121,1.297773087,3.31492807,693295.0391,762975.5035,0.714247663,7.138140374,0,2.537131486,1.183292811,2.338887403,762204.2014,12.5242527,0.845140528,0.017285003,0.868846663,757559.035,5468.748926,5416.468585,0.543594824,3,UndecidedProblem,-9.00621685,-0.939754348,1.95464789,12.03015369,2.653381257,0.999286392,0.2393452,0.797609094345,7.18731268906,4.84311103695,3.1208478893,1.72226314765,52.7549417272
HA5 32-fold,1,12,22,,7.346503806,0.840277778,5.550396473,15477.66029,2,5.480439383,0.668666791,2391.200013,UndecidedProblem,1.394523339,11.69591873,675528.5554,691006.2157,0.582632037,8.012393566,0,2.388321309,0.849433226,1.728027779,690833.2581,11.42030541,3.00994825,0.020939262,0.558154603,688330.0614,2590.167525,2676.154321,0.246584978,2,0,26.37405749,-0.779035998,2.073364668,3.458705775,2.374046272,0.999412971,0.289392499,1.2415914807,9.12135653848,4.18970531036,3.96064113699,0.229064173368,1.69458818216
HA5 32-fold,1,12,23,,7.346503806,0.909722222,5.404947556,25048.21762,3,4.97465547,0.711354097,3771.573137,UndecidedProblem,1.246811642,12.90636615,762536.6124,787584.83,0.554767754,7.237218902,0,2.461227961,1.181929914,1.730838185,787524.3096,12.17754419,2.678047194,0.036686635,0.656725611,782364.7475,5203.687532,5220.082512,0.258766165,3,UndecidedProblem,-7.132810743,-0.908490791,2.0042863,10.17036098,2.615181464,0.999144098,0.271039553,1.05523522822,7.75228962033,4.39877682779,3.36617004791,1.03260677989,10.7797026143
HA5 64-fold,1,12,24,,8.346460917,0.868055556,5.69828325,25602.91592,1,4.734273164,0.744969428,2141.277628,UndecidedProblem,UndecidedProblem,11.88217902,655868.5246,681471.4405,0.232379862,7.546918637,0,2.806564515,UndecidedProblem,3.229523188,681201.9012,11.5322238,1.677970417,0.031441165,0.670014531,677827.2693,3752.549563,3644.171232,0.325593692,1,0.920194934,-6.892609422,-0.822185351,2.06075869,10.45498174,2.350115733,0.998024946,0.271674972,1.03430592612,8.63279398858,4.40828942999,3.74849934372,0.659790086275,4.56867312067
HA5 64-fold,1,12,25,,7.846507194,0.923611111,5.287704756,24800.78536,3,4.960120231,0.823703208,2903.77118,UndecidedProblem,1.162448765,27.49061539,747186.9579,771987.7433,0.937495729,7.570889294,0,2.970159183,1.193836222,1.710314772,771624.0332,11.91300336,1.345317167,0.035743926,0.750743436,767927.56,4184.700806,4060.183238,0.338251476,5,0,-12.32990613,-1.029264285,2.04578621,15.06101291,2.570032179,0.99777572,0.259587317,0.923084993846,7.24299304489,4.39446543373,3.14502520403,1.2494402297,17.7598882888
HA5 64-fold,1,12,26,,7.846507194,0.909722222,5.677386729,14443.79916,2,5.54152766,0.682591853,1584.178628,UndecidedProblem,1.776918444,11.56256798,658296.5687,672740.3678,0.520031002,8.581977332,0,2.280575572,0.947958037,2.292775426,672648.9508,11.18783416,0.677804139,0.041160481,0.606474983,670984.811,1802.147179,1755.556816,0.318794649,2,UndecidedProblem,-6.432047453,-0.810678936,2.098336078,10.02070513,2.411173873,0.997977318,0.247463834,1.14266873231,8.9659584284,4.15968144096,3.89316475397,0.26651668699,1.84721176936
HA5 64-fold,1,12,27,,7.846507194,0.895833333,4.340094689,31057.90962,1,4.731038741,1.070318406,3214.824228,UndecidedProblem,UndecidedProblem,12.91715497,793757.5524,824815.4621,0.404863185,8.003187708,0,2.485080575,UndecidedProblem,4.653638535,824366.5919,12.04726457,0.177311222,0.00552891,0.994730514,821600.6378,3088.110903,3214.824228,0.55249486,1,0.994956417,23.98039,-0.985525217,2.033862968,2.8187613,2.472546865,0.998621935,0.225845878,0.696671098601,5.46643478702,4.4921722218,2.37361475772,2.11855746409,131.388533144
HA5 128-fold,1,12,28,,8.679149306,0.888888889,6.613717917,17301.11063,2,5.187042817,0.762858028,2672.683283,UndecidedProblem,1.7928003,12.58729987,612972.9877,630274.0983,0.647213772,7.270553399,0,2.50067582,1.071192608,2.318232479,630273.4852,11.78068113,3.345551667,0.023835542,0.688650251,626192.0814,4026.925557,4082.01693,0.250204089,2,UndecidedProblem,-2.939288495,-0.799267954,2.012000332,7.038600129,2.433940118,0.998648241,0.235471311,1.00631633982,8.73396976233,4.23807398319,3.79243150774,0.445642475443,2.79024587938
HA5 128-fold,1,12,29,,8.346460917,0.881944444,5.072036953,25543.91285,UndecidedProblem,4.855522824,1.073100903,3054.008042,UndecidedProblem,1.467088934,20.55613531,713968.4497,739512.3625,UndecidedProblem,7.10465006,0,UndecidedProblem,1.208862418,2.603103181,739345.7214,11.98156117,2.178148639,0.006796441,0.961902084,734139.1668,5440.483704,5373.195741,0.371868025,5,UndecidedProblem,-8.504188033,-1.083990021,2.032387472,11.28256439,2.631392722,0.997399944,0.257947866,0.720447550252,6.01318732093,4.40728742382,2.61102358703,1.79626383679,62.5552604741
HA5 128-fold,1,12,30,,9.179088833,0.944444444,6.552944086,29582.18499,1,4.477042241,0.775339197,2853.791615,UndecidedProblem,UndecidedProblem,12.60289777,629218.823,658801.008,-0.05447202,7.606568688,0,2.817319391,UndecidedProblem,2.862197747,658827.3283,11.94366023,1.009694444,0.030294337,0.714521497,655420.7572,3422.389964,3380.250735,0.383835259,1,0.947488614,-8.110702699,-0.827970342,1.99930778,12.00438308,2.373456313,0.998084634,0.268570754,0.969879846736,8.90261327053,4.47103024857,3.86565925772,0.605370990848,4.03061197496
HA5 128-fold,1,12,31,,9.515039361,0.930555556,4.942149053,63121.52797,1,3.659384448,1.119173813,3579.656656,UndecidedProblem,UndecidedProblem,13.56242225,734435.9436,797557.4716,0.338989129,7.799623455,0,2.502395593,UndecidedProblem,3.996702149,797420.1343,12.30166902,0.177311222,0.013190241,0.968866247,793977.8149,3490.271939,3579.656656,0.67970137,1,1.053311992,-7.639020481,-1.035456851,1.998109177,10.57711966,2.635803287,0.998558915,0.263730381,0.715269008644,6.80581277095,4.80017750321,2.95519442942,1.84498307379,69.9814720864
HA5 256-fold,1,12,32,,8.179155333,0.791666667,6.95370943,6276.888381,1,6.526059189,0.667136686,1761.714296,UndecidedProblem,UndecidedProblem,12.51070443,572197.2863,578474.1747,0.593862578,7.352461729,0,2.344699071,UndecidedProblem,3.393411752,578449.1558,11.35443995,5.678955056,0.017946614,0.609274693,574934.4258,3449.437914,3539.748879,0.093831712,1,0.97104885,16.19283622,-0.717045,2.040961885,4.574478769,2.276817336,0.99250119,0.26008194,1.13741799547,9.30311846346,3.79774440586,4.03956511657,-0.241820710709,0.573032546528
HA5 256-fold,1,12,33,,6.010929361,0.819444444,4.733482802,4381.595444,UndecidedProblem,7.420193085,1.013791996,1855.830972,UndecidedProblem,UndecidedProblem,13.44753525,746087.7697,750469.3651,UndecidedProblem,6.985376606,0,UndecidedProblem,UndecidedProblem,4.125684314,750469.9259,11.46815632,4.178394028,0.015317821,0.910316274,744546.5923,5965.749028,5922.772882,UndecidedProblem,1,1.033519987,30.81327477,-1.035117586,2.090014569,2.937202255,2.429631488,0.992405231,0.365061825,0.761273877874,4.57596350428,3.64163227634,1.98695766577,1.65467461057,45.1517524041
HA5 256-fold,1,12,34,,10.35042817,0.784722222,8.296398831,50832.81769,2,3.651446852,0.956741597,11414.65918,8.221347213,1.307825015,8.221347213,587929.3905,638762.2082,-0.123600737,5.584114124,0,3.104784794,1.272168315,2.047693148,638668.2385,13.53202378,3.845753861,0.021102965,0.879386194,625446.8344,13267.32254,13315.3738,0.294587713,2,UndecidedProblem,36.11652189,-0.738318735,1.743420076,4.9704479,2.573274837,0.999364547,0.240514057,0.788049670018,8.15665150391,4.70614418354,3.54175054447,1.16439363907,14.6013711065
HA5 256-fold,1,12,35,,7.346503806,0.840277778,6.050327531,1743.466858,2,8.80402728,0.6277383,422.0149711,UndecidedProblem,2.85213494,12.81428899,777530.1811,779273.648,0.172562513,9.118697564,0,2.586672331,0.783655532,4.327197928,779412.4706,9.593777906,2.345529417,0.035068254,0.565004887,777871.8401,1466.650093,1401.807897,0.039066473,2,UndecidedProblem,22.25510106,-0.844403705,2.300645724,3.853888718,2.376678988,0.994741849,0.230624752,1.22653806355,9.01076655211,3.24141369618,3.91262116896,-0.67120747278,0.213202615034
HA5 512-fold,1,12,36,,10.51502822,0.9375,7.71005925,23348.73024,1,4.650679426,0.708899769,1498.154011,UndecidedProblem,UndecidedProblem,13.7495669,563136.7638,586485.494,-0.378687283,8.296907646,0,2.81167183,UndecidedProblem,3.418991928,586352.8427,11.47603789,0.845140528,0.033313833,0.674476304,584620.6642,1925.681284,1864.829807,0.420586559,1,0.956747658,-7.37958829,-0.805761173,2.039060287,11.97369711,2.35330245,0.992872169,0.252917997,1.02746382029,10.8038110653,4.36826326757,4.69119021508,-0.322926947514,0.4754151886
HA5 512-fold,1,12,37,,0.677804139,1.0,3.852196878,1781.297303,2,8.677032071,1.200310847,1108.640767,UndecidedProblem,1.966992751,14.97765237,727312.3885,729093.6858,0.427248233,9.361168433,0,2.765585828,1.339294625,2.010362253,729142.2887,11.51563057,0.177311222,0.047755496,0.654668823,727985.0451,1058.568113,1108.640767,0.084479301,2,UndecidedProblem,-9.088177081,-1.372753297,2.124302637,11.21133762,2.65929509,0.989614178,0.257196391,1.05855048485,0.717489899969,3.25073641035,0.311545766378,2.93919064398,869.341964038
HA5 512-fold,1,12,38,,10.51502822,0.847222222,7.404365697,32388.32162,1,4.327838027,0.748117468,1708.911254,UndecidedProblem,UndecidedProblem,13.76126797,618037.0979,650425.4195,0.449812288,8.572162353,0,2.39983404,UndecidedProblem,4.460085521,650387.3035,11.18257739,0.177311222,0.038001703,0.656401258,648716.5083,1632.861083,1708.911254,0.474382044,1,1.032101799,23.10642052,-0.77545561,2.089695633,4.56209924,2.476873032,0.998485591,0.263247717,1.05575666036,11.1013110771,4.51038844322,4.8203695515,-0.309981108277,0.489800125113
HA5 512-fold,1,12,39,,10.01507008,0.847222222,8.072487825,15141.12487,2,5.733526463,0.758743179,2518.449957,8.511990307,1.571743563,8.511990307,790462.8259,805603.9507,0.560990316,7.872265135,0,2.200836709,0.965404121,3.391212751,805631.6676,11.58140272,5.84629975,0.018090591,0.692466613,802165.7309,3361.657128,3438.219886,0.257948364,2,UndecidedProblem,36.46395457,-0.740810019,2.080183749,5.023057024,2.399181883,0.998888779,0.195584266,1.00077027107,10.0227843988,4.18015814113,4.35205575283,-0.1718976117,0.673135334466
HA5 1024-fold,1,12,40,,11.01859839,0.909722222,8.289041112,22254.60229,2,4.558632091,0.787854898,2063.766468,UndecidedProblem,1.020136226,15.80320521,502196.2989,524450.9012,0.144443311,7.40255431,0,2.991305448,1.198801544,2.470924888,524270.3273,11.37458007,1.677970417,0.02069071,0.730716544,521351.242,3157.16166,3099.65918,0.357815169,2,0,-6.636672248,-0.880682456,2.035064911,11.05148974,2.502030476,0.998551784,0.255355335,0.948384165776,10.4498642421,4.34741983745,4.53750075646,-0.190080919006,0.645533940075
HA5 1024-fold,1,12,41,,12.02268531,1.0,3.992564636,91466.83045,1,2.897786235,1.849931421,4454.724516,UndecidedProblem,UndecidedProblem,UndecidedProblem,590218.9071,681685.7375,0.416794306,7.257626772,0,2.740868454,UndecidedProblem,2.979944411,682003.1207,12.3236719,0.177311222,0.002496467,1.651425134,677231.013,4392.482286,4454.724516,1.211223471,1,0.967558819,-10.35766736,-1.532435174,2.022736108,12.24550988,2.651951445,0.998526873,0.336125928,0.419637551671,5.045170228,4.96126362998,2.19069484499,2.77056878499,589.615354894
HA5 1024-fold,1,12,42,,11.35425711,0.819444444,9.11874048,30691.1069,1,4.120896509,0.945394035,5967.713585,9.129828869,UndecidedProblem,9.129828869,503290.1462,533981.2531,0.551418808,6.440353243,0,2.515912917,UndecidedProblem,2.176142115,534132.5219,12.61174387,6.010929361,0.003479623,0.831684579,527832.5078,6070.050446,6148.745268,0.333061024,1,0.980095707,9.225885566,-0.881988056,1.858966301,4.696786356,2.465835449,0.999702553,0.262967663,0.833248586662,9.4609186895,4.4870125519,4.10808453734,0.378928014559,2.39291909096
HA5 1024-fold,1,12,43,,7.346503806,0.888888889,3.685052626,13848.72829,5,5.767022356,1.695398614,3195.587773,UndecidedProblem,1.023491722,UndecidedProblem,740299.3168,754148.0451,0.285477708,7.316396181,0,2.473217506,1.782334652,1.78161875,755033.4745,11.96810923,3.178060528,0.004151921,1.515725509,749416.5118,4717.520653,4731.533279,0.40232967,5,UndecidedProblem,26.14340239,-1.487367682,2.070961473,1.863065277,2.617969234,0.998092923,0.320948071,0.457206793635,3.35887144957,4.14140989456,1.45847653042,2.68293336413,481.873855756
HA5 2048-fold,1,12,44,,11.85419158,0.833333333,8.366635469,28834.68774,1,4.229971705,0.828034913,1556.08358,UndecidedProblem,UndecidedProblem,UndecidedProblem,512247.9726,541082.6603,-0.185814015,8.015983055,0,3.053883575,UndecidedProblem,3.150659236,542004.7403,10.89560478,2.178148639,0.038328042,0.719859791,538992.3428,2128.681142,2090.317576,0.464405886,1,1.071319586,-5.713588896,-0.958478604,2.098124123,9.941108438,2.452079143,0.99917797,0.277621015,0.962687468677,11.4118816854,4.45991525266,4.95522435317,-0.495309100515,0.319661916934
HA5 2048-fold,1,12,45,,10.18306933,0.972222222,4.536625482,30978.22787,2,4.57001659,1.526884718,2371.766269,UndecidedProblem,1.806469466,UndecidedProblem,704836.7843,735815.0122,1.198618231,8.264766768,0,3.022585116,2.234703889,2.473283186,736277.9624,11.48252799,0.509624889,0.012044128,1.410355917,733422.6555,2400.795036,2392.356735,0.879847052,2,0,-11.02152604,-1.596645279,2.152860736,12.79704335,2.650862793,0.99831919,0.353286154,0.491365329593,5.0036072176,4.49105657003,2.1726475109,2.31840905913,208.165646261
HA5 2048-fold,1,12,46,,11.85419158,0.895833333,8.334551845,24692.03457,2,4.599250281,0.82085287,1196.632028,8.798759023,1.508652509,8.798759023,573814.8747,598506.9093,0.47179471,8.96624451,0,2.341172601,1.155707714,2.0306125,600455.6758,10.7202,0.177311222,0.029206776,0.643442347,597310.2773,1143.578704,1196.632028,0.47832248,2,UndecidedProblem,16.50619711,-0.935742606,2.12197718,4.363014277,2.631827105,0.998718036,0.237785258,1.07701957018,12.7671963203,4.39255687633,5.54372397755,-1.15116710122,0.0706045840421
HA5 2048-fold,1,12,47,,12.35397717,0.875,7.640794342,112973.9134,1,3.253599529,1.720721298,16915.10304,UndecidedProblem,UndecidedProblem,UndecidedProblem,964506.1049,1077480.018,0.54697314,5.898315198,0,2.689907033,UndecidedProblem,2.554994964,1080945.651,14.11663242,3.178060528,0.001993549,1.63840889,1059414.958,18097.81467,18065.06076,0.733548185,1,1.03434926,-8.65241637,-1.374709631,1.824806399,11.51799402,2.782303348,0.999322344,0.270521106,0.422971337759,5.22537825024,5.05297817291,2.26894409476,2.78403407815,608.18272219
HA5 undiluted,1,13,0,,5.84629975,0.916666667,3.042242594,63015.5642,1,4.207895446,0.799953597,5622.505216,UndecidedProblem,UndecidedProblem,9.530228719,1101514.156,1164529.72,0.798995682,7.69431865,0,2.432033135,UndecidedProblem,3.885386913,1164234.212,12.45800106,0.177311222,0.014858396,0.717060777,1158907.215,5622.983288,5622.505216,0.427285823,1,0.989967537,34.43681209,-0.893821895,2.021102595,1.947909236,2.407633853,0.998477509,0.20590292,0.966445275252,5.65012877109,4.799447829,2.45337766873,2.34607016027,221.855479834
HA5 control,1,13,1,,3.510059417,0.972222222,1.858372108,20276.90642,1,5.981475163,0.713083928,4077.760388,UndecidedProblem,UndecidedProblem,UndecidedProblem,1260888.311,1281165.217,0.73680773,8.241081807,0,2.585299239,UndecidedProblem,3.388511283,1283516.808,11.96340652,0.677804139,0.007241549,0.648671577,1276930.813,4268.553474,4234.404267,0.25538971,1,0.898207649,25.96077385,-0.977083494,2.095036329,1.042756299,2.32213555,0.997906773,0.141183897,1.06833723655,3.74992717768,4.30700169685,1.62827927819,2.67872241866,477.224156119
HA5 undiluted,1,13,2,,4.845858389,0.972222222,3.269196251,22355.83775,1,5.354489287,0.786688615,5597.067708,UndecidedProblem,UndecidedProblem,8.924948541,892289.7334,914645.5712,0.739970933,7.352397791,0,2.548762485,UndecidedProblem,2.86694624,914121.3661,12.68971764,0.177311222,0.009799861,0.718139164,909048.5035,5532.123044,5597.067708,0.250198433,1,0.913506231,14.53523294,-0.830860177,1.943488398,2.234784966,2.328310411,0.998040599,0.183649905,0.964994021688,4.67622437533,4.34939094901,2.03049256419,2.31889838482,208.4003216
HA5 control,1,13,3,,3.678288528,1.0,1.981553155,26352.40396,1,5.509899479,0.776671341,5832.866071,UndecidedProblem,UndecidedProblem,7.799430285,1174432.6,1200785.004,0.850154601,7.685557201,0,2.796565044,UndecidedProblem,3.339080878,1201207.801,12.62927378,0.177311222,0.012574425,0.727862977,1194952.138,5786.012272,5832.866071,0.275144443,1,0.851785703,14.1015724,-0.961212447,2.008730682,1.192978318,2.382074122,0.998327066,0.162353331,0.952102280097,3.50210689436,4.42082023924,1.52067168665,2.90014855259,794.599985124
HA5 2-fold,1,13,4,,4.678461722,0.902777778,3.369218108,13730.32753,UndecidedProblem,5.817670722,0.836778019,4670.183052,UndecidedProblem,UndecidedProblem,9.507514615,760685.6229,774415.9504,UndecidedProblem,7.373485759,0,UndecidedProblem,UndecidedProblem,3.607721651,774461.2033,12.44741059,0.177311222,0.018159846,0.764345423,769745.7674,4613.706961,4670.183052,0.209025942,1,0.854208058,17.29961001,-0.786645987,1.953102543,2.518458254,2.324070424,0.998597475,0.228374067,0.906658140609,4.24176540578,4.13768089723,1.84184342413,2.2958374731,197.622993321
HA5 control,1,13,5,,3.345551667,0.958333333,1.405040717,18275.9496,1,5.997500324,0.727663572,2878.825456,UndecidedProblem,UndecidedProblem,7.519129216,1149359.974,1167635.924,0.940424028,8.581767441,0,2.539548633,UndecidedProblem,4.081783361,1168183.268,11.42862279,0.677804139,0.014982155,0.624324197,1164588.464,3091.35059,3047.460132,0.280146874,1,0.887495861,28.54344305,-0.965628145,2.154786126,0.907272975,2.253838901,0.999209659,0.186933344,1.11000022637,3.71356310771,4.26187995172,1.61248940847,2.64939054325,446.057189066
HA5 2-fold,1,13,6,,5.178466667,0.923611111,2.718907883,19322.10157,2,5.399162395,0.906410975,3283.240745,UndecidedProblem,1.566819113,9.861130852,796065.6682,815387.7697,0.691081281,7.942791574,0,2.594113297,0.751550162,2.404742959,815325.4446,11.88475616,0.509624889,0.052819666,0.586292553,812073.8218,3329.734365,3313.947928,0.259676046,2,0,15.29439093,-0.838372907,2.043936582,2.272317774,2.400309176,0.999218483,0.24613881,1.18200375641,6.12096705283,4.28605436072,2.65782329693,1.6282310638,42.4845540369
HA5 control,1,13,7,,3.345551667,0.965277778,1.644812238,18323.23435,1,6.069052981,0.678866333,3187.695792,UndecidedProblem,UndecidedProblem,7.347234367,1211858.088,1230181.322,0.934543594,8.592141304,0,2.837008741,UndecidedProblem,3.075063613,1231079.68,11.72836736,0.177311222,0.019842892,0.593287938,1226993.626,3160.249411,3187.695792,0.260616024,1,0.79487956,43.67711636,-0.970934548,2.129916217,0.962350965,2.25508026,0.998888289,0.209137242,1.16806689571,3.9078281501,4.26300213616,1.69684244468,2.56615969148,368.264360745
HA5 4-fold,1,13,8,,5.678955056,0.833333333,4.332746673,23334.53891,1,5.04360639,0.874630966,7905.626246,UndecidedProblem,UndecidedProblem,10.09594768,746284.9087,769619.4476,0.458960161,6.605121694,0,2.347270778,UndecidedProblem,2.19242648,769245.0977,13.04641153,0.177311222,0.016389386,0.729302805,761713.8214,7817.029905,7905.626246,0.200583003,1,0.999532902,32.60434535,-0.758680952,1.869332347,3.001476497,2.346174372,0.99904478,0.319874785,0.950222589642,5.39627137977,4.36799922366,2.34314866686,2.0248505568,105.888929265
HA5 control,1,13,9,,4.845858389,0.951388889,2.340965258,70013.80826,1,4.062081262,0.766400513,7192.154852,UndecidedProblem,UndecidedProblem,UndecidedProblem,1099464.055,1169477.863,0.76614768,7.345224754,0,2.612431832,UndecidedProblem,3.371142819,1169703.33,12.88323047,0.177311222,0.005851479,0.73634528,1162285.708,7086.212019,7192.154852,0.413708707,1,0.924097541,35.37498048,-0.930980973,1.971861115,1.405243228,2.414141833,0.998152495,0.196287289,0.941134572086,4.56060486132,4.84518370087,1.98028869358,2.86489500729,732.647390808
HA5 4-fold,1,13,10,,6.010929361,0.826388889,4.468211736,17082.54856,1,5.474460826,0.585155251,2693.427153,UndecidedProblem,UndecidedProblem,9.22598541,742420.6075,759503.156,0.376909267,8.108756935,0,2.42432908,UndecidedProblem,2.616655858,759091.2684,11.51778142,3.510059417,0.050220606,0.526686668,756751.7764,2724.062027,2751.379632,0.242264274,1,0.935028538,16.285663,-0.718253102,2.075453851,3.031726126,2.266816875,0.998950032,0.29521499,1.31577281542,7.90901744863,4.23255266395,3.43422381617,0.798328847785,6.28534104702
HA5 control,1,13,11,,3.845753861,0.958333333,2.6668909,28461.34024,1,5.441645559,0.739005778,9364.58121,UndecidedProblem,UndecidedProblem,7.803593711,1208493.619,1236954.959,0.834984597,7.045362776,0,2.562809794,UndecidedProblem,3.311054475,1237406.446,13.19155932,0.177311222,0.012066587,0.692596136,1227590.378,9312.503679,9364.58121,0.195874055,1,0.920892714,30.08527025,-0.899531343,1.938772877,1.576618571,2.360072866,0.997313516,0.198044274,1.00058311616,3.84799638223,4.45425534709,1.67086251942,2.78339282767,607.285382482
HA5 8-fold,1,13,12,,5.510712528,0.8125,4.504974903,7923.150714,1,6.487244628,0.712390968,2984.716366,UndecidedProblem,UndecidedProblem,10.13178607,702886.2117,710809.3624,0.67148568,7.592687163,0,2.506899189,UndecidedProblem,3.174763933,711082.4402,11.72650881,2.510107167,0.030682594,0.641228372,707126.9997,3643.498213,3682.36264,0.128356334,1,0.919274438,28.53837991,-0.777727739,2.039486418,3.006937587,2.304528342,0.999288087,0.29080611,1.08073820539,5.95563756793,3.89889791715,2.58603454969,1.31286336746,20.5524389798
HA5 control,1,13,13,,3.845753861,0.972222222,2.461041372,28162.45295,1,5.498928326,0.767583441,8122.223243,UndecidedProblem,UndecidedProblem,7.976933279,1245378.307,1273540.76,0.7709903,7.292754738,0,2.537268631,UndecidedProblem,3.570883665,1274702.204,12.97148453,0.177311222,0.025832639,0.723360987,1265418.537,8048.336231,8122.223243,0.227199104,1,0.939851324,19.73051554,-0.915732303,1.975252534,1.493226961,2.384655281,0.998003778,0.194824118,0.958027889884,3.68433945647,4.44967047917,1.59980002452,2.84987045465,707.734643306
HA5 8-fold,1,13,14,,6.511028222,0.840277778,4.448202872,16472.02585,1,5.443187304,0.643623654,1788.441115,UndecidedProblem,UndecidedProblem,9.97284672,700182.1989,716654.2248,0.473520897,7.875129944,0,2.368469309,UndecidedProblem,2.620844279,716361.487,11.185702,2.510107167,0.02824022,0.548620262,713601.699,3072.472881,3052.525724,0.233339694,1,0.963541947,35.32840575,-0.798780988,2.10892061,2.912090891,2.282119529,0.99862478,0.302138318,1.26316880363,8.22452772961,4.21674701516,3.57122350396,0.645523511204,4.42103050161
HA5 control,1,13,15,,3.845753861,0.9375,2.233296138,33203.13673,1,5.307439983,0.782709385,7978.75119,UndecidedProblem,UndecidedProblem,7.934858016,1281651.52,1314854.657,0.642805311,7.36452466,0,2.484231801,UndecidedProblem,3.657226848,1315373.234,12.89390448,0.177311222,0.01412465,0.738423854,1306875.906,7946.303663,7978.75119,0.264318006,1,0.971490777,34.0363598,-0.952726911,1.995957326,1.29471688,2.413408282,0.998345068,0.206097732,0.938485391887,3.60918381934,4.52117911383,1.56716622638,2.95401288745,899.524274032
HA5 16-fold,1,13,16,,7.010943389,0.875,4.360178105,22444.57688,1,5.025570572,0.744775519,1883.330583,UndecidedProblem,UndecidedProblem,10.68721069,708625.3345,731069.9113,0.325325476,7.803576357,0,2.579555746,UndecidedProblem,2.996586327,730780.6843,11.33983044,2.010097222,0.014629019,0.667331171,727797.6472,3347.487757,3272.264141,0.320453173,1,0.875674269,-8.495873718,-0.860637156,2.099652611,11.33011561,2.320259314,0.99751344,0.308499187,1.03846490336,7.2806186489,4.3511114226,3.16136285232,1.18974857027,15.4792020909
HA5 control,1,13,17,,3.510059417,0.902777778,1.752546074,23249.38658,1,5.820878473,0.745830184,4520.189657,UndecidedProblem,UndecidedProblem,7.684460035,1290978.022,1314227.408,0.467988585,7.905058165,0,2.486779568,UndecidedProblem,4.570680677,1315868.511,12.11687633,1.177710472,0.017943264,0.697133264,1308744.501,5622.141072,5482.907197,0.253245285,1,0.93319806,25.48962371,-0.934927745,2.094675644,1.161818612,2.320657869,0.998148643,0.196630911,0.994071056119,3.4892484717,4.3664114988,1.51508835072,2.85132314808,710.1059442
HA5 16-fold,1,13,18,,7.179124361,0.875,5.350772706,21883.45767,2,5.011641614,0.660314654,3090.028929,UndecidedProblem,1.871120451,10.49853557,684060.7782,705944.2359,0.72365178,7.480649844,0,2.368898524,1.054022334,2.788644919,705643.9735,11.84875554,1.510040889,0.031134067,0.56037098,701991.7493,4031.89126,3952.486603,0.241612465,2,UndecidedProblem,-6.546700797,-0.750368032,2.021363502,10.00099592,2.585709142,0.998830962,0.234549578,1.23668074317,8.87828485011,4.34011594327,3.85509546249,0.485020480786,3.05506518288
HA5 control,1,13,19,,4.010306667,0.895833333,1.638719215,39729.2063,2,5.080555446,0.759244259,4536.755469,UndecidedProblem,0.822688917,9.44035981,1304611.882,1344341.089,0.371162904,7.974972135,0,2.623427203,0.985073886,3.92226746,1344526.638,12.12474234,0.845140528,0.016335379,0.731170981,1338997.862,5435.546701,5343.227252,0.364107642,2,UndecidedProblem,30.85442311,-0.976810009,2.099932508,1.019131362,2.37511518,0.998420124,0.189992985,0.947794726552,3.80094751084,4.59910988892,1.65043313541,2.94867675351,888.539529442
HA5 32-fold,1,13,20,,7.679024111,0.888888889,5.271309602,21139.15176,1,5.010689045,0.799838173,2654.62331,UndecidedProblem,UndecidedProblem,11.62834056,660344.2113,681483.363,-0.274055112,7.689375559,0,3.005674201,UndecidedProblem,2.781000011,681192.8669,11.79437394,1.009694444,0.030586268,0.693718603,678181.7774,3376.671098,3301.585638,0.321191609,1,0.915731809,-7.776717293,-0.839156902,2.027753404,11.10569514,2.339697193,0.998298988,0.290585799,0.998964128976,7.67106963243,4.32508755661,3.33090301017,0.994184546435,9.86698678248
HA5 control,1,13,21,,3.678288528,0.861111111,1.915301897,27333.92197,2,5.637010442,0.763910167,5696.587781,UndecidedProblem,0.975045527,8.713875475,1332892.414,1360226.336,0.356802472,7.739810164,0,2.401277622,1.026774045,3.373783785,1360359.81,12.43132366,1.009694444,0.0130612,0.683846725,1353862.834,6435.454068,6363.501621,0.250737633,2,0,22.78649613,-0.968895517,2.061824211,1.144577155,2.541212686,0.9981322,0.241518687,1.01338498038,3.7275223478,4.43670195031,1.61855073721,2.8181512131,657.886861202
HA5 32-fold,1,13,22,,7.346503806,0.8125,5.815583894,14811.58833,2,5.448204492,0.72818623,3411.345937,UndecidedProblem,2.052328407,12.73892593,631846.3415,646657.9298,0.608055542,7.306768001,0,2.422535577,1.04847579,2.376189568,646520.2025,11.90985077,4.178394028,0.041969039,0.64836599,642573.6238,4057.677658,4084.305958,0.211682961,2,0,28.86655479,-0.785144901,1.998429059,3.640383802,2.472995743,0.999041918,0.227222139,1.06884076384,7.85224273956,4.17060163286,3.40957131549,0.761030317375,5.76806727904
HA5 control,1,13,23,,3.510059417,0.923611111,2.354755116,29871.65792,1,5.567821298,0.804622051,11018.88971,UndecidedProblem,UndecidedProblem,7.956409084,1387032.741,1416904.399,0.862661098,7.006619748,0,2.591896524,UndecidedProblem,3.279338796,1420471.712,13.38372569,0.177311222,0.016688666,0.719235205,1405885.509,10951.31793,11018.88971,0.183150982,1,0.91409225,30.6118383,-0.974775252,1.939830932,1.305211526,2.369232525,0.997374695,0.202349873,0.96352346935,3.38202462709,4.47525932724,1.46853001611,3.00672931114,1015.61547853
HA5 64-fold,1,13,24,,8.511040639,0.875,5.479786478,34448.7939,1,4.319144271,0.979717626,4019.462829,UndecidedProblem,UndecidedProblem,12.69263205,653198.9185,687647.7124,-0.096226373,6.655412968,0,2.832444758,UndecidedProblem,2.825531092,686307.3091,12.47947143,1.677970417,0.017314647,0.877587223,680826.0996,6954.770922,6821.612811,0.353233791,1,0.92496983,-10.28328974,-0.901396285,1.941486679,13.6605242,2.398498518,0.997569262,0.291891725,0.789665097483,6.72087173588,4.53717402126,2.91831165257,1.61886236868,41.5778826054
HA5 control,1,13,25,,3.510059417,0.847222222,2.030458501,23630.5151,2,5.860333701,0.639515544,4699.910204,UndecidedProblem,1.619397431,8.12254536,1349176.271,1372806.786,0.308955193,7.984290903,0,2.418038938,0.81540473,2.434481481,1373076.985,12.14504157,1.177710472,0.041970987,0.575811565,1367385.549,5465.119066,5421.236595,0.214695464,2,0,24.58870088,-0.945473801,2.102743527,1.126359934,2.41092624,0.99768009,0.210792851,1.20351872405,4.22442223088,4.37347318852,1.83431273594,2.53916045258,346.067210722
HA5 64-fold,1,13,26,,8.511040639,0.902777778,5.475220371,26863.05717,2,4.613459217,0.988902322,3499.348505,UndecidedProblem,1.673382515,12.8998657,630711.5653,657574.6225,1.130505478,7.526396409,0,2.987910635,0.901112749,2.573392299,657481.834,12.13394459,0.509624889,0.0247354,0.716692598,654007.8618,3585.393335,3566.760644,0.359392633,2,0,-7.858486472,-0.79874713,1.972655366,11.69260032,2.487557128,0.998679061,0.241595183,0.966941757085,8.2296805901,4.42915543635,3.57346095966,0.855694476688,7.17289505286
HA5 control,1,13,27,,3.00994825,0.868055556,0.86500498,16934.2736,2,6.40656889,0.823153873,3398.482178,UndecidedProblem,2.207039764,6.636173554,1419666.108,1436600.381,0.900306806,8.713498317,0,2.69686778,0.565756676,2.219145116,1434660.085,11.58035221,0.509624889,0.048461825,0.492327039,1433178.132,3431.143267,3422.24909,0.200071062,2,UndecidedProblem,29.62481389,-1.028442369,2.175528621,0.697370517,2.329426711,0.998074615,0.204027141,1.40760093414,4.23680596842,4.22876657221,1.83968995589,2.38907661631,244.949533288
HA5 128-fold,1,13,28,,8.179155333,0.819444444,6.061290673,12291.06869,1,5.723181769,0.732122299,1633.514135,UndecidedProblem,UndecidedProblem,12.29448288,636999.4017,649290.4704,0.50245765,7.898111255,0,2.137135396,UndecidedProblem,3.772304552,649071.1015,11.25175326,4.345784972,0.023117413,0.681029743,646568.5801,2590.910156,2721.890387,0.257979637,1,1.091705043,31.41629075,-0.786875911,2.083336134,3.960738495,2.33312149,0.995667979,0.347971447,1.01757670223,8.32291791075,4.08958964578,3.61394611843,0.475643527349,2.98980956774
HA5 control,1,13,29,,3.678288528,0.895833333,2.281605844,25983.0031,1,5.83668346,0.693974214,6469.608667,UndecidedProblem,UndecidedProblem,7.729585583,1458947.546,1484930.549,0.863519737,7.842501292,0,2.627073302,UndecidedProblem,3.463271763,1490696.096,12.69559147,0.177311222,0.014271004,0.636742638,1478460.94,6265.419352,6469.608667,0.223780141,1,0.874215626,45.67645214,-0.950020408,2.042997087,1.303139307,2.29662853,0.997046432,0.200884168,1.08835180596,4.0032719623,4.41468934514,1.73828569791,2.67640364722,474.682965871
HA5 128-fold,1,13,30,,9.011071639,0.909722222,6.504537288,18814.22782,1,4.973367813,0.804543421,2209.870407,UndecidedProblem,UndecidedProblem,12.8922072,572229.06,591043.2878,0.657656451,7.703975506,0,3.120548302,UndecidedProblem,3.217257736,591019.3195,11.41457051,1.009694444,0.012469365,0.707977685,588208.6891,2947.278383,2834.598653,0.333757231,1,1.018400627,12.36573008,-0.8420602,2.047085736,3.87593018,2.377126819,0.999236766,0.303780346,0.978844410894,8.82043711,4.27448639856,3.8299770343,0.444509364255,2.7829753797
HA5 control,1,13,31,,4.510389417,0.902777778,2.615721599,82871.50295,1,4.210631302,0.947175227,20771.60746,UndecidedProblem,UndecidedProblem,8.541015369,1451503.582,1534375.085,0.759532903,6.206894522,0,2.63832467,UndecidedProblem,2.695225049,1536863.566,14.31213585,0.177311222,0.00611123,0.900420739,1513603.477,20730.21696,20771.60746,0.311002626,1,0.949261963,31.67333746,-1.077685716,1.816458199,1.235593239,2.504461256,0.9972477,0.238174914,0.769640202612,3.47137702476,4.91840521524,1.50732827823,3.41107693701,2576.77760308
HA5 256-fold,1,13,32,,10.18306933,0.791666667,6.371594838,45301.08547,4,3.849688358,0.956727693,2842.681542,UndecidedProblem,1.174409708,13.34475114,607799.8083,653100.8937,0.488813292,7.312265993,0,2.494885841,0.966069123,2.246177149,651977.3822,11.9086054,5.346070972,0.02332012,0.761044821,648991.584,4000.398882,4109.309744,0.449549206,4,UndecidedProblem,42.9793816,-0.863196533,2.004935774,3.946504024,2.539113174,0.996157326,0.240111464,0.910590258126,9.27260372972,4.65610860837,4.02631512363,0.629793484739,4.26376720373
HA5 control,1,13,33,,3.678288528,0.944444444,2.233659788,30843.94958,1,5.640253178,0.774260518,8521.393761,UndecidedProblem,UndecidedProblem,8.012164683,1507506.825,1538350.774,0.763604365,7.496079371,0,2.543466517,UndecidedProblem,3.549933817,1540221.036,12.9742608,0.177311222,0.012750052,0.737757456,1529829.38,8490.328916,8521.393761,0.23919657,1,0.935950767,21.8234118,-1.037915087,2.011671949,1.102333147,2.380559437,0.996948246,0.213156198,0.93933310245,3.45513817471,4.48916998452,1.50027710582,2.9888928787,974.749180412
HA5 256-fold,1,13,34,,9.850454889,0.770833333,7.80447357,27399.5383,1,4.343174896,0.875273416,5292.566305,UndecidedProblem,UndecidedProblem,13.56477387,528721.295,556120.8333,0.665957453,6.024401012,0,2.454041938,UndecidedProblem,2.91561816,556117.7812,12.61916167,5.678955056,0.027266571,0.7967613,547577.1773,8640.067944,8543.656015,0.23423204,1,0.984176939,14.44812205,-0.73917425,1.857095108,4.846439603,2.415211482,0.997544036,0.30165775,0.869771159819,8.56764157355,4.43774324474,3.72020910706,0.717534137682,5.21836121512
HA5 control,1,13,35,,3.845753861,0.902777778,2.462168577,31713.58381,1,5.650123071,0.70431264,8124.439994,UndecidedProblem,UndecidedProblem,7.882890996,1560868.574,1592582.158,0.574766211,7.368004273,0,2.487498629,UndecidedProblem,3.417820213,1595217.693,12.92341903,1.177710472,0.011346795,0.654218279,1582941.392,9772.297169,9640.76622,0.198077041,1,0.923379019,29.82144344,-0.970839876,2.017408378,1.320069562,2.296904043,0.995360755,0.197499011,1.05927948247,4.07372815958,4.50124532247,1.76887892296,2.73236639951,539.965981373
HA5 512-fold,1,13,36,,10.18306933,0.840277778,8.430303917,24949.05877,1,4.58151742,0.661137973,4002.486732,UndecidedProblem,UndecidedProblem,13.36471754,572400.2084,597349.2671,0.064808499,6.995153175,0,3.00765748,UndecidedProblem,2.638079063,595537.8015,12.28256079,1.345317167,0.028831478,0.625769999,592666.7713,4759.241176,4682.495894,0.262872998,1,0.987141973,18.54695021,-0.760874404,1.928151638,4.835581997,2.358277878,0.998112497,0.270417065,1.10743564106,11.2770939114,4.39705416604,4.89669731283,-0.499643146787,0.316487712376
HA5 control,1,13,37,,4.010306667,0.9375,1.613849122,23264.6971,2,6.107977787,0.558013334,1172.01809,UndecidedProblem,2.734297331,7.366825146,1581391.247,1604655.944,UndecidedProblem,10.23544502,0,3.141592654,0.902347579,3.128960462,1611458.545,10.20154022,0.677804139,0.010995407,0.505894684,1603324.859,1363.082332,1331.085519,0.359455736,2,0,40.85030661,-1.064273432,2.326812379,0.651422492,2.216133663,0.997075178,0.184649684,1.36985033035,5.4935199126,4.36669740251,2.3853755591,1.98132184342,95.790368378
HA5 512-fold,1,13,38,,9.179088833,0.819444444,7.895182512,3628.084474,2,7.178409958,0.5605469,724.9044985,UndecidedProblem,1.903550436,13.26394542,521897.7965,525525.881,0.698950169,9.501755158,0,2.241688178,0.699826486,2.62942304,525448.4488,10.06829951,0.177311222,0.063564838,0.522659719,524800.9765,685.6916265,724.9044985,0.213240294,2,UndecidedProblem,22.33845754,-0.72998702,2.180476315,4.854547802,2.338873897,0.998639488,0.262667505,1.32591048211,12.1706500999,3.55967739034,5.28469392094,-1.72501653059,0.0188357739333
HA5 control,1,13,39,,3.510059417,0.986111111,2.059038742,15625.33602,1,6.726009633,0.599190705,2951.268007,UndecidedProblem,UndecidedProblem,7.429856231,1638468.017,1654093.353,0.851552499,9.130490004,0,2.764544607,UndecidedProblem,3.153777174,1657463.682,11.55507777,0.177311222,0.024233094,0.531024093,1651142.085,2877.095994,2951.268007,0.223721009,1,0.80605076,25.89702505,-1.082737571,2.18800067,0.839858653,2.228363281,0.996018891,0.198273518,1.30502553299,4.58071716151,4.19382936554,1.98902178094,2.2048075846,160.25352256
HA5 1024-fold,1,13,40,,10.01507008,0.743055556,9.552497664,3698.380616,2,7.103274857,0.532408028,1916.171649,9.609189654,1.655933063,9.114062765,504824.389,508522.7696,0.405735566,7.948127824,0,2.362614848,0.699950262,2.784084997,508359.5187,11.01555409,7.679024111,0.234722066,0.338306523,506463.6313,2067.362441,2059.138313,0.057230263,2,0,0.176610634,-0.647481637,2.062537185,6.494689813,2.311097505,0.996609408,0.239083262,2.04843818515,20.5152519789,3.56801160421,8.9080555705,-5.3400439663,4.57041918113e-06
HA5 control,1,13,41,,4.178394028,0.958333333,2.55271508,39657.98229,2,5.431750913,0.736881938,8611.335562,UndecidedProblem,0.529568163,8.110719466,1672132.346,1711790.328,0.685503614,7.635053278,0,2.567837565,0.930473763,2.411875977,1713171.035,12.99829613,0.177311222,0.015519457,0.675565321,1703178.992,8608.339621,8611.335562,0.259200581,2,UndecidedProblem,30.25412478,-1.134140162,2.023483895,0.99363904,3.027896233,0.996258234,0.520555809,1.02580753993,4.28622809874,4.59833061449,1.86114984748,2.73718076702,545.985069953
HA5 1024-fold,1,13,42,,11.35425711,0.791666667,8.660813665,21566.60875,1,4.578396167,0.903745914,2769.695141,8.775374623,UndecidedProblem,8.775374623,493681.5374,515248.1461,0.526092094,7.36055874,0,2.412454032,UndecidedProblem,3.383278494,515932.9913,11.61197786,6.511028222,0.008064766,0.85520436,512112.9301,3088.779655,3135.216039,0.407416698,1,1.005066153,18.26728502,-0.842834189,1.993642991,4.83160512,2.424675892,0.999165933,0.225392115,0.810332632074,9.20072504919,4.33378185966,3.99510423326,0.338677626405,2.1811102887
HA5 control,1,13,43,,4.678461722,0.979166667,2.07826745,61409.60584,2,4.873325107,0.78871412,6230.233189,UndecidedProblem,1.135187446,8.338830428,1738510.987,1799920.593,0.672314498,8.174431383,0,2.713247481,1.01821384,2.661947978,1800122.273,12.57464935,0.177311222,0.010256979,0.709012309,1793690.36,6156.215767,6230.233189,0.401028698,2,UndecidedProblem,29.86477048,-1.18393003,2.083450091,0.782482326,2.561192445,0.996465905,0.247505393,0.977416035241,4.57280350735,4.78823630985,1.98558554379,2.80265076607,634.820241657
HA5 2048-fold,1,13,44,,11.85419158,0.909722222,5.959524928,53221.28942,2,3.536380879,1.194055227,1706.946642,UndecidedProblem,1.406620962,16.07972223,564286.0345,617507.3239,0.31508332,7.96997956,0,2.708093654,1.477162294,2.021286093,617502.0778,11.18950247,1.677970417,0.007480337,1.108413963,615044.4669,2561.196674,2462.857024,0.830793555,2,0,-9.098599504,-1.362177751,2.132612769,11.55086712,2.565056679,0.996715814,0.363145954,0.625217674202,7.41145008919,4.72608539222,3.21817198836,1.50791340386,32.2042659038
HA5 control,1,13,45,,2.678047194,0.986111111,1.244616692,11997.9282,2,7.211807747,0.822940614,3636.803762,UndecidedProblem,1.343277996,UndecidedProblem,1766595.623,1778593.551,1.275493889,8.933850063,0,2.907305724,0.863093747,3.890921056,1780305.916,11.65780433,0.177311222,0.020075051,0.669039956,1774956.747,3636.950873,3636.803762,0.202812257,2,0,35.47862096,-1.214417875,2.188425191,0.399472174,2.473781904,0.997695943,0.149608564,1.03581257559,2.77395496158,4.07910625863,1.20449629248,2.87460996615,749.221042075
HA5 2048-fold,1,13,46,,10.85017486,0.895833333,8.315710487,7690.069605,2,6.099408758,0.901654107,1100.356041,9.008932067,1.117514328,7.509332547,519582.6024,527272.672,0.674834273,8.904435004,0,2.376958674,1.208021511,3.842928015,530390.5935,10.46851003,0.177311222,0.042115183,0.720612512,526172.3159,1075.96708,1100.356041,0.348467802,2,0,35.9899152,-0.999514745,2.137859635,4.218190258,2.604043338,0.999108151,0.287648516,0.961681886534,10.4344166286,3.88593027074,4.5307931518,-0.644862881054,0.226535943219
HA5 control,1,13,47,,4.678461722,0.756944444,1.96921103,65054.20091,1,4.136238295,0.752005122,5338.414229,UndecidedProblem,UndecidedProblem,UndecidedProblem,1078896.062,1143950.263,0.570120721,7.713514361,0,2.50913987,UndecidedProblem,2.98077601,1151733.109,12.35215609,0.677804139,0.009239054,0.699879563,1138500.119,5478.460338,5450.143632,0.427892647,1,0.937276654,24.25197569,-1.006008732,2.075671371,1.064465617,2.351758222,0.997819696,0.252338606,0.99017036164,4.63247413519,4.8132753466,2.01149549943,2.80177984717,633.548471058
HA5 undiluted,1,14,0,,4.178394028,0.944444444,2.960290383,14111.93923,1,6.412813235,0.751202164,4515.626768,UndecidedProblem,UndecidedProblem,9.206483325,1188251.711,1202363.65,0.864797528,8.056731336,0,2.590414765,UndecidedProblem,2.847247302,1199554.553,12.17025478,0.177311222,0.037597923,0.605299202,1197848.023,4525.579122,4515.626768,0.17648101,1,0.862192461,23.33725051,-0.924817584,2.064620717,1.822121836,2.23343608,0.99806405,0.184119423,1.14488834234,4.78379461238,4.1495866976,2.07720130802,2.07238538957,118.136850795
HA5 undiluted,1,14,1,,4.510389417,0.944444444,2.470548167,19841.80002,1,5.683445066,0.860357235,3835.367312,UndecidedProblem,UndecidedProblem,UndecidedProblem,999849.0253,1019690.825,0.250195545,7.68385923,0,2.533316153,UndecidedProblem,4.266988706,1020142.444,12.0242988,1.009694444,0.011932255,0.681182539,1014731.799,5138.51082,4959.026182,0.238106486,1,0.973785589,20.01008769,-0.964397593,2.050387614,1.631491078,2.466906761,0.998233564,0.149147182,1.01734844968,4.58863768083,4.29758106819,1.99246099906,2.30512006913,201.892445733
HA5 undiluted,1,14,2,,4.845858389,0.958333333,2.897022822,28942.26721,3,4.974102612,0.835170092,5755.483277,UndecidedProblem,1.031796904,8.855340124,880733.5229,909675.7901,0.484154959,7.096396461,0,2.456685176,0.96103376,2.244070094,910026.8545,12.56195722,1.009694444,0.032166633,0.695027953,903028.2887,6791.753536,6647.501451,0.256950624,3,UndecidedProblem,26.14979452,-0.920212075,1.964904914,1.825006669,2.534846064,0.99908755,0.212586645,0.997082199369,4.83171914033,4.46153254884,2.09801091634,2.3635216325,230.951949475
HA5 undiluted,1,14,3,,4.510389417,0.916666667,3.091753608,19866.79606,1,5.471783704,0.825850964,6011.632263,UndecidedProblem,UndecidedProblem,8.95643266,861788.5767,881655.3727,0.850421052,7.19527599,0,2.598513004,UndecidedProblem,2.810866634,881174.0201,12.65118838,0.344954222,0.010365592,0.70398759,875639.4125,6031.469277,6015.960254,0.213072354,1,0.886771855,19.09211937,-0.845246769,1.948675425,2.097098078,2.304288196,0.998912112,0.211634871,0.984392352712,4.43999284985,4.29812783361,1.9279169995,2.37021083411,234.536712908
HA5 2-fold,1,14,4,,5.178466667,0.902777778,3.214610971,19050.94105,1,5.338666826,0.81814444,3513.540223,2.657297628,UndecidedProblem,2.657297628,751879.6597,770930.6007,0.553707053,7.59273787,0,2.466698217,UndecidedProblem,2.98013056,770563.1558,11.92392963,0.845140528,0.031982861,0.683533625,766936.9191,4078.07575,3993.681591,0.267961384,1,0.928097106,-6.815207725,-0.815938293,2.025930089,9.195647456,2.289335477,0.999438954,0.226504336,1.01384917238,5.25018414453,4.27991643317,2.27971521691,2.00020121627,100.046342493
HA5 2-fold,1,14,5,,5.010367222,0.875,3.18660834,19259.95531,2,5.40839254,0.89214784,4778.44527,UndecidedProblem,1.455957091,13.881773,798721.877,817981.8323,0.940794484,7.415231314,0,2.902557143,1.572842966,2.521058781,817833.8536,12.26199572,0.845140528,0.033995504,0.713893872,813189.6138,4791.096226,4792.218458,0.249845303,2,UndecidedProblem,-8.037065454,-0.838131889,1.99326441,10.36747584,2.337061157,0.999453545,0.218195318,0.970732523671,4.86372641793,4.28465527507,2.11190899606,2.17274627901,148.849122598
HA5 2-fold,1,14,6,,5.178466667,0.951388889,3.029600139,22644.19893,1,5.188744885,0.904670984,4341.246929,UndecidedProblem,UndecidedProblem,9.839234978,803250.7531,825894.952,0.679566875,7.44395825,0,2.515776145,UndecidedProblem,3.750531884,826121.3806,12.21355011,0.845140528,0.011400549,0.798385262,821151.7667,4805.445184,4743.185304,0.311514324,1,0.956782509,-7.829967935,-0.866728367,2.004591264,10.07303366,2.407050613,0.999492364,0.235762258,0.868001994756,4.49491939673,4.35495696152,1.95176699815,2.40318996337,253.040457066
HA5 2-fold,1,14,7,,5.010367222,0.868055556,3.169797936,18805.73584,4,5.466414097,0.716792354,3174.789378,UndecidedProblem,1.081143282,8.923671414,812661.1229,831466.8587,0.621818544,8.032854067,0,2.588395483,0.933517648,1.745329931,831116.6223,11.80939016,0.177311222,0.010345976,0.631548996,828292.0693,3174.929516,3174.789378,0.28138946,4,UndecidedProblem,-7.643741803,-0.848142446,2.058365569,9.859644544,2.46771822,0.999361067,0.235755191,1.09730203735,5.49788616059,4.27429033138,2.38727145488,1.88701887649,77.0936976907
HA5 4-fold,1,14,8,,5.678955056,0.826388889,4.207242097,21483.15091,3,5.148485273,0.781703215,5827.488832,UndecidedProblem,1.194144013,9.726995518,740501.9483,761985.0992,0.387194068,7.030744641,0,2.325095828,0.981839479,1.839565323,761712.6982,12.66203994,0.177311222,0.01959269,0.667088125,756157.6103,5741.223462,5827.488832,0.220166284,3,UndecidedProblem,22.0154402,-0.767553659,1.924921974,2.904618272,2.418467978,0.998845266,0.230691285,1.03884325628,5.89954416264,4.33209797919,2.56167788217,1.77042009702,58.941352478
HA5 4-fold,1,14,9,,5.510712528,0.868055556,3.849753823,19874.13521,3,5.333437728,0.806512414,4659.535737,UndecidedProblem,1.293405406,9.85251265,781458.7695,801332.9047,0.392980823,7.426071692,0,2.387418497,0.895806657,2.52212431,800311.6605,12.341875,0.177311222,0.015194997,0.700762538,796673.3689,4541.251583,4659.535737,0.255506537,3,UndecidedProblem,35.84262597,-0.810026906,1.981003161,2.660701912,2.473705766,0.999073468,0.2306168,0.988922726917,5.44966886044,4.29828824014,2.36633472012,1.93195352001,85.4975205015
HA5 4-fold,1,14,10,,5.010367222,0.840277778,3.91966988,9792.409041,1,6.383890369,0.645532713,3010.576766,UndecidedProblem,UndecidedProblem,9.146388334,807979.214,817771.623,0.443311036,8.085514287,0,2.217146485,UndecidedProblem,2.926184086,817379.9546,11.76799006,0.177311222,0.029652628,0.581479105,814761.0463,2929.637978,3010.576766,0.175538837,1,1.028400875,18.83708613,-0.770595881,2.057860161,2.711511249,2.280115386,0.998223372,0.297920969,1.19178831026,5.97129708529,3.9908895462,2.59283416643,1.39805537976,25.0066421761
HA5 4-fold,1,14,11,,5.510712528,0.819444444,4.039184448,16886.9528,2,5.612891303,0.650943301,3409.413611,UndecidedProblem,2.19689707,10.57322569,809531.3633,826418.3161,0.492844327,7.921204789,0,2.133925238,0.976555265,3.108265815,826178.1661,11.92970812,0.177311222,0.012082864,0.568189055,823008.9025,3294.767576,3409.413611,0.229541817,2,0,16.38575003,-0.74528722,2.036964746,2.8330876,2.552815632,0.997872227,0.262223587,1.21966446538,6.72122024931,4.2275512895,2.91846298277,1.30908830674,20.3745631927
HA5 8-fold,1,14,12,,6.346647194,0.826388889,4.718770313,17770.95056,2,5.307438152,0.704738524,3530.576831,UndecidedProblem,1.796181852,10.10619362,685963.3874,703734.338,0.462389102,7.553594371,0,2.110565986,1.014483739,2.657103514,703479.2714,11.93597981,3.510059417,0.010222646,0.589393063,699988.489,3702.75367,3745.848959,0.231605575,2,UndecidedProblem,32.44078977,-0.745129079,2.008980908,3.177674632,2.547613838,0.999072359,0.251323189,1.17578581002,7.46229771191,4.24971065864,3.24025085189,1.00945980675,10.2202096983
HA5 8-fold,1,14,13,,6.010929361,0.826388889,4.544089648,14116.26288,1,5.686276831,0.659228345,3010.201028,UndecidedProblem,UndecidedProblem,9.744493485,712758.5615,726874.8243,0.572763293,7.852764644,0,2.389257965,UndecidedProblem,2.630290225,726492.6383,11.64610331,3.510059417,0.036600907,0.594834593,723730.3944,3077.868035,3144.429922,0.225710074,1,0.96467928,24.45863952,-0.766761309,2.052438814,3.01944701,2.304867653,0.998960415,0.328265521,1.16502975475,7.00291155927,4.14971973741,3.04077792413,1.10894181328,12.8511446893
HA5 8-fold,1,14,14,,5.510712528,0.854166667,3.989191617,8031.353317,2,6.541290853,0.869006886,3169.016491,UndecidedProblem,2.049552712,10.80278723,739989.1274,748020.4807,0.62418322,7.708784362,0,2.441185042,0.697593392,2.159355086,747766.9854,11.72732803,3.178060528,0.028526709,0.657966602,744444.9693,3488.660316,3575.51139,0.138332069,2,0,31.63677866,-0.760336585,2.045353504,3.072038967,2.365140032,0.998931048,0.246061976,1.05324494875,5.80413013411,3.9047887319,2.52024756149,1.38454117041,24.2404774947
HA5 8-fold,1,14,15,,6.010929361,0.847222222,4.423932644,15298.90329,2,5.621318744,0.758053699,3555.988456,UndecidedProblem,1.761295812,10.19280613,737789.3205,753088.2238,0.532802658,7.440097208,0,2.383790098,0.9352229,2.485767696,751583.4532,11.89265258,2.510107167,0.026690367,0.678741045,748751.5832,4294.181801,4336.640549,0.216620085,2,UndecidedProblem,23.94097158,-0.810437254,2.026481037,2.883166634,2.467036166,0.999256811,0.244672719,1.02100794567,6.13720663847,4.1846602993,2.66487478874,1.51978551056,33.0967622763
HA5 16-fold,1,14,16,,6.846513861,0.854166667,4.794245411,17732.88936,1,5.380345687,0.604171277,1681.442633,UndecidedProblem,UndecidedProblem,10.03856938,720893.71,738626.5993,0.518902801,7.984478132,0,2.39905695,UndecidedProblem,2.516016475,738259.7774,11.1280975,2.510107167,0.01459421,0.537930456,735710.1292,2949.857633,2916.470084,0.244509603,1,0.944523856,-7.979820448,-0.78254865,2.12302113,11.08807796,2.26596652,0.99834219,0.321000141,1.28827061616,8.82016263023,4.2487795044,3.82985785073,0.418921653675,2.62374517947
HA5 16-fold,1,14,17,,6.679198194,0.868055556,5.000206068,28397.65993,1,4.797253137,1.020487865,8831.962424,UndecidedProblem,UndecidedProblem,11.53932837,761188.7144,789586.3744,0.67562682,6.216246949,0,2.483609581,UndecidedProblem,3.390288734,789484.3311,13.27611198,1.845573139,0.035029481,0.89585842,778966.415,10733.93789,10619.95932,0.222778947,1,0.99999862,-7.269057009,-0.821064994,1.840645969,10.53409482,2.483606153,0.999226237,0.238600367,0.773559732798,5.16675877026,4.45328255408,2.24349056459,2.20979198949,162.103349812
HA5 16-fold,1,14,18,,7.010943389,0.902777778,4.402905322,25144.31109,1,4.938346183,0.788571762,2501.420038,UndecidedProblem,UndecidedProblem,10.84525991,745812.5387,770956.8498,0.569596808,8.0041896,0,2.384872327,UndecidedProblem,3.297656294,770678.9868,11.6131505,1.009694444,0.013669814,0.706303269,767954.0325,3100.343488,3002.817311,0.372193258,1,0.982601751,-8.13198525,-0.872139968,2.073238581,10.93989817,2.343379723,0.998556215,0.240193419,0.981164933558,6.87889180445,4.40043974121,2.98692653254,1.41351320867,25.9127323137
HA5 16-fold,1,14,19,,6.846513861,0.9375,3.830682462,25454.94457,2,4.988067171,1.031476552,3814.323478,UndecidedProblem,1.768612532,10.75584845,782393.6887,807848.6333,0.729274938,7.598069677,0,2.515274805,0.801098823,2.200434792,808032.0251,12.1968798,0.845140528,0.011507798,0.701715504,803679.1416,4254.624169,4169.49169,0.316702894,2,UndecidedProblem,-8.671830112,-0.900592387,2.006258423,11.47202457,2.517163057,0.998854424,0.25138383,0.987579718632,6.76147823246,4.40577215567,2.93594365283,1.46982850284,29.5004406316
HA5 32-fold,1,14,20,,6.846513861,0.916666667,5.297634956,10648.34095,2,6.020841927,0.666174443,2150.391915,UndecidedProblem,1.713497056,10.8081883,680762.1546,691410.4956,0.768119873,7.988293772,0,2.574083568,0.879409179,2.094761529,691159.6103,11.49044398,1.009694444,0.044475291,0.61282982,688687.6693,2788.531147,2722.826246,0.211797593,2,UndecidedProblem,-7.984178105,-0.812071485,2.067569374,11.29631935,2.372260159,0.998395181,0.244887665,1.13081964582,7.74217237939,4.0272819484,3.36177697759,0.665504970804,4.62918962178
HA5 32-fold,1,14,21,,8.679149306,0.875,4.927242115,51292.57392,1,3.85991154,0.863452298,2526.894974,UndecidedProblem,UndecidedProblem,11.96352565,693445.6543,744738.2283,0.231284914,7.647559323,0,2.807270529,UndecidedProblem,3.602058162,744484.5273,11.70087687,1.345317167,0.013698345,0.786913511,741024.0829,3780.512694,3714.145366,0.506422245,1,0.970353628,-8.471119184,-0.885319634,2.056904782,11.5926001,2.417940167,0.998558794,0.234456294,0.880655866639,7.64334375377,4.71005449301,3.3188639834,1.39119050961,24.6144711703
HA5 32-fold,1,14,22,,7.846507194,0.881944444,5.322188912,26399.39459,1,4.746152931,0.81198511,3008.707333,UndecidedProblem,UndecidedProblem,11.72226981,682081.86,708481.2546,0.703712842,7.628830429,0,2.376701777,UndecidedProblem,3.39745096,708538.3009,11.75660734,1.345317167,0.019041343,0.716813074,704901.7611,3639.408585,3579.493457,0.355878626,1,0.985159063,-6.558830845,-0.818157195,2.037281079,9.94834691,2.341429296,0.999372309,0.239555331,0.966779241529,7.58584027367,4.42159396743,3.2938950385,1.12769892893,13.4183442297
HA5 32-fold,1,14,23,,6.679198194,0.895833333,4.66443157,15848.64062,1,5.595300792,1.013210734,3947.668627,UndecidedProblem,UndecidedProblem,12.26902698,750357.0808,766205.7214,0.639829059,7.600587095,0,2.501846488,UndecidedProblem,3.625146746,766208.1155,12.10195799,0.177311222,0.031355474,0.887340127,762258.0527,3945.865873,3947.668627,0.307967315,1,0.950642753,-7.718094709,-0.927629251,2.009511821,10.66440556,2.378362232,0.999665612,0.24921812,0.780985756097,5.21635865166,4.19999201756,2.26502763858,1.93496437898,86.0923135994
HA5 64-fold,1,14,24,,8.011009639,0.840277778,6.531522317,18291.94901,2,5.197800746,0.620634247,3440.084079,UndecidedProblem,2.06113476,13.08075569,653065.6644,671357.6135,0.709431041,7.522462609,0,2.291039807,1.093784547,2.705191492,671164.6046,11.87731704,3.510059417,0.021718068,0.523444392,667706.1494,3620.812074,3651.464071,0.213661458,2,0,33.45121239,-0.727700483,2.007333045,4.034406205,2.624897685,0.999145997,0.242545522,1.32392286667,10.6059588462,4.26225998209,4.60527956848,-0.34301958639,0.453921144649
HA5 64-fold,1,14,25,,7.679024111,0.861111111,5.726330135,25575.22122,4,4.869259368,0.857621581,5273.34229,UndecidedProblem,0.723379845,11.80979486,721927.0652,747502.2865,0.507370432,6.665815003,0,2.533552164,1.46001618,1.443111357,747344.2171,12.66879302,2.510107167,0.010258118,0.795326386,740140.1771,7361.734644,7362.109352,0.249204604,4,UndecidedProblem,-9.213549485,-0.963608872,1.930753907,12.31894089,2.555179011,0.998699587,0.243211251,0.871340385782,6.69104383131,4.40781939895,2.90535989201,1.50245950694,31.8023715325
HA5 64-fold,1,14,26,,8.679149306,0.902777778,6.146040385,35924.78113,1,4.293852211,0.853407335,4536.736511,UndecidedProblem,UndecidedProblem,12.30465523,668723.5752,704648.3563,0.750326804,6.877154469,0,2.468817938,UndecidedProblem,3.026649392,704787.392,12.35726911,1.510040889,0.010459477,0.79609457,698653.9985,6126.298516,5994.357816,0.354266826,1,0.96909361,-5.52415634,-0.798936724,1.952921339,9.341488495,2.392515687,0.999523397,0.257822612,0.870499594037,7.55519594746,4.5553941309,3.28058877441,1.27480535649,18.8280505868
HA5 64-fold,1,14,27,,7.679024111,0.888888889,5.464298894,14190.17288,1,5.745808276,0.826760356,2215.10212,UndecidedProblem,UndecidedProblem,12.38165624,747271.9879,761462.1608,1.150691222,8.092631055,0,2.761924835,UndecidedProblem,4.186223235,761284.186,11.66920013,0.845140528,0.007286855,0.784639224,758672.6783,2923.552169,2789.482464,0.318367585,1,0.954651856,-8.706066757,-0.84137867,2.064128805,12.24553701,2.369799495,0.998153101,0.242325049,0.883208459127,6.78217905268,4.15198768653,2.94493228514,1.20705540139,16.1085111258
HA5 128-fold,1,14,28,,8.179155333,0.888888889,6.479896064,12232.89696,1,5.701089661,0.675078968,2180.808676,UndecidedProblem,UndecidedProblem,11.9428001,624164.3812,636397.2781,0.497909348,8.188920648,0,2.22030293,UndecidedProblem,2.778146559,636396.719,11.34118698,0.177311222,0.041246577,0.586211765,634216.4694,2132.632112,2180.808676,0.254158068,1,1.035682121,23.96155756,-0.764121845,2.066549253,4.029795672,2.299528047,0.998921296,0.295745813,1.18216665269,9.66912468188,4.08752931761,4.19849096043,-0.110961642828,0.774530201794
HA5 128-fold,1,14,29,,8.511040639,0.868055556,3.615261991,24233.0602,3,4.909322223,1.190130736,1692.927203,UndecidedProblem,2.215268074,13.98054654,703985.1059,728218.1661,0.402162726,8.337892362,0,2.562289398,1.088721318,2.255429962,727872.9284,11.10179401,4.178394028,0.022720376,0.832671972,725967.5273,2197.570064,2250.638828,0.485726936,3,UndecidedProblem,24.85516856,-0.99665372,2.130013955,2.943642232,2.530974308,0.998303795,0.219913567,0.832260509905,7.08340302203,4.38440826119,3.07572862442,1.30867963677,20.3553998001
HA5 128-fold,1,14,30,,8.679149306,0.895833333,6.862392277,15243.94614,1,5.444345097,0.574195061,1698.062354,UndecidedProblem,UndecidedProblem,11.77755325,648512.2478,663756.1939,0.185247425,7.817742115,0,2.789812045,UndecidedProblem,2.72246441,663737.6696,11.20364714,2.178148639,0.003817854,0.519151122,660814.2546,2969.980696,2941.939327,0.216229834,1,0.93556138,-5.223837286,-0.76250239,2.091676665,9.345493362,2.26086461,0.997670976,0.255529977,1.33487142882,11.5855484351,4.18309740565,5.0306332762,-0.847535870546,0.142057487565
HA5 128-fold,1,14,31,,8.679149306,0.868055556,6.16669731,18765.31561,2,5.30359237,0.845426406,2393.440381,UndecidedProblem,1.453885291,18.58120105,722367.8721,741133.1878,0.432441154,8.133605836,0,2.995698614,1.690244941,2.990240275,740904.86,11.63862947,0.677804139,0.000579928,0.757183335,738494.2027,2719.570939,2638.985061,0.368475621,2,UndecidedProblem,-7.203589572,-0.882109474,2.064208018,10.87051757,2.348707646,0.99890689,0.256335527,0.915234089245,7.9434533105,4.27335587312,3.44917642662,0.824179446505,6.67082344596
HA5 256-fold,1,14,32,,9.515039361,0.875,6.601337057,26034.42565,1,4.558698103,0.870800764,2504.101822,UndecidedProblem,UndecidedProblem,13.47038762,587519.6867,613554.1124,0.409854365,7.936753551,0,2.399508613,UndecidedProblem,3.326030557,613407.0528,11.63976419,0.177311222,0.02539819,0.785051086,611050.0106,2464.151601,2504.101822,0.452310621,1,1.002998527,42.59319824,-0.837246719,2.024945383,4.02219577,2.406703605,0.998888739,0.271250459,0.882745100744,8.39935437931,4.41554800107,3.64713607438,0.768411926687,5.86694378106
HA5 256-fold,1,14,33,,9.011071639,0.881944444,6.9014025,25543.19789,2,4.80059263,1.002306353,4298.011844,UndecidedProblem,1.892217337,14.23260144,686321.8116,711865.0094,0.485061051,7.22138808,0,2.771847639,1.730963288,2.066481182,711912.3887,12.26518436,4.178394028,0.029343738,0.884325619,707094.7366,4723.244506,4770.272889,0.368135148,2,0.837456711,-7.424878156,-1.074930433,1.989557608,10.55938256,2.489432294,0.997924934,0.223236415,0.783647996972,7.06150824047,4.40727526799,3.0662215547,1.34105371329,21.9307615696
HA5 256-fold,1,14,34,,8.179155333,0.763888889,6.75005644,4211.474823,2,7.283181814,0.51818717,611.9451847,UndecidedProblem,2.455147261,11.92171226,651768.2233,655979.6981,0.537049578,8.284869999,0,2.322498379,0.5992647,2.487787959,655877.3317,10.10971937,5.678955056,0.016699406,0.469930287,653876.4233,2084.294804,2103.274801,0.08831972,2,UndecidedProblem,18.03573092,-0.654605504,2.204933287,4.707953694,2.287350957,0.989644865,0.260172448,1.47468681881,12.0616925586,3.62443420874,5.23738278706,-1.61294857832,0.0243809947907
HA5 256-fold,1,14,35,,9.683198306,0.826388889,4.857074421,40506.19859,4,4.18441101,0.94832301,1172.64121,UndecidedProblem,1.756101612,14.48046848,695963.2167,736469.4153,0.316131777,7.750599516,0,2.641641587,1.075294209,2.07872539,736010.2143,10.70377238,3.678288528,0.016729317,0.867869798,733049.6856,3554.108472,3419.729676,0.525599781,4,UndecidedProblem,25.27955989,-1.061639417,2.180726608,2.834893366,2.529482275,0.995781299,0.247016822,0.798506874645,7.73210041589,4.6075214876,3.35740356747,1.25011792012,17.78762316
HA5 512-fold,1,14,36,,9.683198306,0.861111111,7.348127615,9668.100463,1,5.885691563,0.542740292,487.8275202,UndecidedProblem,1.451717456,10.72654763,561956.4333,571624.5338,0.890392621,9.275765744,0,2.387531139,0.803378275,3.528547554,571573.6238,9.924143757,2.510107167,0.015745884,0.506459839,570702.3295,949.8148938,922.2042904,0.297500595,2,1.268630923,-8.415371566,-0.869416423,2.222119116,12.43059316,2.222521306,0.990243605,0.24175173,1.36832172393,13.2497305992,3.98534115459,5.75324819765,-1.76790704306,0.0170644760013
HA5 512-fold,1,14,37,,10.18306933,0.979166667,6.181389381,41208.06694,3,4.142284891,0.912568274,1976.517572,UndecidedProblem,1.723165552,28.4541523,686461.5557,727669.6226,0.655423749,8.524178993,0,2.861860196,1.330137997,1.783993445,727670.442,12.02245213,0.177311222,0.015366384,0.832464508,725693.105,1991.042336,1976.517572,0.618566584,6,0,-8.636587705,-1.244777794,2.04534191,11.25072728,2.774332206,0.988056877,0.300551797,0.832467923065,8.47707857557,4.61498224236,3.68088518262,0.934097059739,8.59205522439
HA5 512-fold,1,14,38,,0.509624889,0.854166667,6.720015499,1214.157981,1,8.982425557,0.769203479,787.3366464,UndecidedProblem,UndecidedProblem,14.04987556,612907.9404,614122.0984,0.570733633,9.607329173,0,2.352536103,UndecidedProblem,3.568635019,613753.5437,11.34106501,0.177311222,0.066440428,0.493296892,613334.7618,703.9109,787.3366464,0.06100391,1,1.015710479,-6.283570953,-0.852954854,2.06658508,10.60825045,2.389495571,0.991698894,0.242693715,1.40483350136,0.715938117196,3.08427519894,0.310871957098,2.77340324184,593.47611061
HA5 512-fold,1,14,39,,11.186771,0.888888889,6.70835182,59446.49168,UndecidedProblem,3.607383265,1.059543879,3117.203527,UndecidedProblem,1.619667466,15.48723776,665084.2175,724530.7091,UndecidedProblem,7.860650676,0,UndecidedProblem,2.134904922,2.723510172,724554.5736,11.99863201,0.177311222,0.011777944,0.977309934,721413.5056,2978.410028,3117.203527,0.704035874,3,0,33.3723312,-1.100418653,2.029554092,3.24086974,2.617618689,0.997785026,0.269875877,0.709089282623,7.93241942325,4.7741262292,3.44438533359,1.32974089561,21.3668694057
HA5 1024-fold,1,14,40,,11.51866667,0.8125,10.42618492,51026.30306,1,3.500729821,1.248130656,27864.8896,10.48809354,UndecidedProblem,10.48809354,526562.5286,577588.8317,0.815838978,4.335801939,0,2.668848922,UndecidedProblem,1.981727075,577596.3378,14.78586024,3.678288528,0.012269598,1.119231756,548985.7815,28603.05019,28603.05019,0.16632159,1,0.962992298,-9.821928231,-0.729709477,1.46447626,15.84293897,2.570080957,0.999481018,0.27424318,0.619174711837,7.13206711614,4.70779410412,3.09685936437,1.61093473975,40.8258033899
HA5 1024-fold,1,14,41,,12.52270167,0.965277778,5.935851619,96643.35665,4,2.814736362,1.254030207,2521.835935,UndecidedProblem,0.700250473,29.40765535,583330.2888,679973.6455,0.560542986,7.999787783,0,2.904316651,1.86952724,4.063374635,679971.7653,11.66017318,0.677804139,0.009439831,1.056218138,677317.1077,2693.939656,2656.537795,0.923557933,4,UndecidedProblem,-10.09587815,-1.336134553,2.092370726,12.59207761,2.710308104,0.996000606,0.312215843,0.656114466385,8.21632572391,4.9851720056,3.56766205988,1.41750994572,26.1523033849
HA5 1024-fold,1,14,42,,11.51866667,0.895833333,8.849925128,33155.73538,1,4.084792855,0.932665504,4537.062004,UndecidedProblem,UndecidedProblem,UndecidedProblem,529449.592,562605.3274,0.577342447,6.954221028,0,2.441649694,UndecidedProblem,2.575447555,562765.636,12.28870163,0.177311222,0.019196474,0.892319078,558068.2654,4509.91111,4537.062004,0.437243157,1,1.016806193,40.3412622,-0.884864497,1.91905536,4.641708823,2.482684531,0.999631583,0.261707486,0.776628021395,8.94571930503,4.52055866482,3.88437659793,0.636182066892,4.32695189447
HA5 1024-fold,1,14,43,,12.02268531,0.902777778,6.677941967,87263.35272,2,3.068258116,1.370986281,5842.439872,UndecidedProblem,2.170129407,UndecidedProblem,644666.7721,731930.1248,0.471843862,6.63433908,0,2.75027187,2.164969389,2.4851045,731933.0591,12.79586866,3.845753861,0.003775031,1.309389487,724562.3803,7341.667445,7367.744517,0.789817264,2,0,-7.91949038,-1.245358357,1.930001837,10.83224154,2.634807866,0.997843677,0.261390736,0.529254287498,6.36305774756,4.94083189487,2.76294300806,2.17788888681,150.622165374
HA5 2048-fold,1,14,44,,10.68304719,0.833333333,8.375520738,12996.07195,1,5.407565183,0.871876499,2079.857861,UndecidedProblem,UndecidedProblem,UndecidedProblem,538638.4419,551634.5139,0.066817998,7.418705478,0,2.758368913,UndecidedProblem,2.974325461,552095.146,11.43729632,2.178148639,0.034579707,0.757828539,548410.4877,3320.977437,3224.026128,0.265172837,1,1.000712503,23.73110776,-0.919320687,2.02910428,4.456016617,2.397457183,0.998576597,0.276943305,0.914454872489,9.76916455593,4.11381210706,4.24192989836,-0.128117791303,0.744530011739
HA5 2048-fold,1,14,45,,13.02281267,0.861111111,7.952525183,58518.39232,1,3.615866023,0.871458814,1017.037918,8.388856305,UndecidedProblem,8.388856305,658906.629,717425.0214,0.383238519,9.461897731,0,2.267805461,UndecidedProblem,4.508742455,718922.7298,10.38565556,0.344954222,0.016557511,0.765553346,716407.6922,1018.837334,1017.329144,0.757364081,1,1.112096862,44.96200159,-0.967364003,2.206048823,4.246024192,2.522019338,0.99897406,0.262364221,0.905227576394,11.7886091511,4.76729238621,5.11880553673,-0.351513150521,0.445129984094
HA5 2048-fold,1,14,46,,11.51866667,0.923611111,9.088740827,31765.70671,1,4.530815679,0.92221606,5080.658818,9.401439769,UndecidedProblem,9.401439769,702528.2364,734293.9431,0.641615348,7.175198304,0,2.449124832,UndecidedProblem,2.22374265,737161.315,12.56865846,0.177311222,0.021149472,0.779008668,729213.2843,5034.75458,5080.658818,0.354833966,1,1.020956486,27.81319569,-0.939206185,1.92205923,4.533316638,2.500449883,0.999217138,0.254756927,0.889592155347,10.2469155097,4.50195852178,4.44937712101,0.0525814007681,1.12870747382
HA5 2048-fold,1,14,47,,5.678955056,0.902777778,5.76962631,3238.329603,2,8.338818633,1.256916087,1781.672258,UndecidedProblem,1.642299357,UndecidedProblem,1045230.653,1048468.982,0.577664906,8.907900764,0,2.5367766,2.031059435,3.510402306,1051196.796,10.9272955,2.345529417,0.044329306,1.094052735,1046286.201,2210.07417,2182.781471,0.113856906,2,0,-11.42084511,-1.479302398,2.26173981,13.62051734,2.600987275,0.998303462,0.26328298,0.633424676736,3.59719027055,3.51032104994,1.56195843272,1.94836261722,88.7897058497
HA5 undiluted,1,15,0,,5.510712528,0.847222222,3.22597488,43217.43445,2,4.470756056,0.775585572,5496.460551,UndecidedProblem,1.572419578,9.05412257,915058.6684,958276.1029,0.671776714,7.445794688,0,2.490294098,0.846896982,2.089430331,956716.0737,12.47139623,0.177311222,0.011778193,0.694902017,952779.6423,5453.783353,5496.460551,0.356046495,2,UndecidedProblem,22.8979082,-0.820427375,2.001899279,2.170146853,2.434607382,0.998890986,0.205894483,0.997262899008,5.49562915127,4.63565898195,2.38629142478,2.24936755717,177.569166921
HA5 control,1,15,1,,3.178060528,0.958333333,1.55397966,15317.63361,2,6.406477817,0.784232496,4197.171992,UndecidedProblem,1.80640508,UndecidedProblem,1284054.854,1299372.487,0.558364609,8.155138317,0,2.369533027,0.500258285,2.091563804,1300514.872,11.93178719,1.009694444,0.035626542,0.485339859,1294814.297,4583.57955,4558.189902,0.151871033,2,0,25.68474366,-0.926356126,2.099043912,1.151370919,2.33401615,0.997117892,0.133465769,1.42786541667,4.53784272003,4.18519167721,1.97040500218,2.21478667502,163.978411518
HA5 undiluted,1,15,2,,4.510389417,0.916666667,2.453088343,19910.31173,2,5.486756273,0.870052058,3956.167974,UndecidedProblem,1.728171811,9.12510431,872893.9958,892804.3075,0.277269725,7.511592256,0,2.681904831,1.513943972,2.548210599,892532.6916,12.10110118,1.009694444,0.012519592,0.742501183,887911.6852,5047.283135,4892.622326,0.261709936,2,0,0.418900659,-0.909520036,2.023596146,2.295810518,2.337235253,0.998729542,0.200513607,0.933331846287,4.20969008204,4.2990780597,1.82791579767,2.47116226203,295.911785196
HA5 control,1,15,3,,3.178060528,0.944444444,1.714707079,17001.63452,1,6.113134441,0.701100263,3949.38519,UndecidedProblem,UndecidedProblem,7.333767611,1159865.704,1176867.339,0.685670801,8.025508925,0,2.366879097,UndecidedProblem,2.793685044,1178930.972,11.93099403,0.845140528,0.023259292,0.581563103,1172350.77,4637.787477,4516.568419,0.19611514,1,0.953170611,25.72227382,-0.950349906,2.093017208,1.024824054,2.256039594,0.998616637,0.188603294,1.19161617445,3.78702832856,4.23049067602,1.64438920042,2.5861014756,385.568437602
HA5 2-fold,1,15,4,,5.010367222,0.923611111,2.425594282,16911.32151,UndecidedProblem,5.593067284,1.139461568,3015.560046,UndecidedProblem,1.570541788,9.445840985,799405.1629,816316.4844,UndecidedProblem,7.619977352,0,UndecidedProblem,0.810082668,1.847611071,816264.1875,11.69650795,1.677970417,0.018343448,0.659736946,812166.7833,4248.251651,4149.701114,0.233845045,5,UndecidedProblem,36.50159575,-0.881502928,2.066405315,2.088254079,2.409158064,0.998960369,0.227575152,1.05041866186,5.26298323278,4.22817754622,2.28527278888,1.94290475734,87.6808512158
HA5 control,1,15,5,,3.00994825,0.923611111,2.026683096,14662.85235,2,6.355341799,0.646208535,5145.181014,UndecidedProblem,1.208573451,8.258040198,1185850.447,1200513.299,0.416131981,7.72511951,0,2.419344598,0.954446139,2.043826648,1200054.127,12.2691471,1.177710472,0.025048845,0.568791997,1194839.496,5706.47959,5673.803396,0.140172653,2,0.813796424,23.10514429,-0.922657161,2.058008788,1.190241044,2.528061759,0.998503166,0.232201763,1.21837157283,3.6672353835,4.16621846139,1.59237315827,2.57384530312,374.839459626
HA5 2-fold,1,15,6,,5.010367222,0.840277778,2.956348958,18986.52072,1,5.411338937,0.861409677,3571.753326,UndecidedProblem,UndecidedProblem,9.702899647,789030.9002,808017.4209,0.397269421,7.447685304,0,2.542289746,UndecidedProblem,3.415184879,807479.535,11.94058079,1.177710472,0.03350931,0.731282835,803388.8806,4772.851142,4628.540301,0.259312982,1,0.930644555,-0.516265246,-0.872972774,2.038681445,3.132462656,2.365968108,0.99931927,0.24377631,0.947649755788,4.74807327434,4.27844538756,2.06169052294,2.21675486462,164.723235688
HA5 control,1,15,7,,3.178060528,0.9375,1.681342432,17490.04122,1,6.133665781,0.704622924,3975.108961,UndecidedProblem,UndecidedProblem,7.392858403,1210537.81,1228027.851,0.679655524,8.163402843,0,2.381708622,UndecidedProblem,2.925956731,1228872.437,11.87831469,0.845140528,0.011621786,0.580153593,1223744.545,4348.530389,4283.305925,0.207077787,1,0.944931931,24.64345037,-0.963242847,2.111188551,0.980853984,2.250552528,0.99883775,0.219596375,1.19451126109,3.79622908912,4.24279083301,1.64838432007,2.59440651294,393.012635153
HA5 4-fold,1,15,8,,5.510712528,0.854166667,3.085969815,13202.63452,2,5.822400235,0.860667552,2245.952005,UndecidedProblem,1.617075015,10.73336364,733895.6146,747098.2492,0.877628767,8.366464462,0,2.631168222,0.879167256,2.923344782,746834.8434,11.30080079,0.509624889,0.027294874,0.542187568,744834.5383,2279.89981,2263.710879,0.24090827,2,UndecidedProblem,-7.434342012,-0.797841631,2.103800774,10.04222579,2.411526948,0.999381186,0.251280613,1.27815545929,7.04354730226,4.12066060116,3.05842262365,1.06223797751,11.5408548127
HA5 control,1,15,9,,3.345551667,0.9375,1.400513266,20888.52278,1,5.87694614,0.783517847,3729.722807,UndecidedProblem,UndecidedProblem,7.873035576,1206677.33,1227565.852,0.892056319,8.362516291,0,2.744294142,UndecidedProblem,4.578266737,1226370.034,11.83806786,0.177311222,0.003299548,0.739314255,1223836.13,3729.901299,3729.722807,0.317731923,1,0.869640327,39.29440614,-1.02408432,2.119986289,0.824841474,2.386548856,0.999053298,0.201598791,0.937355117006,3.13596997427,4.3199077281,1.36168909,2.9582186381,908.277671896
HA5 4-fold,1,15,10,,5.510712528,0.854166667,3.102538166,16683.70613,2,5.579125453,0.886849354,2865.200906,UndecidedProblem,1.49789198,10.31427172,780900.6785,797584.3846,0.56779566,8.120857051,0,2.467704054,0.784008152,2.466173955,797243.142,11.79195948,0.177311222,0.022067204,0.6033315,794719.1837,2799.453814,2865.200906,0.266749892,2,0,37.87237642,-0.831263483,2.05497408,2.502516221,2.377498054,0.999130491,0.253360472,1.14862227482,6.32972715979,4.22229253149,2.74847032557,1.47382220593,29.7729731611
HA5 control,1,15,11,,2.845433861,0.986111111,1.351619076,13557.68817,1,6.527918789,0.748048113,3371.655656,UndecidedProblem,UndecidedProblem,7.635451335,1237522.093,1251079.782,0.928661186,8.535500875,0,2.789083067,UndecidedProblem,3.957163348,1251079.894,11.72417324,0.177311222,0.017785551,0.67863574,1247708.126,3331.790835,3371.655656,0.238067888,1,0.817739931,24.41527018,-1.021138143,2.135968122,0.775620171,2.280744596,0.999018572,0.205112839,1.02116637712,2.90566138717,4.13218564081,1.26168536134,2.87050027947,742.164675326
HA5 8-fold,1,15,12,,7.679024111,0.826388889,5.476939481,66194.99249,1,3.470556357,0.930789533,12828.23111,UndecidedProblem,UndecidedProblem,10.90908457,667586.413,733781.4055,0.480178961,5.798336601,0,2.481259524,UndecidedProblem,1.846511336,733907.2175,13.7450719,3.678288528,0.015985698,0.830220573,720596.0009,13064.42742,13185.40458,0.33365023,1,0.792229755,13.51530002,-0.76471597,1.745545821,3.417589135,2.450888741,0.99928611,0.263746192,0.834717932243,6.40981912758,4.82082513723,2.78324755865,2.03757757858,109.037925083
HA5 control,1,15,13,,3.345551667,0.944444444,1.580150008,20089.47228,1,6.018935053,0.733909764,3770.879273,UndecidedProblem,UndecidedProblem,7.743558311,1282622.851,1302712.323,0.893667481,8.432401852,0,2.767719863,UndecidedProblem,4.02001122,1303109.367,11.91528426,0.177311222,0.007381321,0.682608533,1298941.444,3738.073763,3770.879273,0.285852191,1,0.833153764,25.13051823,-0.990520359,2.120143285,0.943338655,2.305936223,0.998775024,0.185580321,1.01522317184,3.39648157494,4.30296852864,1.47480745764,2.828161071,673.226295948
HA5 8-fold,1,15,14,,5.346070972,0.833333333,4.377142893,7664.074487,2,6.542350897,0.735597673,3075.649122,UndecidedProblem,2.062903749,10.84037995,706673.6389,714337.7134,0.450685015,7.620762367,0,2.269151357,0.872772651,2.801705617,714110.5003,11.8196117,3.510059417,0.011926619,0.669740886,710708.3913,3554.932727,3629.322131,0.130611929,2,0,25.53315322,-0.759921395,2.027337396,3.080733785,2.424058284,0.998601468,0.26059756,1.03472852634,5.53173213856,3.88445971699,2.40196792816,1.48249178883,30.3732866486
HA5 control,1,15,15,,3.345551667,0.923611111,1.786905274,22013.38226,1,5.898550859,0.756525873,5245.272276,UndecidedProblem,UndecidedProblem,7.76712525,1291176.459,1313189.842,0.742241847,7.967842116,0,2.600678156,UndecidedProblem,4.048585148,1315288.209,12.31137868,0.177311222,0.019641306,0.692999736,1307944.569,5235.786997,5245.272276,0.250071351,1,0.904966753,31.0311528,-0.969524823,2.072701174,1.064843898,2.353527267,0.998709311,0.204273916,1.00000038095,3.3455529415,4.34268677513,1.45269341793,2.8899933572,776.235243541
HA5 16-fold,1,15,16,b,6.679198194,0.8125,5.043538223,17405.10576,3,5.316389869,0.778173802,3997.688471,UndecidedProblem,1.281823202,11.37551163,676131.6551,693536.7609,0.709734613,7.191191888,0,2.399328352,0.902017965,2.640109983,693138.1292,12.05267053,2.510107167,0.014763927,0.69466789,688791.0091,4727.950705,4745.751821,0.228000558,3,UndecidedProblem,17.19384344,-0.766988898,1.99374487,3.324139973,2.458281736,0.999544853,0.244493836,0.997599010946,6.66316151225,4.24067666657,2.89325293628,1.34742373029,22.254801772
HA5 control,1,15,17,,3.678288528,0.854166667,2.016767642,30559.47521,1,5.457818647,0.760827437,6711.466841,UndecidedProblem,UndecidedProblem,7.908523518,1312554.956,1343114.431,0.324341794,7.463889353,0,2.356775218,UndecidedProblem,3.596018838,1343016.443,12.68089557,1.177710472,0.014676011,0.716244416,1335506.643,7727.721032,7607.788592,0.250543878,1,1.010692935,23.20265333,-0.948349022,2.027600029,1.20150849,2.381976061,0.998154726,0.193368151,0.967546810166,3.55891633214,4.48514589194,1.5453392671,2.93980662484,870.575868625
HA5 16-fold,1,15,18,,6.846513861,0.840277778,3.944397479,20771.14282,2,5.17938433,0.880523689,2404.428412,UndecidedProblem,1.81334491,10.51057383,731908.9577,752680.1005,0.603551738,7.913040937,0,2.452595332,0.713526779,2.125404073,752220.1411,11.5315672,1.177710472,0.015822049,0.646102404,749557.2748,3199.762555,3122.825775,0.305762995,2,UndecidedProblem,-7.194505386,-0.803783601,2.076234332,10.24979333,2.372346042,0.998987199,0.254914167,1.07258539159,7.34347075061,4.3174603919,3.18865425558,1.12880613632,13.4525971272
HA5 control,1,15,19,,3.178060528,0.868055556,1.679056599,19042.88224,2,6.11792634,0.689473174,4214.054177,UndecidedProblem,1.063529195,10.02138878,1303506.879,1322549.761,1.190935698,8.053197286,0,2.593423692,1.095538887,2.389799167,1321673.826,12.03627223,0.845140528,0.00786748,0.581673821,1317570.578,5124.499589,4979.182875,0.198383352,2,UndecidedProblem,22.33297865,-0.980149917,2.110030644,0.941178642,2.254158281,0.998481175,0.236649907,1.19138935771,3.78630749123,4.27973268177,1.64407620114,2.63565648063,432.171855392
HA5 32-fold,1,15,20,c,7.846507194,0.847222222,4.660142382,19920.35775,1,5.022315472,0.874782396,1754.26936,UndecidedProblem,UndecidedProblem,12.10898947,627467.7814,647388.1392,-0.03456892,8.269310731,0,2.887325228,UndecidedProblem,2.181183832,647147.3599,11.22683444,0.845140528,0.036285032,0.648089779,645289.904,2162.426596,2098.235183,0.362136691,1,1.128293873,-7.488726014,-0.792068096,2.088028944,10.98583991,2.349414672,0.998488922,0.221439788,1.06929629575,8.39024107714,4.29929713366,3.64317893059,0.656118203071,4.53020863006
HA5 control,1,15,21,,3.678288528,0.888888889,1.474420799,30516.01944,UndecidedProblem,5.526738996,0.747513086,3992.968794,1.198652683,1.776736219,1.369649553,1376315.529,1406831.549,UndecidedProblem,8.294057545,0,UndecidedProblem,0.837841105,3.063008246,1409735.776,11.88746174,1.009694444,0.015383413,0.682373331,1402349.444,4564.340639,4482.104647,0.326235939,3,UndecidedProblem,28.31632906,-1.0147033,2.134637085,0.823911092,2.47721119,0.99832433,0.225414762,1.01557310129,3.73557088781,4.48452788289,1.62204554399,2.8624823389,728.588544986
HA5 32-fold,1,15,22,,7.346503806,0.833333333,5.530201687,15612.81419,1,5.518132383,0.686929476,2538.471293,UndecidedProblem,UndecidedProblem,11.07200877,699878.8173,715491.6315,0.305383076,7.652752551,0,2.895761895,UndecidedProblem,2.475625338,715199.6258,11.6406953,1.345317167,0.040602508,0.597442145,711936.1658,3641.60178,3555.465685,0.22346536,1,0.970291068,-6.453302087,-0.800707918,2.053346802,9.911899577,2.309920975,0.998664179,0.326695257,1.15994495166,8.5215400021,4.19348119115,3.70019105606,0.493290135092,3.11379584716
HA5 control,1,15,23,,4.678461722,0.868055556,1.972834415,84367.22556,1,4.058810202,0.819656267,8542.450156,1.840204159,UndecidedProblem,1.840204159,1321671.832,1406039.057,0.392234253,7.235588023,0,2.36659762,UndecidedProblem,2.95209593,1408453.467,13.03301625,1.009694444,0.004052668,0.765435523,1396709.343,9474.699294,9329.714491,0.416029144,1,1.017864611,26.68651785,-1.02222258,1.989751317,1.036465397,2.408875966,0.998358288,0.219459254,0.905366917495,4.23572446787,4.92617376745,1.83922035079,3.08695341666,1221.66861438
HA5 64-fold,1,15,24,,7.510941583,0.826388889,6.153999686,11088.69728,2,5.866389774,0.665289679,2761.922891,UndecidedProblem,1.586079211,12.90049094,635815.2714,646903.9687,0.556515607,7.871734711,0,2.410956897,0.99531876,2.05736588,646661.012,11.65511044,0.177311222,0.04393741,0.573715677,644142.0458,2723.083022,2761.922891,0.20254113,2,0,26.58696286,-0.766191965,2.032050612,3.839302875,2.355949503,0.999190789,0.246948237,1.20791539744,9.07258198736,4.04488052745,3.93946243481,0.105418092644,1.27472966497
HA5 control,1,15,25,,3.00994825,0.847222222,1.925898392,14408.24365,1,6.555395336,0.551573097,3685.160497,UndecidedProblem,UndecidedProblem,6.719994529,1340723.983,1355132.227,0.922554499,8.522490461,0,2.688641027,UndecidedProblem,2.514011349,1355923.266,11.80951112,0.177311222,0.029815199,0.497155144,1351447.067,3636.194106,3685.160497,0.173604024,1,0.822072804,22.67046497,-0.967406375,2.143335155,0.93489179,2.210258668,0.997713969,0.235223341,1.39393106632,4.19566037368,4.15861104399,1.82182387046,2.33678717353,217.16367052
HA5 64-fold,1,15,26,,8.179155333,0.840277778,6.617647647,24598.79222,2,4.858265521,0.714275763,5419.840462,UndecidedProblem,1.545336507,13.08323995,688906.8848,713505.6771,0.731399356,6.686726271,0,2.440790569,1.090813697,1.732847907,712939.1068,12.62295302,1.677970417,0.025009463,0.65402499,706579.5213,7029.081892,6926.155736,0.210145616,2,0,-5.347800667,-0.799059167,1.918870071,9.226838584,2.423872407,0.999192319,0.280117707,1.05959253942,8.66657196963,4.39091378413,3.76316629163,0.627747492502,4.24372753397
HA5 control,1,15,27,,3.178060528,0.791666667,1.477034043,21405.17985,2,5.993505869,0.763238592,4631.878126,UndecidedProblem,1.301304234,9.31059159,1342373.594,1363778.774,1.556008878,8.085406776,0,2.830114082,0.975206232,3.675545678,1363402.942,12.11379079,0.677804139,0.014066567,0.70465748,1358757.731,5119.328864,5021.043225,0.256786346,2,UndecidedProblem,34.05141698,-1.017054717,2.109807681,0.816620895,2.348156019,0.998531698,0.21026484,0.983456529831,3.12548437846,4.3305188812,1.35713607402,2.97338280719,940.551991197
HA5 128-fold,1,15,28,,8.179155333,0.854166667,6.901913141,11404.94922,1,5.675140439,0.737193384,3427.083929,UndecidedProblem,UndecidedProblem,12.3384805,571343.1395,582748.0887,0.57374017,7.209081081,0,2.412669936,UndecidedProblem,2.096600054,582549.0298,11.94262989,5.346070972,0.025400716,0.626046995,578809.5854,3885.84608,3938.503278,0.170639324,1,0.966156985,45.34031529,-0.789861853,1.973893525,4.132018477,2.331017911,0.998747684,0.330645344,1.1069456535,9.05388044514,4.05709335594,3.93134192147,0.125751434474,1.33583074397
HA5 control,1,15,29,,3.178060528,0.875,1.655951443,18714.72416,1,6.275087418,0.651737042,3679.868196,UndecidedProblem,UndecidedProblem,7.393865787,1430634.254,1449348.978,0.896660635,8.621535203,0,2.829800522,UndecidedProblem,3.158156861,1451491.961,11.86679327,0.177311222,0.031413916,0.580607064,1445669.11,3625.587072,3679.868196,0.238059037,1,0.790537055,22.80620575,-1.02518001,2.143075893,0.785962766,2.237062171,0.9977804,0.212715069,1.19357831306,3.79326412381,4.27218343035,1.64709688398,2.62508654636,421.780547635
HA5 128-fold,1,15,30,,3.678288528,0.847222222,5.752208328,5781.526634,1,6.947645396,0.934960773,3569.333939,UndecidedProblem,UndecidedProblem,12.82823996,707879.8511,713661.3778,0.308140976,6.963115048,0,2.323554353,UndecidedProblem,2.373386971,713282.8394,12.43110768,2.845433861,0.077573146,0.602511173,707941.5138,5631.715831,5719.863981,0.010740321,1,0.907524374,-11.32906757,-1.047688854,1.965139359,14.28583556,2.434648918,0.992561397,0.32976634,1.15018613937,4.23071648151,3.76204253067,1.83704580178,1.92499672888,84.1388804258
HA5 control,1,15,31,,4.510389417,0.875,2.356638205,75816.13172,2,4.337761075,0.874229828,13885.92686,UndecidedProblem,0.793432928,9.512587016,1457239.165,1533055.296,0.538165305,6.700815833,0,2.547722363,1.273885062,2.988843726,1536412.819,13.67402847,1.009694444,0.010232842,0.799864942,1518318.222,14834.402,14737.07381,0.32653439,2,0,23.02281322,-1.025426699,1.912283728,1.22622434,2.643062892,0.996886203,0.274750138,0.866396267184,3.90778455443,4.87976162214,1.69682351473,3.18293810741,1523.83557201
HA5 256-fold,1,15,32,f,8.679149306,0.909722222,7.202893537,8542.441028,1,6.02982697,0.715410341,1996.075915,7.707613406,UndecidedProblem,7.707613406,549594.5105,558136.9515,0.804623367,8.104377119,0,2.424186916,UndecidedProblem,3.372314745,557901.643,11.38472284,0.509624889,0.05700259,0.662660417,556108.8944,2047.596397,2028.057047,0.240130787,1,0.972493468,26.56748306,-0.783474587,2.037228868,4.349057287,2.35750594,0.998665279,0.289118058,1.04578451077,9.07651991089,3.93158198937,3.94117234515,-0.00959035578648,0.978159425699
HA5 control,1,15,33,,3.00994825,0.923611111,1.810065703,18724.2039,1,6.357585188,0.755577121,6309.420004,UndecidedProblem,UndecidedProblem,7.80148923,1516695.832,1535420.036,0.892003831,7.926910273,0,2.773794372,UndecidedProblem,2.979942179,1536497.402,12.58032384,0.177311222,0.040396655,0.658432495,1529110.616,6235.714504,6309.420004,0.182892834,1,0.824309399,21.61371657,-1.0834984,2.06488153,0.817381954,2.28646477,0.997423203,0.214182264,1.05249969475,3.16796961433,4.2724033618,1.37558385338,2.89681950842,788.532337654
HA5 256-fold,1,15,34,,8.346460917,0.805555556,6.331035969,9262.041409,1,6.185520257,0.715440911,1310.044283,UndecidedProblem,UndecidedProblem,12.73099909,664852.7469,674114.7883,0.537195791,7.613941568,0,2.318047028,UndecidedProblem,3.397591132,674249.8049,10.97967414,5.010367222,0.017462344,0.657519277,670673.5951,3412.325713,3441.193211,0.167090874,1,0.997137895,47.02808792,-0.822115431,2.120137611,3.987198979,2.311412535,0.992978999,0.310546681,1.05396149473,8.79684842378,3.96670671832,3.81973444367,0.146972274646,1.40272415181
HA5 control,1,15,35,,3.678288528,0.875,2.185923956,27704.50156,2,5.839970265,0.664288104,5859.45211,UndecidedProblem,1.296119985,8.45872006,1559221.092,1586925.594,0.419415401,7.817249527,0,2.434964936,0.89433225,2.879532606,1591292.311,12.45938281,1.177710472,0.007544083,0.628464757,1579889.527,7165.053328,7036.06711,0.217989852,2,0,32.48533057,-0.992302093,2.075831092,1.116263272,2.475461265,0.995881279,0.237521961,1.10268713127,4.05600142492,4.44255034104,1.7611816869,2.68136865415,480.140846882
HA5 512-fold,1,15,36,g,9.179088833,0.875,6.998213682,4890.62093,2,6.668542198,0.5059533,253.6319814,UndecidedProblem,1.554241446,16.71031631,492611.8375,497502.4585,0.896281111,9.434355692,0,2.494329675,0.629446064,3.14700173,497500.673,8.841495292,2.678047194,0.035816306,0.470412262,496783.3884,749.9089506,719.0700132,0.227783933,4,UndecidedProblem,-7.503207968,-0.838462401,2.307412118,11.48726714,2.282187453,0.994536158,0.261004152,1.47317588418,13.5224123075,3.68936400214,5.87165102367,-2.18228702153,0.00657223340484
HA5 control,1,15,37,,3.678288528,0.923611111,1.682765505,15841.3081,2,6.65447746,0.485574392,887.3131846,UndecidedProblem,1.819848124,7.770139985,1579995.072,1595836.381,0.356061847,10.15285024,0,2.38026703,0.650848502,4.007225391,1598593.422,9.809700664,1.177710472,0.025315052,0.444925382,1594434.613,1451.997652,1401.767218,0.27060704,2,0,31.34646118,-0.909940117,2.355714272,1.001235039,2.2441259,0.994357887,0.186344158,1.55756454461,5.72917179606,4.19979104071,2.48769943381,1.7120916069,51.5337334609
HA5 512-fold,1,15,38,,10.51502822,0.9375,8.690035644,40845.3981,1,3.980386473,0.990655869,11384.68897,UndecidedProblem,UndecidedProblem,14.47505587,603856.3621,644701.7602,0.919330941,5.817338045,0,2.596171097,UndecidedProblem,2.244661481,644515.1164,13.66073413,0.509624889,0.010382645,0.909444692,633268.6179,11446.83274,11433.14231,0.2897336,1,0.959130336,9.364623028,-0.815624425,1.728571868,4.832741833,2.490066456,0.998945049,0.296291738,0.76200345782,8.01248786271,4.61114313327,3.47915235029,1.13199078298,13.5516065152
HA5 control,1,15,39,,4.510389417,0.958333333,3.229893974,101706.494,1,4.099871167,1.247617612,49777.662,UndecidedProblem,UndecidedProblem,9.327927962,1642238.903,1743945.397,0.827701998,5.13071259,0,2.664877398,UndecidedProblem,2.072973637,1746727.744,15.5242527,0.177311222,0.01993631,1.199296778,1694167.735,49672.08886,49777.662,0.216922715,1,1.013436823,37.52786463,-1.255248416,1.634646987,1.22040339,3.031708563,0.996057307,0.602329735,0.577838624027,2.60627721455,5.00734868368,1.13168789168,3.875660792,7510.36064188
HA5 1024-fold,1,15,40,,11.01859839,0.847222222,8.481583606,13141.57334,2,5.141759746,0.60779574,730.1871697,UndecidedProblem,1.37308096,UndecidedProblem,450808.5315,463950.1048,0.369190978,8.791781566,0,2.759597562,1.6503835,2.535962834,463860.2382,10.134605,3.510059417,0.044897415,0.533966669,462903.2624,1040.26165,1046.842414,0.336402751,2,1.015847414,-8.466527507,-0.934006261,2.171787686,12.61250879,2.287345479,0.993609581,0.232600534,1.29783381666,14.3003096028,4.11864736309,6.20942666209,-2.090779299,0.0081137327908
HA5 control,1,15,41,,4.178394028,0.916666667,2.094963092,39067.12851,2,5.521015047,0.678950042,4588.999547,UndecidedProblem,1.40547001,8.002755343,1754851.033,1793918.162,0.266270924,8.373003484,0,2.469554332,0.825836601,2.385093134,1793635.179,12.1059922,1.009694444,0.043775186,0.574411385,1788507.163,5528.48263,5410.998635,0.284303437,2,UndecidedProblem,32.04858163,-1.089454752,2.134068864,0.892297644,2.392383986,0.99520435,0.183748754,1.20645241041,5.04103354672,4.59181149113,2.1888986308,2.40291286033,252.879055258
HA5 1024-fold,1,15,42,,11.68668019,0.923611111,7.44485559,49003.88066,1,3.711471073,0.892448042,1823.675318,UndecidedProblem,UndecidedProblem,15.03241644,592936.351,641940.2317,0.515790174,8.459446271,0,2.379516103,UndecidedProblem,2.294181517,641828.3783,11.35584729,0.177311222,0.020723129,0.814433447,640116.5564,1773.483871,1823.675318,0.65542113,1,1.021756805,-11.67976611,-1.163133608,2.100694819,14.81476327,2.431286771,0.996374586,0.291505803,0.850898256392,9.94417579669,4.69023047355,4.31792262123,0.372307852321,2.35671926692
HA5 control,1,15,43,,4.678461722,0.958333333,1.70838052,67740.5419,2,4.671028577,0.847186216,5956.043698,UndecidedProblem,1.007411653,8.671639286,1657971.695,1725712.237,0.739555185,8.178621861,0,2.726937386,1.154742688,3.45929422,1729450.241,12.45539238,0.177311222,0.004173881,0.769761077,1719756.193,5908.397294,5956.043698,0.460225135,2,UndecidedProblem,42.51354883,-1.190887222,2.095430049,0.663839842,2.632159416,0.997162465,0.279686788,0.900279347328,4.21192246558,4.83084866652,1.82888513486,3.00196353166,1004.53143478
HA5 2048-fold,1,15,44,,11.85419158,0.854166667,5.219581194,58366.97043,5,3.236791155,1.62488286,3163.739899,UndecidedProblem,1.110372788,17.89225048,491855.5714,550222.5418,0.463766751,6.784974573,0,2.922458108,1.293501304,1.862454054,550096.0061,11.90807008,3.00994825,0.010339543,1.215813854,545233.0362,5029.496824,4989.505578,0.730336145,5,UndecidedProblem,-7.444647944,-1.332576633,2.005603728,10.01189679,2.639584241,0.998180287,0.390287338,0.569988569977,6.75675370692,4.7661671516,2.93389218711,1.83227496449,67.9633792379
HA5 control,1,15,45,,5.010367222,0.979166667,3.237287586,123350.748,2,3.831719371,1.046232708,38376.47086,UndecidedProblem,0.572117209,UndecidedProblem,1632971.703,1756322.451,0.748660525,5.516191884,0,2.705567443,1.459750078,1.516519756,1755817.999,15.21428111,0.177311222,0.002114855,0.980978773,1717945.981,38226.72879,38376.47086,0.286686843,2,UndecidedProblem,22.6382291,-1.210249704,1.691493308,1.223623726,2.687783142,0.996789173,0.226051525,0.706437304327,3.539510314,5.0911417874,1.53691285888,3.55422892852,3582.85249306
HA5 2048-fold,1,15,46,,11.51866667,0.979166667,7.981685498,20116.51601,2,5.13393563,0.987199544,1694.53731,UndecidedProblem,1.68922488,UndecidedProblem,686235.8233,706352.3393,0.810757705,8.703352789,0,2.783880449,1.517408778,2.389226013,708845.6317,11.14264216,0.177311222,0.015533586,0.878237017,704657.802,1694.745751,1694.53731,0.53229449,2,0,-8.932562659,-1.180720759,2.137131851,12.3589711,2.527403971,0.997838985,0.259692976,0.789080836478,9.08915913107,4.30355276721,3.94666049981,0.356892267393,2.27453313214
HA5 control,1,15,47,,4.345784972,0.784722222,1.822826223,51995.47433,1,4.41635171,0.731430645,4707.990948,UndecidedProblem,UndecidedProblem,7.826269122,1058252.222,1110247.696,0.718372755,7.881554315,0,2.632529901,UndecidedProblem,3.75155253,1117094.162,12.20238886,0.177311222,0.007592734,0.707905216,1105539.705,4704.608874,4707.990948,0.419555798,1,0.887514824,23.46796782,-0.961571905,2.08889945,1.095059763,2.336409312,0.997574954,0.256510157,0.978944616224,4.25428280161,4.71596554442,1.84727868068,2.86868686374,739.072194938
HA5 undiluted,1,16,0,,5.678955056,0.819444444,3.172061886,51592.58131,1,4.33388212,0.7665873,5359.983507,UndecidedProblem,UndecidedProblem,9.221634263,988844.3824,1040436.964,0.454575616,7.302787996,0,2.338947163,UndecidedProblem,2.892591112,1041845.948,12.47753179,1.177710472,0.007422969,0.722853102,1033847.387,6624.056732,6589.576957,0.369009778,1,1.0064032,24.22354433,-0.873075732,2.008010892,2.021337065,2.353923909,0.998598514,0.226385178,0.958701011426,5.44441995603,4.71258725729,2.36405556059,2.3485316967,223.116504169
HA5 undiluted,1,16,1,,4.510389417,0.951388889,2.512965278,21062.6359,2,5.607392342,0.900106761,4482.462182,UndecidedProblem,1.186365608,10.40555908,1005785.012,1026847.648,0.478873809,7.559531201,0,2.692873333,1.05715452,3.672448342,1027128.194,12.19766426,1.177710472,0.021017409,0.783369528,1021404.372,5591.215769,5443.276156,0.266035626,2,UndecidedProblem,29.26715257,-0.975774853,2.031196492,1.647754793,2.462986869,0.998501166,0.162336853,0.884639975427,3.99007078302,4.32351272037,1.73255353149,2.59095918888,389.905345133
HA5 undiluted,1,16,2,,4.510389417,0.958333333,2.454785288,19861.80264,2,5.504284207,0.837973346,3607.707834,UndecidedProblem,0.814610442,9.004396025,881653.9363,901515.739,0.406761154,7.720951823,0,2.489911631,1.021416616,3.116469922,901774.6034,11.94230584,0.845140528,0.01516993,0.684405706,897242.7161,4388.205071,4273.02289,0.263999412,2,UndecidedProblem,33.7457531,-0.931571225,2.046700095,1.675642886,2.468939559,0.999109748,0.176271148,1.0125573091,4.56702777107,4.29801866214,1.9830776253,2.31494103684,206.509976293
HA5 undiluted,1,16,3,,4.510389417,0.9375,2.368789997,20714.52268,1,5.428948711,0.881790332,3822.634626,UndecidedProblem,UndecidedProblem,9.225060248,871668.5781,892383.1008,0.308431039,7.504716276,0,2.490831183,UndecidedProblem,3.681100876,892283.732,12.04396785,1.009694444,0.014048398,0.762222442,887469.4235,5119.589419,4913.677279,0.27491241,1,0.96019342,47.09090677,-0.939187409,2.036864952,1.673288808,2.391679713,0.999120533,0.189514189,0.909183411317,4.10077123652,4.3162749304,1.78062146614,2.53565346426,343.283922727
HA5 2-fold,1,16,4,,5.010367222,0.847222222,3.066526926,18889.79981,2,5.394693087,0.903790789,4177.148592,UndecidedProblem,1.096236649,9.848837302,775789.3016,794679.1014,0.508564289,7.098826907,0,2.638185523,1.382603826,3.029094875,794417.1493,12.20551325,1.677970417,0.018317945,0.743945801,788881.7188,5922.798022,5797.382549,0.222203201,2,0,18.61529125,-0.887648843,1.99692802,2.153085144,2.370428757,0.998969398,0.215628938,0.931519472344,4.66725463089,4.27622735539,2.02659775549,2.2496295999,177.676340168
HA5 2-fold,1,16,5,y,5.010367222,0.8125,3.089544765,19826.3629,UndecidedProblem,5.345198126,0.917141847,4567.106473,UndecidedProblem,1.399954502,13.04910121,786123.4893,805949.8522,UndecidedProblem,6.998774501,0,UndecidedProblem,1.445592708,3.456809484,803671.767,12.34438077,1.845573139,0.0296012,0.787341813,799648.0181,6368.652949,6301.834049,0.227927643,2,UndecidedProblem,40.40526171,-0.885739186,1.982240597,2.175688757,2.421295467,0.998894492,0.222834032,0.88017680321,4.41000900437,4.2972430512,1.91489752686,2.38234552434,241.182351041
HA5 2-fold,1,16,6,,4.678461722,0.805555556,3.037392038,12649.1741,3,6.028883848,0.749796172,2889.525242,UndecidedProblem,1.864661846,9.142140416,813269.0495,825918.2236,0.655261524,7.725054694,0,2.572207329,0.880117332,1.997905527,825878.1079,11.6609588,2.010097222,0.02733018,0.588838132,822014.6365,3914.519817,3903.587042,0.177104425,3,UndecidedProblem,29.95506683,-0.867617815,2.075706073,2.102016764,2.437970746,0.998967981,0.232050316,1.17689389042,5.50605301721,4.10206217013,2.39081763665,1.71124453348,51.4333170066
HA5 2-fold,1,16,7,,6.511028222,0.777777778,2.950809535,63004.2598,UndecidedProblem,3.762431895,0.89917132,4052.065369,UndecidedProblem,1.79304259,9.88157693,792012.7813,855017.0411,UndecidedProblem,7.238783043,0,UndecidedProblem,1.396515851,3.301012133,854644.8118,12.20888904,1.845573139,0.006440488,0.811089349,849356.1611,5722.281496,5660.879918,0.47992347,2,0,40.60359972,-0.914999745,2.013549508,2.055140373,2.430641452,0.998894828,0.243445031,0.85440648537,5.5630647393,4.79936991366,2.41557305224,2.38379686142,241.989689007
HA5 4-fold,1,16,8,,5.178466667,0.826388889,3.905035901,14087.34441,1,5.786478495,0.64503431,3528.102293,UndecidedProblem,UndecidedProblem,8.948090705,763470.5388,777557.8832,0.630556078,7.53319996,0,2.375762884,UndecidedProblem,2.102894354,777559.2444,11.87108695,1.345317167,0.017796258,0.557258396,773360.1621,4257.194072,4197.721074,0.17283458,1,1.289859936,24.33854479,-0.861864612,2.040539708,2.374215427,3.067125369,0.999384796,0.498595762,1.2435882617,6.43988036069,4.14882913244,2.79630063426,1.35252849819,22.5179317344
HA5 4-fold,1,16,9,,5.178466667,0.847222222,3.489289026,14866.51427,1,5.780606461,0.897637111,4039.768687,UndecidedProblem,UndecidedProblem,10.37172824,802364.9706,817231.4849,0.679338479,7.353696977,0,2.427939457,UndecidedProblem,3.733963804,815556.8856,12.13640196,1.009694444,0.014939485,0.775359951,812235.0329,5171.662098,4996.452015,0.214144298,1,0.994710798,-1.289436167,-0.856423472,2.014793123,4.02660088,2.415097595,0.999399135,0.233140901,0.8937784304,4.62840180951,4.17220915206,2.00972722949,2.16248192257,145.372387336
HA5 4-fold,1,16,10,,5.346070972,0.861111111,3.513204137,16499.61285,1,5.590777524,0.861551189,3776.534387,UndecidedProblem,UndecidedProblem,10.18206677,778680.4593,795180.0722,0.660940523,7.718074869,0,2.468964237,UndecidedProblem,3.497207933,794724.7156,12.19494346,0.177311222,0.018862955,0.745455356,791403.5378,3729.314412,3776.534387,0.275517363,1,0.946508793,2.300014105,-0.836883862,2.001091788,2.630908144,2.336896361,0.999120501,0.232023773,0.929633135535,4.9698847205,4.21747375397,2.15800465501,2.05946909895,114.675092457
HA5 4-fold,1,16,11,,7.010943389,0.895833333,4.27158629,69724.73449,1,3.606960964,0.938411747,9173.672143,UndecidedProblem,UndecidedProblem,10.44983696,779827.9422,849552.6767,0.561964155,6.533060247,0,2.496916862,UndecidedProblem,2.367221613,849007.2086,13.2912587,0.177311222,0.016983467,0.837211801,840379.0045,9148.466597,9173.672143,0.4190173,1,0.981862248,-5.814964175,-0.849115214,1.856874977,8.539753574,2.451628403,0.999289171,0.23269069,0.827747529565,5.80329107016,4.84338686916,2.5198832263,2.32350364286,210.621956589
HA5 8-fold,1,16,12,a,7.679024111,0.847222222,4.356990229,53442.27467,2,3.749985549,0.824947486,3529.216124,UndecidedProblem,1.705404639,10.64754545,665581.1984,719023.4731,0.591624202,7.670547278,0,2.310990836,0.741535891,2.061530587,718720.236,11.93920634,0.177311222,0.02404773,0.691842487,715494.257,3474.3315,3529.216124,0.462267446,2,UndecidedProblem,36.29065039,-0.79752018,2.014437963,2.9928567,2.350420342,0.99944558,0.246010619,1.00167308748,7.69187179006,4.72788493479,3.33993564484,1.38794928995,24.4314526413
HA5 8-fold,1,16,13,,7.510941583,0.840277778,5.510004647,55533.07567,2,3.784063578,0.865840451,11193.51724,UndecidedProblem,0.844042099,10.77355838,709479.1395,765012.2152,0.415496715,6.094747446,0,2.412344609,1.18423705,1.82672046,765032.0644,13.57067401,0.177311222,0.021257586,0.805790575,753818.698,11021.08281,11193.51724,0.321807298,2,UndecidedProblem,0.923886573,-0.813311754,1.786552931,3.567639474,2.552169224,0.99907258,0.267793068,0.860024951272,6.45959716893,4.74455172731,2.80486199259,1.93968973472,87.0341585148
HA5 8-fold,1,16,14,,5.84629975,0.868055556,4.320751602,14007.6034,3,5.685492023,0.764199229,3464.877464,UndecidedProblem,1.674888552,10.1960901,706879.8652,720887.4686,0.719504808,7.700825928,0,2.474897927,0.877939286,2.172079639,720524.3819,11.93327565,0.177311222,0.024241517,0.60600281,717422.5912,3454.764711,3464.877464,0.214410284,3,UndecidedProblem,14.41663684,-0.843966011,2.018648106,2.772165721,2.439567477,0.999530503,0.264632163,1.14355905379,6.68558901031,4.14636383699,2.90299132015,1.24337251684,17.5134826652
HA5 8-fold,1,16,15,,6.846513861,0.861111111,5.36368165,24922.99281,1,4.935758272,0.682435615,5554.532918,UndecidedProblem,UndecidedProblem,UndecidedProblem,737878.4107,762801.4035,1.782417781,7.101498088,0,3.067069545,UndecidedProblem,2.753704255,762690.7049,12.59467761,0.177311222,0.025662121,0.613973843,757246.8706,5414.701143,5554.532918,0.232584393,1,1.037200261,23.23823972,-0.672510572,1.92601052,3.647488642,2.303195909,0.998508194,0.233939936,1.12871257937,7.72774631976,4.39660019219,3.35551294822,1.04108724397,10.9922663722
HA5 16-fold,1,16,16,,6.846513861,0.826388889,5.227323242,17478.11762,3,5.456965153,0.73516667,3884.777703,UndecidedProblem,1.226045354,11.95458872,750245.4169,767723.5345,0.55411212,7.587897335,0,2.338740827,0.971968261,1.758093287,766707.6862,12.01584734,3.510059417,0.045974248,0.662513818,763733.1003,3961.137793,3990.434183,0.246341918,3,UndecidedProblem,27.89151827,-0.778602287,2.020479125,3.364590179,2.423483324,0.999635134,0.253045129,1.04601591872,7.16156248634,4.24249465763,3.10966673311,1.13282792452,13.5777536438
HA5 16-fold,1,16,17,,8.346460917,0.840277778,4.73733548,66636.33475,3,3.61796611,0.933905254,4451.437842,UndecidedProblem,1.475748524,11.08375589,751503.2832,818139.618,0.506095472,7.004433764,0,2.510349059,0.764256224,1.684309701,818189.0668,12.38968846,2.345529417,0.028752456,0.728511676,811767.5154,6447.672258,6372.102571,0.421868799,3,UndecidedProblem,-8.664648003,-0.808879819,1.982124326,11.92517356,2.622206285,0.999007385,0.239700322,0.951254486139,7.93960839068,4.82371110122,3.44750689999,1.37620420123,23.779581176
HA5 16-fold,1,16,18,,7.510941583,0.888888889,4.554869708,37573.16765,1,4.425775198,0.888076033,3707.979748,UndecidedProblem,UndecidedProblem,11.40091756,769975.8611,807549.0288,-0.05455495,7.374985275,0,2.888845923,UndecidedProblem,3.503831461,807298.9725,12.22217793,1.009694444,0.011937111,0.779004511,802684.093,4980.382688,4864.935803,0.393935175,1,0.915859692,-8.489063132,-0.842678147,2.003833983,11.56167885,2.368888537,0.998692711,0.240730021,0.889596902475,6.68171036691,4.57487781031,2.9013071502,1.67357066011,47.1596594296
HA5 16-fold,1,16,19,,7.010943389,0.902777778,3.871982592,27734.56089,3,4.949124452,1.028371498,3905.874962,UndecidedProblem,1.561558353,12.9965583,829019.5689,856754.1298,0.641625957,7.756586728,0,2.686640983,1.182641244,1.726541014,856477.3488,12.28796264,0.509624889,0.041881266,0.647767291,852792.3445,3980.956539,3961.78531,0.314540804,3,UndecidedProblem,-8.417131166,-0.887928932,2.006823623,11.29432385,2.52937459,0.998511392,0.214006834,1.06982864005,7.50050803133,4.44302129426,3.25684239311,1.18617890115,15.3524927567
HA5 32-fold,1,16,20,,6.846513861,0.888888889,5.425935943,6501.070694,1,6.558752582,0.661040521,1462.197788,UndecidedProblem,UndecidedProblem,11.14075311,606365.806,612866.8767,0.552177497,8.71129145,0,2.34749994,UndecidedProblem,3.423177689,612455.8095,10.93179894,0.177311222,0.016435392,0.6241324,611404.6789,1437.653218,1462.197788,0.234891438,1,0.97116751,14.84084533,-0.755351555,2.109151131,3.634846127,2.27981567,0.997884611,0.283681644,1.11034133142,7.60196731603,3.81298488867,3.30089766219,0.512087226483,3.25152596556
HA5 32-fold,1,16,21,,7.679024111,0.875,5.092935672,23308.53473,2,4.916634899,0.883095793,2961.628665,UndecidedProblem,0.359532299,12.00635717,680686.4335,703994.9683,0.40460606,7.893030543,0,2.363691764,0.865400755,1.901045686,703759.8781,11.88481145,0.177311222,0.043015934,0.737119515,701033.3396,2962.846828,2961.628665,0.376893632,2,UndecidedProblem,-7.26100464,-0.899957448,2.02236112,10.40953648,2.340512269,0.999141754,0.267341699,0.94014604945,7.21940418159,4.36751497285,3.13478253651,1.23273243633,17.0896211945
HA5 32-fold,1,16,22,,7.179124361,0.902777778,5.441668012,12831.43017,1,5.673216771,0.780512432,2750.807159,UndecidedProblem,UndecidedProblem,11.57751705,641930.5973,654762.0275,0.75440841,7.845467731,0,2.485897502,UndecidedProblem,2.642423587,654733.9734,11.66910909,0.677804139,0.016824688,0.679386119,651915.192,2882.330361,2846.835466,0.257075284,1,0.93515275,-7.907925071,-0.815476413,2.033994725,11.34677614,2.324693884,0.999449291,0.293772666,1.02003850332,7.32298326833,4.10827506482,3.17975825807,0.92851680675,8.48236207686
HA5 32-fold,1,16,23,,7.679024111,0.930555556,4.717960382,22750.49483,3,4.921107484,1.010107517,2914.669975,UndecidedProblem,0.361368523,12.63086073,666523.3699,689273.8648,0.614925507,7.676249512,0,2.680649141,1.383271753,3.548377466,689322.1655,11.84394539,1.009694444,0.027261222,0.873067051,685904.0157,3442.156553,3369.849104,0.411715617,3,UndecidedProblem,-8.326521214,-0.944790339,2.026162628,11.321026,2.431187181,0.998700699,0.241540675,0.793753468541,6.09525202312,4.35699084713,2.64665741342,1.71033343371,51.3255289374
HA5 64-fold,1,16,24,,8.011009639,0.868055556,6.700036735,19696.6545,1,5.037249336,0.786833733,6218.261944,6.873391591,UndecidedProblem,6.873391591,627081.9023,646778.5568,0.669917909,6.523917901,0,2.381605136,UndecidedProblem,1.995116741,646231.8336,12.69990837,3.678288528,0.026213489,0.698918678,639750.0894,7041.836964,7028.467412,0.18385943,1,1.007029933,12.75012248,-0.793008668,1.885289719,3.950762957,2.398347661,0.999631356,0.325315622,0.991531664289,7.94316971999,4.294392467,3.44905328701,0.845339179982,7.0038877963
HA5 64-fold,1,16,25,,7.846507194,0.902777778,4.103584443,23018.23332,2,4.988917906,1.228320309,3665.634094,UndecidedProblem,1.97656844,13.4372338,707928.8269,730947.0602,0.453388627,7.176369134,0,2.924198688,0.696614633,2.119282747,730930.2626,12.17358516,1.345317167,0.012608584,0.600911576,725893.6616,5129.052343,5053.398585,0.230029039,2,0,-8.132796745,-0.945916817,1.993768051,11.24888263,2.61365246,0.998338597,0.251242001,1.15324787819,9.04896777266,4.36207198789,3.9292087593,0.432863228598,2.70933825161
HA5 64-fold,1,16,26,,7.679024111,0.923611111,6.193526776,12520.79404,1,5.78009756,0.651605284,2584.432882,UndecidedProblem,UndecidedProblem,11.37801109,675520.6763,688041.4703,0.578935614,8.056503977,0,2.307532662,UndecidedProblem,2.667155415,687991.1937,11.67545372,0.177311222,0.01137527,0.626133516,685457.0374,2575.103618,2584.432882,0.248615549,1,1.000566266,33.4066231,-0.775674323,2.038174007,3.794575974,2.308839339,0.998855456,0.282174141,1.10679269244,8.49908777112,4.09763187171,3.69044193275,0.407189938958,2.55381797231
HA5 64-fold,1,16,27,,10.18306933,0.888888889,4.660419773,92268.12391,5,3.006824489,1.259477804,3792.271305,UndecidedProblem,1.114050039,15.07711834,649376.8418,741644.9657,0.445494419,7.453936234,0,2.685993586,0.853974826,2.065675476,741394.4561,12.10795029,3.845753861,0.01591605,0.839745519,737414.992,4192.927746,4229.973637,0.633142821,5,UndecidedProblem,-7.21230658,-0.979051797,2.008569963,10.27976047,2.676411552,0.998622894,0.265135419,0.825250012439,8.40357809125,4.96505169018,3.6489700787,1.31608161148,20.7053040088
HA5 128-fold,1,16,28,,8.679149306,0.861111111,7.023583451,14749.09815,1,5.415643631,0.615487189,2309.575034,7.582923715,UndecidedProblem,7.582923715,614810.2025,629559.3006,0.693432339,7.408695994,0,2.329446407,UndecidedProblem,2.518012536,629523.6872,11.54126922,3.345551667,0.014483896,0.551454567,625854.2264,3699.420449,3705.074298,0.193920927,1,0.982129152,17.89267728,-0.761921296,2.039205576,4.210550875,2.287817223,0.998070981,0.282289049,1.25667650876,10.9068830489,4.16876546571,4.73594574421,-0.567180278502,0.270906684695
HA5 128-fold,1,16,29,,8.346460917,0.902777778,5.734647999,20346.98778,UndecidedProblem,5.044949074,0.943400118,2937.120193,UndecidedProblem,1.795526127,24.45836508,651361.9422,671708.93,UndecidedProblem,7.147055297,0,UndecidedProblem,1.250015492,2.385677597,671406.3607,11.90532889,2.178148639,0.033160652,0.782422947,666969.7512,4750.933705,4739.17883,0.285396724,7,UndecidedProblem,-12.20700679,-1.065648849,2.023300436,15.12232859,2.650695713,0.997811059,0.285537228,0.885710219335,7.39254572947,4.30850012426,3.20996340837,1.09853671589,12.5469080677
HA5 128-fold,1,16,30,,9.011071639,0.861111111,6.319245856,20078.86801,1,4.963087593,0.77207642,1788.983114,UndecidedProblem,UndecidedProblem,12.84016752,606213.9934,626292.8614,-0.266905699,7.704285949,0,2.908774561,UndecidedProblem,3.316548222,626343.3112,11.42774183,1.510040889,0.016433608,0.728268858,623289.8547,3125.615756,3003.006664,0.344338871,1,0.975348913,-7.229437593,-0.84902703,2.059640617,11.05095356,2.363714203,0.997421799,0.277979426,0.951571651578,8.57468032201,4.30273922486,3.72326544595,0.579473778919,3.79729011657
HA5 128-fold,1,16,31,,8.679149306,0.909722222,5.602816597,21582.72401,3,4.995486522,1.040880998,2833.678861,UndecidedProblem,1.071561318,13.7681451,666907.1277,688489.8517,0.416796969,7.680100124,0,2.551859916,1.277765218,2.010455671,688390.4393,11.93277468,0.845140528,0.023625524,0.982935013,685132.8077,3467.26218,3357.04402,0.45014596,3,UndecidedProblem,-10.89273481,-1.124044311,2.030973848,13.69192022,2.573885187,0.997536021,0.241437067,0.705031350837,6.11907235932,4.33410625721,2.65700059024,1.67710566697,47.5450892489
HA5 256-fold,1,16,32,,10.01507008,0.847222222,7.905244499,24907.73382,2,4.519376768,0.874197799,4683.210775,UndecidedProblem,1.42538082,14.91304901,546310.6613,571218.3951,0.59958964,6.930400659,0,2.471773421,1.18223368,2.363680356,570758.214,12.44355517,0.177311222,0.017713294,0.791221082,566535.1843,4650.479616,4683.210775,0.329472883,2,0,16.85498145,-0.79044027,1.8972339,4.646348878,2.56586972,0.999536576,0.236791202,0.875861394199,8.77181324327,4.39633421593,3.80886376173,0.587470454194,3.86785740034
HA5 256-fold,1,16,33,,9.346490556,0.923611111,6.795108374,24206.79331,4,4.744633187,0.934130976,3659.788427,UndecidedProblem,1.548583339,13.72911642,624747.5892,648954.3825,0.55427716,7.470213011,0,2.765152248,1.231401295,2.162717883,649064.9728,12.08641128,0.177311222,0.024821275,0.872218888,645294.5941,3627.734154,3659.788427,0.407084828,4,UndecidedProblem,34.13751466,-1.085914529,1.995784223,3.116398093,2.623289173,0.998604874,0.272311983,0.794525330206,7.42602349527,4.38393726197,3.22449999795,1.15943726403,14.4356805872
HA5 256-fold,1,16,34,,9.179088833,0.777777778,7.391880456,11489.74126,1,5.693726668,0.690935644,1924.849725,UndecidedProblem,UndecidedProblem,13.04829363,583203.1717,594692.913,0.561326962,7.204406203,0,2.344476082,UndecidedProblem,3.213498337,594692.0062,11.40346313,5.84629975,0.027372726,0.638439756,590660.6357,3999.720463,4032.277337,0.171338601,1,0.991888348,21.00510202,-0.740598016,2.041658381,4.679189043,2.325458507,0.993878898,0.283465932,1.08545871946,9.96352201048,4.06031024883,4.32632306143,-0.266012812605,0.541984900465
HA5 256-fold,1,16,35,,11.68668019,0.819444444,7.457947253,110195.1779,3,2.644506537,1.15513786,8784.464477,UndecidedProblem,0.887545713,13.98269322,578835.2194,689030.3973,0.45384462,5.920615133,0,2.598100763,0.885794786,1.312172352,688945.5175,13.2593166,4.010306667,0.016514564,0.885794786,677655.2865,11415.64749,11375.11075,0.493480562,3,UndecidedProblem,-8.872950484,-0.9897882,1.82706796,12.60490526,2.632449994,0.998564408,0.280362383,0.782348249225,9.1430537859,5.04216259037,3.97006243417,1.07210015619,11.8059287041
HA5 512-fold,1,16,36,,9.850454889,0.826388889,7.870132179,8961.637123,1,5.97513076,0.612288626,944.9609475,UndecidedProblem,UndecidedProblem,13.42433486,554781.0759,563742.713,0.303707892,7.939201275,0,2.345043327,UndecidedProblem,3.186800462,563749.6535,10.92241745,2.510107167,0.015385516,0.540745536,561445.807,2404.885182,2296.905966,0.187715543,1,0.947940675,-5.961205088,-0.785937175,2.098470117,10.66154832,2.252107887,0.990971848,0.248742335,1.28156397763,12.623988149,3.95238735437,5.48154066391,-1.52915330954,0.0295696844798
HA5 512-fold,1,16,37,,10.01507008,0.972222222,6.48544661,25178.90104,3,4.68749578,1.01147213,2234.755389,UndecidedProblem,1.366954159,14.67710447,623625.2281,648804.1291,0.592676002,8.093930626,0,2.721026867,1.34981312,1.716666699,648806.1524,12.02419031,0.677804139,0.017371828,0.944305585,646429.4895,2413.048428,2374.63959,0.546071931,3,UndecidedProblem,-15.54262735,-1.343807417,2.042922782,18.04662825,2.717959846,0.988372395,0.291982648,0.733872605445,7.34978557332,4.40103677094,3.19139625416,1.20964051678,16.2046821458
HA5 512-fold,1,16,38,,10.35042817,0.951388889,6.886202952,12387.97611,1,5.353189952,0.64175337,288.2026302,8.135277936,UndecidedProblem,8.135277936,493985.6841,506373.6602,0.632451188,10.77890315,0,2.30404412,UndecidedProblem,3.522412939,506372.3852,9.839813323,0.177311222,0.03461678,0.596960457,506085.4576,285.0733875,288.2026302,0.549809005,1,0.990160985,-9.82488728,-0.906453468,2.210647701,13.86009565,2.281374596,0.992062165,0.253971257,1.16088091242,12.0156144979,4.09300035916,5.21737494482,-1.12437458566,0.0750974887226
HA5 512-fold,1,16,39,,10.68304719,0.888888889,7.508532511,29908.64057,1,4.51480981,1.134078422,4936.119567,7.866957045,UndecidedProblem,7.866957045,653829.5704,683738.211,0.641894214,7.113922902,0,2.282675005,UndecidedProblem,1.657749247,683632.2827,12.65378819,0.177311222,0.029917783,0.838946246,678802.0914,4872.140389,4936.119567,0.37467994,1,1.088805651,-7.496398458,-0.912826154,1.912285863,11.84796951,2.485389444,0.998714159,0.236603038,0.826036236891,8.82458409936,4.4757966736,3.83177772443,0.644018949172,4.40574086251
HA5 1024-fold,1,16,40,,11.85419158,0.868055556,8.875982659,29288.56541,1,4.151621835,0.765996828,1950.838483,9.074180136,UndecidedProblem,9.074180136,491259.4593,520548.0247,-0.018686408,7.554716878,0,2.936957197,UndecidedProblem,2.903050562,520563.3763,11.21409536,2.678047194,0.018226164,0.694038106,517779.3979,2755.277203,2768.626771,0.404544854,1,1.021675583,-4.516945979,-0.826169243,2.05023845,9.439661827,2.368377108,0.99925858,0.264199156,0.998504252157,11.8364606985,4.46669809992,5.13958345572,-0.672885355792,0.212380502591
HA5 1024-fold,1,16,41,,11.35425711,0.965277778,7.224412131,29379.85554,1,4.221700005,1.213147092,2787.960684,UndecidedProblem,1.482281765,UndecidedProblem,518780.9634,548160.8189,0.699597239,7.355112881,0,2.858920185,4.799138665,3.375208496,548227.676,11.95161458,0.845140528,0.005787099,1.144760306,544812.7192,3451.697375,3348.099772,0.608347233,2,0.900266528,-10.51188584,-1.275114067,2.010463016,13.49718461,2.57379015,0.994435841,0.242015138,0.605366902021,6.87349145143,4.46804965604,2.98458161156,1.48346804448,30.4416399127
HA5 1024-fold,1,16,42,,10.85017486,0.930555556,8.402129897,17126.74534,1,5.162658706,0.821504549,2187.339946,UndecidedProblem,UndecidedProblem,UndecidedProblem,596338.5059,613465.2512,0.585419953,8.131660362,0,2.413813872,UndecidedProblem,2.903881983,613660.993,11.51539232,0.177311222,0.01694382,0.707033538,611277.9113,2116.250523,2187.339946,0.361286876,1,0.978850961,-5.399773735,-0.870534022,2.04433564,10.0211953,2.362764029,0.999328682,0.273602945,0.980151524297,10.6348154279,4.23367484019,4.61780956488,-0.384134724693,0.412919388303
HA5 1024-fold,1,16,43,,12.02268531,0.916666667,8.714234553,42412.67527,4,3.889218973,1.049995819,4727.393305,5.469708504,0.822880954,9.182465446,586032.2709,628444.9461,0.092211925,6.914424797,0,3.074627553,3.355804971,2.525679645,628539.6951,12.46958129,4.010306667,0.014634323,0.912019033,623235.1831,5175.452888,5209.763054,0.469946716,4,0.853180054,-7.825962813,-1.15293381,1.949170025,11.38434628,2.475023779,0.995905546,0.22501076,0.759852563296,9.13546825051,4.62749566737,3.96676867152,0.660726995856,4.57853982228
HA5 2048-fold,1,16,44,,8.346460917,0.881944444,6.908922259,724.1940929,5,9.467101451,0.851213601,224.6728134,UndecidedProblem,1.935502121,UndecidedProblem,511826.0996,512550.2937,0.704987775,9.794455723,0,2.501271468,0.599697775,3.307338435,513476.8056,8.296627717,3.678288528,0.046639181,0.471739454,511973.1134,610.7525295,577.1803309,0.035138042,5,UndecidedProblem,13.56739231,-1.121881476,2.386737652,3.444116589,2.634362224,0.997358734,0.231641571,1.46903125046,12.2612119178,2.85985497805,5.32401733296,-2.46416235491,0.00343429537576
HA5 2048-fold,1,16,45,,11.85419158,0.979166667,6.51340458,45017.05836,1,3.898733618,1.329992367,2761.059155,UndecidedProblem,UndecidedProblem,UndecidedProblem,626431.7024,671448.7608,0.644165665,7.923822509,0,2.709014644,UndecidedProblem,3.723018088,672398.1204,11.80930472,0.344954222,0.003069869,1.26480212,668683.7004,2765.407475,2765.060391,0.860105219,1,0.968371239,-10.61676758,-1.371098246,2.06763441,13.2556107,2.623331868,0.996831212,0.238230715,0.547911795088,6.49505138791,4.65337711262,2.82025679024,1.83312032238,68.0957993689
HA5 2048-fold,1,16,46,,11.68668019,0.868055556,9.250669109,20638.59112,1,4.870190929,0.956744503,3581.500787,9.415960621,UndecidedProblem,9.415960621,582967.4829,603606.074,1.059348485,7.387086749,0,3.091829121,UndecidedProblem,2.500889746,606413.3985,11.91299313,0.509624889,0.019494782,0.901097347,600000.1306,3621.759797,3605.943431,0.389080716,1,1.019761104,22.55127635,-0.982644746,1.980806886,4.432606522,2.530417103,0.999669228,0.26794973,0.769062301989,8.98778516953,4.31468004714,3.90264227943,0.412037767705,2.58248476241
HA5 2048-fold,1,16,47,I,11.51866667,0.819444444,9.27503812,15283.68501,3,6.007348483,0.701391604,1651.149937,UndecidedProblem,1.643301479,UndecidedProblem,967867.1817,983150.8667,0.55351941,9.016521177,0,2.434725121,0.859408051,2.2625526,986905.3129,10.88030032,6.346647194,0.031735366,0.643454998,981252.5143,1912.770726,1898.352399,0.334269866,3,0,31.51009461,-0.927515457,2.194458822,4.603679703,2.406642003,0.998961149,0.167889333,1.07699839484,12.4055855143,4.18422807849,5.38670669315,-1.20247861466,0.0627366587736
HA5 undiluted,1,17,0,,4.178394028,0.951388889,2.675951933,13436.65323,2,6.366669474,0.727534569,3153.423957,UndecidedProblem,0.925357122,9.300251398,1095354.095,1108790.748,0.890173248,8.457852265,0,2.611727398,0.897895262,3.50928675,1109864.553,11.79094235,0.177311222,0.014013114,0.576067259,1105637.324,3054.786491,3153.423957,0.211621364,2,0,30.4100663,-0.89859142,2.097602914,1.787354056,2.427704023,0.998298382,0.220407914,1.20298452858,5.02654337001,4.12829110914,2.18260676075,1.94568434839,88.2438298163
HA5 control,1,17,1,,3.678288528,0.965277778,2.39779946,33884.91818,1,5.177117587,0.976429428,13684.4562,UndecidedProblem,UndecidedProblem,UndecidedProblem,1192068.944,1225953.862,0.754192028,6.413329797,0,2.590043002,UndecidedProblem,3.154731225,1225756.88,13.73566101,0.845140528,0.002441797,0.935189269,1211570.199,14486.68346,14383.66253,0.203479019,1,0.972349009,24.97510913,-0.992123172,1.843271409,1.399421143,2.518425745,0.997862411,0.154060681,0.741026467018,2.72570915258,4.53000644131,1.18354717871,3.3464592626,2220.54338375
HA5 undiluted,1,17,2,,4.678461722,0.993055556,2.946183724,17797.91154,1,5.687473681,0.672143737,2941.388033,UndecidedProblem,UndecidedProblem,8.374840752,899413.0185,917210.9301,0.838550096,8.284612617,0,2.631420337,UndecidedProblem,2.821002863,917210.9301,11.76681084,0.177311222,0.024913356,0.615398599,914269.542,2923.428992,2941.388033,0.277607949,1,0.871983686,21.84654861,-0.862998505,2.068497517,1.951148706,2.294555604,0.998282625,0.215915248,1.12609941122,5.26841299056,4.25036904389,2.28763047788,1.96273856601,91.7779950479
HA5 control,1,17,3,,3.178060528,0.972222222,1.627091888,14460.36435,1,6.350689074,0.692183133,3061.674124,UndecidedProblem,UndecidedProblem,7.389932556,1165662.27,1180122.635,0.772299786,8.466378366,0,2.461940626,UndecidedProblem,3.472602144,1180783.862,11.52221009,0.677804139,0.015552767,0.615657864,1176786.118,3387.421495,3336.516657,0.228030061,1,0.91780889,32.91032161,-0.957022939,2.141706772,0.986412146,2.259590993,0.99884021,0.174358734,1.12562518977,3.57730498494,4.16017923578,1.55332391878,2.60685531701,404.441131748
HA5 2-fold,1,17,4,,6.679198194,0.902777778,4.229047395,82063.13131,1,3.286227445,1.049501,16254.62397,UndecidedProblem,UndecidedProblem,10.02156056,718510.1982,800573.3296,0.555040415,5.478220906,0,2.492920019,UndecidedProblem,2.12292846,800172.7051,14.05789714,1.177710472,0.00572099,0.934287918,782613.9098,18208.95498,17959.4198,0.352850676,1,1.003541858,-3.66095041,-0.81842841,1.707113784,6.418846388,2.501749587,0.999171968,0.217835232,0.741741369709,4.95423761698,4.91414808447,2.15121042856,2.7629376559,579.345523909
HA5 control,1,17,5,,3.345551667,0.951388889,2.052839547,15172.68833,1,6.134067128,0.781501815,4762.028119,UndecidedProblem,UndecidedProblem,8.023974025,1050443.324,1065616.013,0.520163346,7.712837902,0,2.419660336,UndecidedProblem,3.614793144,1065878.222,12.15249299,1.009694444,0.02671261,0.639919835,1060536.697,5108.310569,5079.31536,0.179035721,1,0.941447784,35.06012522,-0.928084781,2.049101136,1.32857931,2.277983861,0.998728769,0.204010404,1.08294814772,3.62305898087,4.18106253685,1.57319104684,2.60787149001,405.388561121
HA5 2-fold,1,17,6,,5.010367222,0.895833333,3.121807224,20425.26492,1,5.27113435,0.915681353,4781.284095,UndecidedProblem,UndecidedProblem,9.823959046,768320.8785,788746.1434,0.518529373,7.173380834,0,2.487213338,UndecidedProblem,3.253961028,788702.7844,12.33186839,0.845140528,0.038606399,0.788503212,783281.8445,5620.513059,5464.298898,0.261120562,1,0.949520935,-7.239744311,-0.847166089,1.979240634,9.556222043,2.361661134,0.999545153,0.24688512,0.878880376711,4.40351343153,4.31016769813,1.91207704365,2.39809065448,250.08673374
HA5 control,1,17,7,,3.178060528,0.916666667,2.032852188,18507.33748,1,6.033986003,0.798698825,6867.838657,UndecidedProblem,UndecidedProblem,7.908961087,1194196.424,1212703.761,0.872701963,7.442974526,0,2.645026377,UndecidedProblem,3.930704522,1213233.931,12.74109037,0.509624889,0.026254649,0.689782945,1205734.349,6991.69615,6969.411943,0.172585913,1,0.918839446,29.07756666,-0.948361042,2.00078727,1.249669064,2.43035457,0.998577866,0.207699078,1.00466386567,3.19288257541,4.26734394437,1.38640146566,2.88094247871,760.225580166
HA5 4-fold,1,17,8,z,5.346070972,0.902777778,3.876934722,15607.14193,3,5.616547442,0.718600322,3824.336523,UndecidedProblem,1.302308781,9.386123033,750117.5152,765724.6571,0.699387941,7.645472425,0,2.525999802,0.884194832,1.733124091,764984.1702,12.08669793,0.177311222,0.024159243,0.652964039,761900.3206,3794.456887,3824.336523,0.231764192,3,UndecidedProblem,15.51449258,-0.823816636,2.008821435,2.560504819,2.406404574,0.999412508,0.247072309,1.06131418977,5.6738609821,4.19332337983,2.46368258016,1.72964079967,53.6587806743
HA5 control,1,17,9,,3.345551667,0.923611111,1.882583778,19867.74216,1,5.960303983,0.760217353,5249.183406,UndecidedProblem,UndecidedProblem,7.932305023,1217158.171,1237025.913,0.826588551,7.880567001,0,2.763021973,UndecidedProblem,3.442911115,1235412.897,12.43604071,0.177311222,0.029878884,0.663130973,1231776.73,5230.264467,5249.183406,0.223142452,1,0.837107118,23.55741506,-0.967943107,2.044573711,1.138237092,2.31294536,0.998655333,0.175532796,1.04504242482,3.49624342646,4.29814851516,1.51812567367,2.7800228415,602.591278221
HA5 4-fold,1,17,10,,5.678955056,0.861111111,4.088832286,16036.50032,1,5.477730088,0.852533213,4336.265574,UndecidedProblem,UndecidedProblem,10.36690169,698576.0876,714612.5879,0.378801058,7.318518191,0,2.315044871,UndecidedProblem,3.107839855,714192.3693,12.20644437,3.510059417,0.017835828,0.72866873,710135.6903,4398.145075,4476.897618,0.234531924,1,0.992326857,29.45805865,-0.781044762,1.976642602,2.887905476,2.2972812,0.99920074,0.25867141,0.951049457001,5.40096712234,4.20510959727,2.34518763454,1.85992196273,72.4305799716
HA5 control,1,17,11,,3.345551667,0.951388889,1.952065652,23048.00194,1,5.805677714,0.813517709,7027.735777,UndecidedProblem,UndecidedProblem,8.013580977,1266140.487,1289188.489,0.714983617,7.519187545,0,2.616408821,UndecidedProblem,3.785461915,1289329.249,12.76416231,0.177311222,0.010235271,0.753880964,1282160.753,6994.180297,7027.735777,0.226226506,1,0.92720474,41.37961108,-0.980658483,2.010584428,1.154227838,2.42594666,0.998749577,0.203999032,0.919243266633,3.07537584306,4.36263328183,1.3353781342,3.02725514763,1064.768385
HA5 8-fold,1,17,12,,6.179220528,0.833333333,4.53014817,16909.62898,2,5.358739943,0.889073424,4657.038372,UndecidedProblem,1.952314861,10.97370527,676956.2646,693865.8936,0.391134366,7.004299181,0,2.536228117,0.801378695,2.158333721,693763.3628,12.37246448,3.678288528,0.018117202,0.719025352,688461.1961,5350.840441,5404.697461,0.20802322,2,0,36.24706815,-0.757525396,1.94783583,3.223420863,2.437199442,0.999111712,0.226965325,0.963804680979,5.95556166969,4.2281340787,2.58600159344,1.64213248526,43.8664495736
HA5 control,1,17,13,,3.510059417,0.944444444,1.908748519,23012.01484,1,5.825866386,0.722138511,4945.564806,UndecidedProblem,UndecidedProblem,7.4937987,1282302.533,1305314.548,0.810687929,8.044046494,0,2.724146939,UndecidedProblem,3.392636508,1304741.313,12.35755928,0.177311222,0.015655058,0.659810911,1300368.983,4867.434432,4945.564806,0.25502707,1,0.850015782,22.21360739,-0.966983415,2.065342663,1.11358884,2.315567891,0.998430798,0.19463248,1.05030090962,3.68661859849,4.36195464542,1.600789665,2.76116498042,576.985607901
HA5 8-fold,1,17,14,,6.179220528,0.895833333,4.696087244,16305.13122,3,5.481731458,0.76797027,4270.452578,UndecidedProblem,1.453282993,10.37065482,712296.0906,728601.2218,0.389324249,7.405440499,0,2.337464689,0.909926111,2.419575589,728609.2446,12.15862886,3.678288528,0.02561858,0.644552622,724303.5804,4255.748333,4297.641393,0.217534093,3,UndecidedProblem,22.44652084,-0.776987999,1.987180973,3.106165119,2.463491173,0.999421973,0.255683018,1.07516434864,6.64367761412,4.21232429826,2.8847927113,1.32753158696,21.2584495584
HA5 control,1,17,15,,4.510389417,0.861111111,2.462238332,60684.39318,1,4.37244633,0.772978545,9728.982086,UndecidedProblem,UndecidedProblem,7.85628342,1196255.508,1256939.902,0.460117375,6.875393215,0,2.338565344,UndecidedProblem,2.876420428,1257367.15,13.22288805,1.009694444,0.015050832,0.697622271,1246234.205,10819.69801,10705.69641,0.302391591,1,1.01607467,24.39165582,-0.907048029,1.942205393,1.478324285,2.376157011,0.998197706,0.215446228,0.993374249659,4.48050470278,4.78307701352,1.94550790394,2.83756910958,687.969380642
HA5 16-fold,1,17,16,,8.179155333,0.895833333,5.81278892,52568.56217,1,3.791008542,0.967912633,11099.90396,UndecidedProblem,UndecidedProblem,11.59297412,675099.6166,727668.1788,0.590679395,5.983801203,0,2.10355781,UndecidedProblem,1.592637868,727425.7123,13.51672538,3.678288528,0.018696062,0.649799898,716169.9821,11482.28424,11498.19668,0.248538784,1,1.172775449,11.34108276,-0.625919513,1.779666574,4.332187824,2.467000955,0.999242945,0.25416408,1.06648216187,8.72292326178,4.72072609857,3.78763493781,0.933091160754,8.57217760978
HA5 control,1,17,17,,3.845753861,0.888888889,2.485142677,28177.51211,1,5.487627962,0.757152447,8189.259041,UndecidedProblem,UndecidedProblem,7.872554562,1236102.485,1264279.997,0.474824189,7.193159261,0,2.469268045,UndecidedProblem,3.571790844,1263704.203,12.92885596,1.510040889,0.02850023,0.691383134,1255640.538,8641.445582,8639.459353,0.207348753,1,0.951904894,25.83481969,-0.906360614,1.980031079,1.508110476,2.350508336,0.997652843,0.195128307,1.00233859624,3.85474752653,4.4499026451,1.67379397592,2.77610866919,597.184695478
HA5 16-fold,1,17,18,,6.679198194,0.881944444,5.072432234,15444.45794,1,5.484292713,0.723870381,3347.549046,UndecidedProblem,UndecidedProblem,10.55640346,675923.5541,691368.0121,0.553359589,7.687538021,0,2.414092618,UndecidedProblem,2.594777221,691477.8528,11.92118547,0.344954222,0.012794403,0.631392727,688014.2693,3362.935216,3353.742735,0.24287859,1,0.968343899,29.58016613,-0.762423807,2.007969556,3.358346321,2.337671859,0.99920793,0.344377848,1.09757361839,7.33091172975,4.18877267031,3.18320092477,1.00557174554,10.1291206827
HA5 control,1,17,19,,3.345551667,0.923611111,1.743118651,20550.13282,2,6.002052083,0.769761759,4731.951568,UndecidedProblem,1.060986026,7.952194994,1296530.446,1317080.579,0.850813998,8.109200497,0,2.587236998,0.929312474,3.77964682,1317075.931,12.08051769,0.509624889,0.017226794,0.675693397,1312310.783,4787.26658,4769.795456,0.248356024,2,UndecidedProblem,34.44959995,-1.021487658,2.09866832,0.954870015,2.48646801,0.998455,0.194304616,1.02561310067,3.43124161865,4.31281463316,1.48990083311,2.82291380005,665.141124086
HA5 32-fold,1,17,20,,7.346503806,0.840277778,5.425960949,10876.38059,2,5.92683257,0.693164658,1766.122042,UndecidedProblem,1.767615787,11.30436038,650789.5586,661665.9392,0.631390418,7.986483637,0,2.532957418,0.630170602,1.925622365,661049.9939,11.23110803,3.678288528,0.036234685,0.547002991,659056.9779,2583.586494,2608.961343,0.198540743,2,0,23.68844942,-0.712357274,2.085814864,3.876210941,2.321198898,0.997278689,0.329338642,1.26690349304,9.30731133344,4.03648439616,4.0413857288,-0.00490133264319,0.988777709534
HA5 control,1,17,21,,3.510059417,0.930555556,1.701803452,24528.45862,1,5.830197577,0.752927741,4642.021864,UndecidedProblem,UndecidedProblem,7.817554487,1370986.863,1395515.321,0.742438192,8.231828931,0,2.756247757,UndecidedProblem,3.65481614,1398688.476,12.22866109,0.177311222,0.022710768,0.675864191,1390873.3,4580.649377,4642.021864,0.281782422,1,0.846076701,25.39305914,-1.019615711,2.092894651,0.939334081,2.331997009,0.998520036,0.193406852,1.02535392351,3.59905319497,4.38967025779,1.56276734475,2.82690291304,671.278771119
HA5 32-fold,1,17,22,,7.179124361,0.881944444,5.848608959,8376.333851,1,6.277310655,0.491685977,1265.266639,UndecidedProblem,UndecidedProblem,10.26675765,641323.5331,649699.867,0.544186045,9.004188153,0,2.264927556,UndecidedProblem,2.806375925,649485.6123,10.59983916,0.177311222,0.042341552,0.4273047,648434.6003,1252.269267,1265.266639,0.205007115,1,0.981495558,25.83049637,-0.710949733,2.15773235,3.737980707,2.223016334,0.998876821,0.258471246,1.62179353515,11.6430574767,3.92305397846,5.05560463601,-1.13255065755,0.0736969207789
HA5 control,1,17,23,,3.178060528,0.909722222,1.809572078,16812.92668,1,6.355213646,0.714388399,4470.071309,UndecidedProblem,UndecidedProblem,7.731559349,1359614.301,1376427.228,0.806573619,8.266414775,0,2.672852324,UndecidedProblem,3.432318997,1381260.221,12.11186027,0.177311222,0.033800004,0.621670985,1371957.157,4426.245277,4470.071309,0.208851289,1,0.844139047,30.39316259,-0.99456348,2.104303097,0.998672817,2.256259014,0.998198833,0.193008408,1.11473756492,3.54270345415,4.22564331905,1.53829937219,2.68734394686,486.792576689
HA5 64-fold,1,17,24,,8.011009639,0.888888889,5.513121986,13959.15489,3,5.620830481,0.812777522,1971.665781,UndecidedProblem,1.795577632,14.20461011,672947.4643,686906.6192,0.609473039,8.085028876,0,2.610795356,1.020661473,1.8972322,685924.3623,11.32093446,2.845433861,0.050660343,0.54526689,684376.9631,2488.718705,2529.656158,0.234921034,3,UndecidedProblem,-4.708405727,-0.791389982,2.087791964,8.475914745,2.585083636,0.999106744,0.279911824,1.2709372469,10.1814905354,4.14485912619,4.42096853471,-0.276109408527,0.529530026589
HA5 control,1,17,25,,3.00994825,0.833333333,1.648512469,15672.36228,1,6.447189445,0.719328915,4256.980269,UndecidedProblem,UndecidedProblem,7.723926501,1351841.926,1367514.288,0.748264408,8.265989758,0,2.529873578,UndecidedProblem,3.0998674,1365643.864,11.95503684,0.677804139,0.017026513,0.629116819,1363071.854,4476.711782,4442.434279,0.201491691,1,0.893553356,35.62083429,-1.020296882,2.128621343,0.867424799,2.260577026,0.99856553,0.233806432,1.10154422688,3.31559111798,4.19513446219,1.43968350759,2.7554509546,569.443912506
HA5 64-fold,1,17,26,,8.011009639,0.819444444,6.3147543,13746.25013,2,5.497037729,0.618482393,2054.384879,UndecidedProblem,1.584273251,12.92229033,607062.0088,620808.2589,0.642551016,7.608063699,0,2.355871133,0.962733247,2.325802537,619013.2619,11.47717729,3.845753861,0.010233454,0.557327944,617626.2448,3119.492084,3182.014129,0.206905872,2,0,29.99453923,-0.71887942,2.041727095,4.135849127,2.393131411,0.994879421,0.276756765,1.24343307645,9.9611543609,4.13818424217,4.32529498954,-0.187110747366,0.649963925006
HA5 control,1,17,27,,3.510059417,0.868055556,1.955555298,24459.82248,2,5.908020174,0.646922194,4563.104381,UndecidedProblem,1.127264123,7.443572624,1444279.046,1468738.869,0.743836205,8.330346547,0,2.620651675,0.886839313,2.733471736,1474467.472,12.13494487,0.177311222,0.036608149,0.560359042,1464175.764,4526.43603,4563.104381,0.237222218,2,UndecidedProblem,23.29146243,-1.006191052,2.111819365,0.940172069,2.427879237,0.997770755,0.218638541,1.23670708967,4.34091536615,4.38845330077,1.88489594709,2.50355735368,318.828659851
HA5 128-fold,1,17,28,,8.679149306,0.840277778,6.481751804,17940.78705,2,5.179860408,0.770887675,2513.847712,UndecidedProblem,0.918865449,13.88699296,632390.7982,650331.5853,0.629467226,7.081592486,0,2.501093531,1.114753547,2.038346227,650030.3298,11.81123481,2.510107167,0.018537735,0.709963077,645530.2383,4817.225275,4801.346976,0.236013021,2,0,-8.168994241,-0.911117605,2.021245802,11.76080688,2.426625316,0.997459121,0.344119793,0.976107099722,8.47177925713,4.25384149133,3.67858413249,0.575257358833,3.7606018801
HA5 control,1,17,29,,2.178148639,0.854166667,1.495117853,6616.950864,UndecidedProblem,7.81223011,0.711421022,3384.230225,UndecidedProblem,1.516384294,7.484375018,1480597.189,1487214.14,UndecidedProblem,8.53712121,0,UndecidedProblem,0.646624923,2.320504062,1490290.254,11.64619251,1.177710472,0.007855761,0.598019478,1483210.602,4058.918526,4003.53791,0.082060845,2,0,31.66866941,-1.018861696,2.17079828,0.854913226,2.210818448,0.997612105,0.218249963,1.15882513111,2.52409338217,3.82065790968,1.09600233702,2.72465557266,530.463580881
HA5 128-fold,1,17,30,,9.011071639,0.875,6.995582609,12793.67412,1,5.431019626,0.634272759,1376.603748,UndecidedProblem,UndecidedProblem,12.44487286,539150.4302,551944.1043,0.490779168,8.571813498,0,2.344522957,UndecidedProblem,2.686190371,551807.9521,10.84749212,0.509624889,0.051341287,0.550488404,550493.5897,1471.417251,1450.514647,0.299518042,1,0.970072981,16.75091683,-0.795015092,2.10526702,4.130188363,2.274358373,0.998966088,0.27688706,1.25888210354,11.34387682,4.10699528419,4.92569553627,-0.818700252078,0.151809778961
HA5 control,1,17,31,,3.178060528,0.916666667,1.629705349,21171.61502,2,6.162258998,0.771624519,5212.501705,UndecidedProblem,1.009527562,7.9348304,1495106.225,1516277.84,0.860459915,8.184342469,0,2.795562175,0.975950557,3.364121522,1518042.215,12.33965346,0.177311222,0.027063739,0.671512966,1511065.338,5150.743691,5212.501705,0.237303153,2,UndecidedProblem,27.98652544,-1.084366067,2.094290995,0.775449894,2.529351142,0.998075571,0.240352394,1.03199794358,3.27975192947,4.32575398828,1.42412154992,2.90163243835,797.319596592
HA5 256-fold,1,17,32,,9.683198306,0.75,6.955096609,14303.07802,1,5.328618871,0.698781861,964.011766,UndecidedProblem,UndecidedProblem,13.53289722,560479.5363,574782.6144,0.577393281,7.854110432,0,2.397625864,UndecidedProblem,4.643136582,573760.3205,10.60268651,5.84629975,0.030202716,0.616235097,572298.4473,2462.820051,2484.167034,0.270570442,1,0.955171297,31.68851619,-0.742325714,2.138741027,4.614703164,2.290143405,0.991240615,0.273007605,1.12457080646,10.8894421281,4.15542950762,4.72837261314,-0.572943105515,0.267335660719
HA5 control,1,17,33,,3.845753861,0.965277778,2.22162054,28352.44654,1,5.770053832,0.719631241,5962.300323,UndecidedProblem,UndecidedProblem,7.876635975,1518859.536,1547211.983,0.716054409,8.019586112,0,2.565471971,UndecidedProblem,3.351337261,1547211.983,12.48736881,0.177311222,0.00603799,0.667387765,1541249.682,5925.506215,5962.300323,0.261352388,1,0.9023331,28.7227434,-1.058652634,2.072344218,1.032711139,2.314910277,0.996782122,0.205953199,1.03837684228,3.99334175039,4.45259054023,1.73397383864,2.71861670159,523.138522643
HA5 256-fold,1,17,34,,8.679149306,0.715277778,7.341547289,4997.731066,2,6.841042521,0.588006543,1053.638052,UndecidedProblem,1.914965255,UndecidedProblem,567972.2682,572969.9992,0.600002627,7.231037478,0,2.351531927,0.77591215,2.734250889,560806.4078,10.65919482,6.010929361,0.038457575,0.557591865,569156.0694,3941.387509,3813.929862,0.045736135,2,UndecidedProblem,22.22339996,-0.73149814,2.129862899,4.672030316,2.379057087,0.990461735,0.304124352,1.2428445311,10.7868332495,3.6987728825,4.68381817175,-0.985045289248,0.103503422525
HA5 control,1,17,35,,4.178394028,0.868055556,2.554856937,46057.61855,2,5.116193241,0.716922258,9661.5467,UndecidedProblem,0.888187333,8.632349564,1551399.128,1597456.747,0.440650642,7.18137957,0,2.471800492,0.9338791,2.390477848,1601506.835,13.17368861,1.009694444,0.015897207,0.647258254,1586451.027,11213.26615,11005.71968,0.233758112,2,0,25.49353361,-1.017303124,1.987133135,1.232105198,2.475573207,0.995970566,0.236657529,1.07067000802,4.47368116746,4.66330147863,1.9425450141,2.72075646453,525.722379038
HA5 512-fold,1,17,36,,3.00994825,0.854166667,5.470311481,694.9642703,1,9.712109962,0.797110122,349.1694853,UndecidedProblem,2.09886692,7.511035004,582211.534,582906.4983,0.812169183,9.33484197,0,2.672591843,0.452216464,3.037672564,582109.7352,9.412123735,2.345529417,0.115013592,0.391584397,582003.8232,942.7533925,902.6750927,UndecidedProblem,2,1.276526354,-10.21476813,-1.356863371,2.328718796,12.30860843,2.340168191,0.985251917,0.289443319,1.76973343501,5.32680605568,2.84196247709,2.31298569504,0.528976782051,3.38046763302
HA5 control,1,17,37,,3.00994825,0.930555556,1.447592583,11965.94188,1,7.08399772,0.72434116,3083.855277,UndecidedProblem,UndecidedProblem,7.839225991,1611498.168,1623464.11,0.639628232,8.84669479,0,2.156373144,UndecidedProblem,3.414456512,1624032.88,11.47444437,0.845140528,0.06291922,0.510916425,1619937.786,3620.033551,3526.323876,0.160596767,1,1.087096042,36.10931399,-1.021942105,2.196213783,0.870408628,2.344184711,0.996623741,0.208928256,1.35638622305,4.08265233839,4.07794688909,1.77275394633,2.30519294276,201.926325673
HA5 512-fold,1,17,38,,11.186771,0.791666667,9.207458379,22119.05612,2,4.386094197,0.998505111,5461.898849,9.344308527,0.680758668,9.344308527,440381.7644,462500.8205,0.68128553,6.403909518,0,2.532561537,0.960544341,2.824783312,457870.8596,12.63836418,0.177311222,0.004460459,0.831581985,457038.9216,5408.601727,5461.898849,0.290969634,2,UndecidedProblem,13.60051249,-0.754770347,1.822478463,5.493056545,2.491962847,0.999176791,0.313577639,0.833351386274,9.32251112078,4.34476659051,4.04798572331,0.2967808672,1.98052745511
HA5 control,1,17,39,,3.845753861,0.916666667,1.666215478,29784.56809,2,5.792888511,0.804429982,5301.882075,UndecidedProblem,1.577411061,7.912102242,1621509.84,1651294.408,0.740460534,8.282877063,0,2.781513149,0.708769891,2.269533676,1652737.744,12.37093214,0.177311222,0.00229746,0.635976129,1645992.526,5242.175871,5301.882075,0.275143198,2,UndecidedProblem,43.31099459,-1.082565906,2.098470051,0.911095668,2.447065719,0.996420073,0.225167471,1.08966353987,4.19057776565,4.47399130672,1.81961691952,2.6543743872,451.20550242
HA5 1024-fold,1,17,40,,11.01859839,0.736111111,8.511040284,14901.84482,2,5.290304641,0.734456292,1369.337362,UndecidedProblem,1.439827198,18.13428121,568248.3431,583150.1879,-0.006297413,7.36072344,0,2.906732439,1.971622995,4.401735827,583113.6697,11.07565026,7.679024111,0.015435118,0.690233497,579602.2021,3573.307501,3547.985814,0.249242208,2,0.930614003,25.89039845,-0.761012518,2.083195371,5.262255232,2.720679329,0.994386721,0.244177644,1.0040080683,11.0627616849,4.17324003657,4.80363077939,-0.63039074282,0.234212061761
HA5 control,1,17,41,,4.178394028,0.930555556,2.069074464,41587.44911,2,5.363876727,0.750938788,6063.093929,UndecidedProblem,0.981402358,9.520377478,1670989.405,1712576.854,0.519372886,8.06323434,0,2.478924105,1.017329657,2.527960416,1713819.461,12.45759099,0.845140528,0.018955707,0.69458844,1706173.985,6455.17497,6402.869818,0.323989223,2,0,75.13277281,-1.153908196,2.094510677,0.763623368,2.537490104,0.996775733,0.242754096,0.997713120593,4.16883854474,4.61896228244,1.81017739676,2.80878488568,643.850275222
HA5 1024-fold,1,17,42,,11.186771,0.798611111,8.65208097,10445.20458,1,5.418580695,0.795458679,1162.819637,10.43952147,UndecidedProblem,10.43952147,436312.7289,446757.9334,0.480533185,8.063841405,0,2.358504895,UndecidedProblem,3.450265514,446858.9384,10.63909299,7.179124361,0.010239198,0.72743151,445088.3269,1645.003189,1669.606513,0.332254593,1,1.003511235,14.75315051,-0.811430673,2.090334425,5.072910904,2.36678616,0.997110602,0.284048904,0.952667007785,10.6572676553,4.0189169505,4.62755868664,-0.608641736144,0.246239808
HA5 control,1,17,43,,4.678461722,0.986111111,1.918667809,67836.18183,1,4.741340948,0.81159908,6410.562557,UndecidedProblem,UndecidedProblem,8.310301034,1746623.159,1814459.34,0.642315935,8.144873047,0,2.656060911,UndecidedProblem,3.155800818,1815160.972,12.58892149,0.177311222,0.003949408,0.759807505,1808048.778,6369.991324,6410.562557,0.441456046,1,0.921588949,28.15881912,-1.209019194,2.084539347,0.658121855,3.051604954,0.996893137,0.581523908,0.912073117783,4.26709916921,4.8314613956,1.85284375563,2.97861763998,951.957675732
HA5 2048-fold,1,17,44,,11.85419158,0.909722222,5.862153808,65837.91714,4,3.242593455,1.439439301,3656.12672,UndecidedProblem,1.147738288,19.64676711,557314.059,623151.9762,0.422245597,7.061830846,0,2.770757264,1.772789709,1.702259112,623186.0242,12.03168492,2.010097222,0.004263347,1.263592754,618487.8416,4757.404238,4664.134522,0.816017418,4,UndecidedProblem,-8.597551851,-1.432272014,2.030663115,10.85839798,2.701418272,0.998524019,0.337464876,0.548436193391,6.50126770586,4.818476083,2.82295601644,1.99552006656,98.9737593611
HA5 control,1,17,45,,2.845433861,0.979166667,1.582101244,17568.27436,1,6.692039864,0.858220401,6271.744177,UndecidedProblem,UndecidedProblem,UndecidedProblem,1798925.176,1816493.45,0.888538215,8.173913005,0,2.651339504,UndecidedProblem,3.905485493,1819292.154,12.44378322,0.509624889,0.008727238,0.741531457,1810203.592,6297.843385,6289.857985,0.193883663,1,0.892313163,33.86301846,-1.194590066,2.097998782,0.578255367,2.365825138,0.997292866,0.13848495,0.934552396204,2.65920703304,4.24472910511,1.15467087844,3.09005822667,1230.4337263
HA5 2048-fold,1,17,46,,10.68304719,0.784722222,8.73101949,8261.11318,1,6.259311096,0.892241964,1865.96077,UndecidedProblem,UndecidedProblem,UndecidedProblem,624557.0915,632818.2047,0.559472786,8.06163198,0,2.433479137,UndecidedProblem,3.653936499,634372.4921,11.15811659,7.679024111,0.026879791,0.807933597,630449.6364,2326.704599,2368.568364,0.253782515,1,1.015438651,32.78855768,-0.963329194,2.081506175,4.471802498,2.471048771,0.997511796,0.295631019,0.857743758365,9.16331704754,3.91703857218,3.97886107145,-0.0618224992636,0.867316284643
HA5 control,1,17,47,,4.345784972,0.805555556,1.32260165,53141.6067,2,4.675267372,0.83732138,4402.611501,UndecidedProblem,1.059893011,UndecidedProblem,1304641.49,1357783.096,0.875946225,8.26202373,0,2.755810927,1.097197321,3.922684982,1362966.701,12.05497717,0.509624889,0.009451761,0.748177082,1353360.132,4448.501481,4422.96426,0.457511383,2,UndecidedProblem,33.38319887,-1.102153486,2.127236156,0.69723044,2.598741385,0.998438616,0.331256148,0.926251306907,4.02528900985,4.72543468087,1.74784585751,2.97758882336,949.70521622
HA5 undiluted,1,18,0,,4.178394028,0.875,3.039673253,15838.263,1,6.270396722,0.822005993,6108.1532,UndecidedProblem,UndecidedProblem,9.302526867,1206763.587,1222601.85,0.680567538,7.50049419,0,2.34863757,UndecidedProblem,3.836795445,1218719.364,12.56667728,1.009694444,0.02912856,0.714851662,1215850.178,6817.614554,6751.671674,0.157023217,1,1.0252547,28.90292256,-0.93153548,2.017993068,1.879632852,3.102641778,0.998187753,1.451778306,0.96943189313,4.05066843281,4.1997075503,1.75886601511,2.44084153519,275.957076388
HA5 undiluted,1,18,1,,4.510389417,0.979166667,2.791228435,19989.05404,2,5.686273997,0.776841145,4222.588764,UndecidedProblem,1.641340052,UndecidedProblem,1009285.601,1029274.655,0.870190246,7.894481566,0,2.628693641,1.005011847,2.713947621,1029350.695,12.15247774,0.509624889,0.020936054,0.651364933,1024948.963,4365.444,4325.691339,0.25079736,2,0,19.56886801,-0.945453802,2.035753689,1.715745792,2.553078929,0.998185694,0.158344816,1.0639197244,4.79869226546,4.3007922421,2.08367011093,2.21712213117,164.862594866
HA5 undiluted,1,18,2,,4.510389417,0.958333333,3.259316444,18575.50568,1,5.624314697,0.726293797,5661.259822,UndecidedProblem,UndecidedProblem,8.567886658,897704.2136,916279.7193,0.966702158,7.33852114,0,2.638391797,UndecidedProblem,2.393750309,916021.7298,12.59831381,0.177311222,0.018562581,0.63738872,910618.4595,5679.761005,5661.259822,0.192837621,1,0.876010649,25.49123438,-0.840626173,1.957705444,2.111974223,2.31125931,0.998217597,0.199972859,1.08724861024,4.90391462526,4.26894064537,2.12935936833,2.13958127704,137.905401507
HA5 undiluted,1,18,3,,4.345784972,0.9375,2.723932159,18540.83516,1,5.570048037,0.882440032,5149.25895,UndecidedProblem,UndecidedProblem,9.178618574,862266.3105,880807.1457,0.498277833,7.235529741,0,2.442722625,UndecidedProblem,3.34787751,880778.5472,12.38408773,1.177710472,0.027877191,0.71704427,874962.3499,5960.495308,5844.795797,0.209871535,1,0.961662336,16.69785037,-0.888313184,1.986732145,1.896714152,2.349074345,0.999263886,0.196850784,0.966467523686,4.20006004036,4.26812929276,1.82373427719,2.44439501558,278.224272554
HA5 2-fold,1,18,4,,5.010367222,0.888888889,2.684690245,17774.19601,2,5.453646407,0.863094766,2703.476989,UndecidedProblem,0.155623255,9.660742059,761160.6263,778934.8223,0.444099373,7.737951774,0,2.421276227,UndecidedProblem,3.636358733,778772.2135,11.5789951,1.009694444,0.013774002,0.766927604,775286.0604,3787.489356,3648.761951,0.303361464,2,UndecidedProblem,-1.909872122,-0.866837994,2.074522586,4.167045598,2.421185203,0.999331958,0.216890332,0.903605498597,4.52739537179,4.24978996516,1.96586859392,2.28392137125,192.274358584
HA5 2-fold,1,18,5,,5.010367222,0.895833333,2.889017504,20490.35143,3,5.307845508,0.874339385,3598.181841,UndecidedProblem,1.617277927,9.759350149,791162.1232,811652.4747,0.536243358,7.791327503,0,2.596471831,0.905971762,1.82164213,811542.1111,11.9997337,0.509624889,0.01979048,0.773400452,807988.5475,3697.708378,3663.927174,0.331664508,3,UndecidedProblem,-9.65838415,-0.876079995,2.030238316,11.80301537,2.515299949,0.999351512,0.241033744,0.896042920854,4.48950408015,4.31154940705,1.94941557975,2.3621338273,230.215111312
HA5 2-fold,1,18,6,,5.010367222,0.881944444,3.155839525,17268.91819,2,5.57125119,0.712678277,2772.245038,UndecidedProblem,1.672525598,9.750119775,803798.5661,821067.4843,0.574797412,8.180504299,0,2.532115225,0.880509567,2.375074591,821361.0597,11.60258008,0.509624889,0.01958318,0.599707714,818237.385,2867.497823,2830.099339,0.271994181,2,0,-6.52952782,-0.831839606,2.080361401,8.773078161,2.435912623,0.999385392,0.232054989,1.15556292478,5.78979460125,4.23726513208,2.51402284032,1.72324229176,52.8740152258
HA5 2-fold,1,18,7,,4.845858389,0.881944444,2.962200746,17084.84625,1,5.650888517,0.876413959,3874.20781,UndecidedProblem,UndecidedProblem,9.801219382,841331.5821,858416.4284,0.703099819,7.791632535,0,2.624658591,UndecidedProblem,3.394470075,857441.1522,12.0455271,0.177311222,0.042866226,0.718207744,854542.2206,3876.79587,3874.20781,0.267419156,1,0.884692157,-1.498709139,-0.874314931,2.035576612,3.886178279,2.32201487,0.999421327,0.248723881,0.964901876636,4.67577785346,4.23261107485,2.03029867714,2.20231239771,159.335445032
HA5 4-fold,1,18,8,,5.510712528,0.833333333,3.806058249,18325.63748,3,5.372538544,0.780472839,4018.265493,UndecidedProblem,1.508388183,9.762884311,740871.122,759196.7594,0.43841192,7.561757136,0,2.229668034,0.852179447,2.39709537,758623.7008,12.20166745,0.177311222,0.013903539,0.700108823,755178.494,3880.018855,4018.265493,0.266613182,3,UndecidedProblem,34.31290939,-0.798881589,1.991126523,2.681603879,2.444592247,0.998938227,0.224794211,0.989846117109,5.45475739834,4.26305909105,2.36854424592,1.89451484513,78.4358929522
HA5 4-fold,1,18,9,,5.346070972,0.861111111,3.825330957,19582.72421,2,5.397226116,0.961590186,6422.568293,UndecidedProblem,0.370217637,10.55197001,805694.8843,825277.6085,0.562089185,7.005585362,0,2.446251527,0.871748627,2.76888313,824755.0429,12.76188936,0.177311222,0.01743209,0.806877735,818855.0402,6349.607083,6422.568293,0.227226802,2,UndecidedProblem,31.11480842,-0.842444037,1.928118263,2.632706916,2.355771343,0.999315398,0.248876034,0.858866182495,4.59155956707,4.29187310764,1.99372972951,2.29814337813,198.675071567
HA5 4-fold,1,18,10,,5.510712528,0.875,3.901370462,19379.54121,2,5.371867825,0.87529132,5406.428519,UndecidedProblem,1.201154648,10.83441684,783105.3038,802484.845,0.411551384,7.213654471,0,2.352412835,1.104893192,3.364712383,801567.2352,12.53999255,0.177311222,0.014472902,0.771383566,797078.4165,5279.201925,5406.428519,0.247842647,2,0,32.10866704,-0.797907913,1.952365988,2.749001133,2.549729649,0.999153497,0.268619494,0.89838574549,4.95074558265,4.28734349138,2.14969413055,2.13764936083,137.293305349
HA5 4-fold,1,18,11,,5.346070972,0.826388889,3.864704398,19430.31514,1,5.437910362,0.910529584,6110.716437,UndecidedProblem,UndecidedProblem,10.33633373,822844.8148,842275.1299,0.443247041,7.106806222,0,2.328992579,UndecidedProblem,2.690759021,841847.9397,12.68712953,0.177311222,0.035002373,0.766780887,836164.4135,6051.000151,6110.716437,0.224197189,1,0.992395687,35.91179512,-0.832047604,1.942306315,2.651880772,2.311282191,0.999060277,0.264464612,0.903778395822,4.83166344703,4.28847984447,2.0979867334,2.19049311107,155.057619082
HA5 8-fold,1,18,12,,6.179220528,0.840277778,4.555567005,15686.82956,1,5.502850627,0.696133542,3092.733425,4.663105419,UndecidedProblem,4.663105419,695622.1289,711308.9584,0.594995168,7.845450036,0,2.336409684,UndecidedProblem,2.72860326,710369.5522,11.60464593,0.177311222,0.017430132,0.651908823,708216.225,3069.185349,3092.733425,0.265686111,1,0.987724607,30.19169974,-0.7882278,2.055867297,2.945091359,2.307729336,0.999542183,0.303678345,1.06303209214,6.56870972569,4.19553517789,2.85224043669,1.34329474121,22.0442202334
HA5 8-fold,1,18,13,,6.179220528,0.819444444,5.061431876,20828.71425,3,5.193002057,0.714885684,7117.810553,5.359926431,1.276598158,5.045769819,741095.6277,761924.3419,0.691696862,6.687507895,0,2.425580437,1.176034955,1.479882973,761615.778,12.82327231,2.678047194,0.015955969,0.669253776,754532.1816,7329.443816,7392.160296,0.177345367,3,UndecidedProblem,39.47141803,-0.813904994,1.901776992,3.061122446,2.587701283,0.999473171,0.264637202,1.03548164366,6.39846942889,4.31866246191,2.77831933517,1.54034312675,34.7010908043
HA5 8-fold,1,18,14,,5.678955056,0.847222222,4.587605399,9076.403224,1,6.369964096,0.631172254,2695.805135,UndecidedProblem,UndecidedProblem,9.713194576,741619.4999,750695.9031,0.603773371,7.942563301,0,2.429205992,UndecidedProblem,2.754568128,750776.0454,11.51981855,2.845433861,0.033004288,0.551561539,747644.3969,3023.116191,3051.506152,0.155013634,1,0.926583022,24.04156487,-0.76016825,2.073152369,3.023831915,2.25086103,0.999103103,0.278423873,1.25643278401,7.13522531129,3.9579137814,3.09823070399,0.859683077412,7.2390750213
HA5 8-fold,1,18,15,,7.510941583,0.861111111,5.129779077,48599.18222,3,3.987581631,0.802683107,6267.536863,UndecidedProblem,0.989839139,11.19625576,722323.1783,770922.3605,0.550905722,6.942543187,0,2.462669203,0.976244597,1.650837427,770006.1532,12.76224016,0.177311222,0.019540752,0.718350848,764654.8236,6181.256402,6267.536863,0.365159171,3,UndecidedProblem,18.09632911,-0.8057937,1.912846451,3.119915629,2.378625675,0.999174288,0.259259885,0.96470965675,7.2458778764,4.68662896144,3.14627784473,1.54035111671,34.701729226
HA5 16-fold,1,18,16,,6.346647194,0.847222222,5.050200157,16943.2341,1,5.40871423,0.974490602,6772.587368,5.135661091,UndecidedProblem,5.135661091,702806.5327,719749.7668,0.701775745,6.731644506,0,2.387867908,UndecidedProblem,3.854067891,719461.401,12.76218388,0.177311222,0.016940695,0.723565248,712977.1794,6703.928645,6772.587368,0.170119348,1,1.025987065,23.6159294,-0.788005409,1.901719576,3.354061792,2.449921586,0.999636665,0.262034987,0.957757440556,6.07854857264,4.22899631141,2.63940450397,1.58959180744,38.867965399
HA5 16-fold,1,18,17,,6.846513861,0.840277778,5.495356892,28764.88519,3,4.742176144,0.757693104,8352.644748,UndecidedProblem,1.044751653,11.8238312,741074.1155,769839.0007,0.710857203,6.40584778,0,2.437612766,1.093954984,1.400013408,769784.3403,13.08755062,1.845573139,0.015825616,0.713979645,760759.8008,9119.510356,9079.199932,0.208799218,3,UndecidedProblem,21.22652538,-0.841261354,1.865182279,3.170062816,2.554553349,0.999685239,0.262056716,0.970615906004,6.64533525416,4.45886264495,2.88551248552,1.57335015943,37.4412344754
HA5 16-fold,1,18,18,,6.846513861,0.868055556,5.331010672,19380.80423,2,5.256973809,0.680186827,4088.619413,UndecidedProblem,1.603962999,11.50591372,721722.2405,741103.0447,0.620338421,7.479689017,0,2.368756111,0.943044829,2.351570011,740895.8077,12.08133491,0.509624889,0.036260903,0.601874836,736950.9443,4175.270687,4152.100387,0.233940416,2,0,25.08453821,-0.731874216,1.996685097,3.497122852,2.368711295,0.998988373,0.253599452,1.1514021829,7.88309100478,4.28737179467,3.42296613321,0.864405661458,7.3182233764
HA5 16-fold,1,18,19,,6.346647194,0.909722222,5.085945898,20854.80776,2,5.25049324,0.929181551,8261.444863,UndecidedProblem,1.636520321,11.14025239,773038.513,793893.3207,0.525392252,6.554494608,0,2.409468827,1.099026195,2.37224365,793647.9114,13.07396011,3.678288528,0.02586041,0.794321378,785447.0954,8453.441913,8446.225352,0.183312199,2,UndecidedProblem,47.13788325,-0.824756739,1.871533146,3.204540277,2.55843828,0.999365792,0.255675465,0.872442841391,5.53708691124,4.31920619087,2.40429305742,1.91491313345,82.2078203364
HA5 32-fold,1,18,20,,7.346503806,0.909722222,6.467513148,13958.65288,2,5.534251292,0.667847349,5574.043668,UndecidedProblem,1.309279044,12.68606735,632914.5342,646873.1871,0.770226323,6.666511292,0,2.460825238,1.139036518,2.130742473,646770.0375,12.62337801,3.678288528,0.056822274,0.62894656,640505.2423,6295.839033,6367.944721,0.128909494,2,0.84110328,29.74711095,-0.691040301,1.890945337,4.17821243,2.622033464,0.998781766,0.247166872,1.10184242044,8.0946895354,4.14484350747,3.5148456515,0.629997855971,4.26577412866
HA5 32-fold,1,18,21,,6.179220528,0.909722222,4.861779628,7813.570597,5,6.473445744,0.890448272,2823.327497,UndecidedProblem,1.34542478,12.39766946,686492.3754,694305.946,0.525522156,7.713857465,0,2.606037138,0.954050025,2.139913015,694020.4209,11.78662369,3.678288528,0.01587324,0.824360222,690998.8378,3272.310984,3307.108209,0.181090915,5,UndecidedProblem,28.13165105,-0.901768596,2.032266241,3.102263653,2.592410838,0.99834481,0.249668864,0.840651915881,5.19457357551,3.89284954043,2.25556820474,1.6372813357,43.3791797445
HA5 32-fold,1,18,22,,7.510941583,0.902777778,5.957823072,16891.82155,1,5.335249179,0.634691981,3061.404827,UndecidedProblem,UndecidedProblem,10.87784927,665048.7387,681940.5603,0.591875598,7.605879149,0,2.363362901,UndecidedProblem,2.447385701,681729.3502,11.86255464,3.845753861,0.027580995,0.568285435,678439.9098,3457.065516,3500.65051,0.225989039,1,0.971181136,23.54721885,-0.735481004,2.009006222,3.811832248,2.295253466,0.998209867,0.278818461,1.21945761288,9.15927489329,4.22767648477,3.97710590243,0.250570582339,1.78061727454
HA5 32-fold,1,18,23,,7.010943389,0.9375,5.057854033,16721.22197,2,5.425313785,0.850313703,3394.45514,UndecidedProblem,1.832780825,11.53005616,701817.5332,718538.7552,0.376528061,7.725742143,0,2.202445569,1.143231132,1.863693665,718572.3269,11.95485845,0.177311222,0.037719175,0.695150855,715144.3001,3354.707997,3394.45514,0.277753644,2,UndecidedProblem,27.33958728,-0.914971993,2.013411761,3.020104139,2.396912425,0.998911023,0.252660349,0.996905916199,6.98925094263,4.22326801206,3.03484626254,1.18842174953,15.431983473
HA5 64-fold,1,18,24,,8.346460917,0.868055556,6.626570676,19927.82688,1,5.029190533,0.698836268,3651.58307,UndecidedProblem,UndecidedProblem,11.82750201,630796.6547,650724.4815,0.752886474,7.168263609,0,2.38819176,UndecidedProblem,2.234618314,650178.8611,12.05402485,1.677970417,0.041978202,0.638492541,646200.3546,4555.726685,4524.126949,0.238632048,1,0.973593647,-6.780507382,-0.765328529,1.979437648,10.77442526,2.325128326,0.999249838,0.267056627,1.08536898319,9.05898979872,4.29945994168,3.93356048577,0.365899455908,2.32219911872
HA5 64-fold,1,18,25,,8.179155333,0.923611111,5.438468731,28789.58378,2,4.645483582,0.841413727,3053.397803,UndecidedProblem,1.09399778,12.02032426,691762.351,720551.9348,0.33771294,7.882543049,0,2.338647503,1.247389462,1.48124512,720441.3718,12.08708765,0.177311222,0.019770066,0.760129689,717498.537,3042.113983,3053.397803,0.420799062,2,UndecidedProblem,-8.345861341,-0.98075369,2.004428223,11.33712991,2.439961277,0.998545219,0.277689179,0.911686531954,7.45682575986,4.45923538619,3.23787484145,1.22136054474,16.6479416389
HA5 64-fold,1,18,26,,7.846507194,0.875,6.253356279,10536.2059,1,6.0110114,0.557723001,1475.047315,UndecidedProblem,UndecidedProblem,11.16165441,668947.403,679483.6089,0.559967816,8.266651256,0,2.022262565,UndecidedProblem,3.440075363,679420.6017,11.05046604,3.845753861,0.040162032,0.520913011,677277.2864,2144.622743,2206.322495,0.206647431,1,1.107732581,34.99877288,-0.680094635,2.108444676,4.215962335,2.240126129,0.995651569,0.255390426,1.33035648058,10.4386516954,4.02268424908,4.53263208659,-0.509947837512,0.309066662576
HA5 64-fold,1,18,27,d,7.679024111,0.881944444,5.263631895,16883.56618,UndecidedProblem,5.467150543,0.858268644,2415.673685,UndecidedProblem,1.00744693,33.08774991,729978.6496,746862.2158,UndecidedProblem,7.582837327,0,UndecidedProblem,1.227478301,2.634642646,746460.5068,11.66576544,2.678047194,0.032013534,0.769444432,742966.5742,3874.2713,3895.641657,0.282574834,5,UndecidedProblem,-9.933993077,-0.932227521,2.063095541,13.08000522,2.431910705,0.998612007,0.293273227,0.900649834061,6.91611179132,4.22746418451,3.00308805529,1.22437612923,16.763941214
HA5 128-fold,1,18,28,,9.515039361,0.868055556,7.556183226,33993.23649,1,4.20107093,0.802159506,6295.464192,UndecidedProblem,UndecidedProblem,12.80284112,591238.3058,625231.5422,0.088523646,6.299655285,0,2.988403004,UndecidedProblem,2.373663031,624817.5731,12.85784667,2.178148639,0.016056942,0.716045497,617294.5551,7956.168392,7936.987137,0.26158232,1,0.97048766,21.68567092,-0.740061136,1.851350434,4.595372094,2.401898993,0.999053653,0.299373732,0.967815596779,9.20880349754,4.53139251565,3.99861202672,0.532780488929,3.41020501656
HA5 128-fold,1,18,29,,8.679149306,0.923611111,6.691757212,31569.77758,3,4.44585346,1.103146665,8989.90828,UndecidedProblem,1.419982325,14.15104049,656459.2637,688029.0413,0.126809264,6.104874841,0,2.988716948,1.233734642,1.590254166,687694.878,13.35871798,1.177710472,0.016302483,1.028955993,678032.3491,10107.42888,9996.692261,0.295844881,3,0,-7.25947652,-0.974798613,1.807689617,10.78013991,2.646411238,0.99880365,0.272651287,0.673498191093,5.84539135782,4.49927152215,2.53816385489,1.96110766726,91.4339890135
HA5 128-fold,1,18,30,,8.346460917,0.861111111,6.314926497,9633.72999,1,6.039187644,0.793129912,1674.455792,UndecidedProblem,UndecidedProblem,13.07623843,623901.9812,633535.7112,0.545986445,8.520760399,0,2.372450495,UndecidedProblem,3.662701562,633571.7658,11.17448042,0.509624889,0.033154535,0.705939591,631810.8004,1742.455012,1724.910772,0.303352012,1,0.994335239,-5.349519041,-0.832200285,2.091290572,9.274015927,2.359011129,0.998804506,0.280721925,0.981670399047,8.19347361902,3.98379446993,3.55773930483,0.426055165103,2.66719743667
HA5 128-fold,1,18,31,,9.515039361,0.916666667,5.60767793,44950.34675,1,4.027226112,1.018189833,3117.080015,UndecidedProblem,UndecidedProblem,13.50338328,687956.7134,732907.0601,0.198429329,7.877291263,0,2.321596049,UndecidedProblem,2.009608422,732900.2184,11.94458835,0.177311222,0.014645502,0.87035505,729789.9801,3033.324159,3117.080015,0.568642965,1,1.061578195,-11.34502553,-1.039342352,2.030910995,14.35541225,2.464555743,0.998107112,0.317941936,0.796226781243,7.57612916381,4.65273304626,3.28967831689,1.36305472936,23.0703790105
HA5 256-fold,1,18,32,,8.511040639,0.777777778,6.961285192,4543.671436,1,6.91855843,0.539824151,620.1700954,UndecidedProblem,UndecidedProblem,12.20381446,545124.4281,549668.0995,0.426715652,7.877568901,0,2.291343352,UndecidedProblem,4.142108583,549474.5906,10.28458345,5.84629975,0.008129845,0.522937404,547330.7912,2291.408949,2337.308299,0.093494813,1,0.965786923,24.45196123,-0.665776732,2.158837559,4.820783827,2.212949446,0.985208374,0.255311231,1.32520641036,11.2788856137,3.65740691894,4.89747529903,-1.24006838009,0.0575349340888
HA5 256-fold,1,18,33,,8.846674111,0.826388889,5.451622974,20436.27143,3,4.97755168,1.021289232,2028.420821,UndecidedProblem,1.44550375,15.4412327,623427.5501,643863.8215,0.551743408,6.950680004,0,2.693555748,1.289459874,1.891995221,643791.7599,11.52781324,4.010306667,0.028128849,0.869682147,638658.7002,5276.0258,5205.121262,0.297342684,3,UndecidedProblem,29.84279075,-1.068383912,2.059836023,3.019132664,2.46506035,0.994571332,0.350070487,0.796842849299,7.04940900543,4.31040166225,3.06096787036,1.2494337919,17.7596250253
HA5 256-fold,1,18,34,,8.511040639,0.756944444,7.607415367,3540.943652,1,7.396645686,0.502693463,1025.075762,UndecidedProblem,UndecidedProblem,12.19724381,593124.9788,596665.9225,0.806323986,7.888599756,0,2.284837258,UndecidedProblem,3.773523419,596585.3923,10.3643876,5.010367222,0.023100565,0.441967047,594148.0944,2586.827531,2517.828148,0.045731002,1,0.946675169,21.54389493,-0.65689697,2.162369941,4.949991638,2.162998696,0.994528738,0.225743531,1.56799020358,13.3452283442,3.54911901577,5.79471486939,-2.24559585362,0.00568072997695
HA5 256-fold,1,18,35,,9.179088833,0.847222222,5.443190026,21226.19523,4,5.010814008,0.879030106,1121.241869,UndecidedProblem,0.729209178,27.05552846,663122.5471,684348.7423,-0.000998243,7.841352047,0,2.515980155,2.578905489,2.722719429,684101.6942,10.83036906,2.678047194,0.023851871,0.769200972,681364.7665,3105.974856,2983.975827,0.374142528,4,UndecidedProblem,-9.601130082,-1.151310289,2.167418579,12.28923169,2.424118721,0.994954987,0.335881123,0.900934898975,8.26976147044,4.32687215438,3.59086472881,0.736007425573,5.44511962836
HA5 512-fold,1,18,36,,3.00994825,0.861111111,7.542312283,894.256811,2,9.281807673,0.586198463,465.2803884,UndecidedProblem,1.483664814,UndecidedProblem,555733.3987,556627.6555,0.309555944,9.121844186,0,2.254159813,0.684993595,1.929729098,556537.129,10.21265059,2.178148639,0.112296606,0.44599281,555628.5392,1046.297177,999.1163457,UndecidedProblem,2,0,-10.09083739,-0.942047282,2.194176692,13.98036133,2.326091451,0.981337215,0.276880349,1.55383670871,4.67696808218,2.95146225659,2.03081549378,0.920646762805,8.33003378463
HA5 512-fold,1,18,37,,9.850454889,0.993055556,6.252591265,24209.93131,1,4.792314835,0.86881049,1362.925916,UndecidedProblem,UndecidedProblem,13.92381161,646637.9787,670847.91,0.661983564,8.943134771,0,2.65377409,UndecidedProblem,2.353056905,670857.7645,11.54100877,0.177311222,0.01473345,0.814500036,669484.9841,1353.151713,1362.925916,0.573674777,1,0.927006432,-11.40036597,-1.212313076,2.089525341,14.16411688,2.460065651,0.989678123,0.343359028,0.850828691676,8.38104964562,4.38399355723,3.63918786176,0.74480569548,5.55655599838
HA5 512-fold,1,18,38,,10.68304719,0.881944444,8.740621631,23308.61051,1,4.709366611,0.822831662,4505.93412,UndecidedProblem,UndecidedProblem,14.52415856,586476.7522,609785.3627,0.672963307,7.08033149,0,2.441753955,UndecidedProblem,2.931825161,609785.3627,12.54088141,0.177311222,0.020321032,0.765845376,605279.4286,4369.161043,4505.93412,0.314073123,1,0.987612197,5.970756851,-0.773746023,1.895248144,5.097700191,2.411505987,0.998962984,0.261019688,0.904882397566,9.6669013546,4.36751638481,4.19752555562,0.169990829187,1.47907715479
HA5 512-fold,1,18,39,,11.51866667,0.881944444,8.24082019,53348.33112,1,3.596201693,0.978058772,5189.679157,UndecidedProblem,UndecidedProblem,15.01579565,591838.3867,645186.7178,0.37100796,6.754912712,0,2.762183859,UndecidedProblem,1.940268109,645188.271,12.64103994,4.010306667,0.024360997,0.854500223,639212.8711,5911.583402,5973.846701,0.460078658,1,0.93470488,-9.254336592,-1.064856891,1.917180223,12.94393626,2.49141416,0.997525952,0.321845449,0.81100037349,9.34164297147,4.72712083807,4.05629308357,0.670827754493,4.68627482966
HA5 1024-fold,1,18,40,,11.85419158,0.854166667,10.29904134,34096.93085,1,3.879745361,1.005704502,11628.15281,10.35319338,UndecidedProblem,10.35319338,467823.6664,501920.5972,0.26142981,5.372490629,0,3.066824915,UndecidedProblem,2.061576065,501815.1526,13.57487112,2.678047194,0.014494713,0.928342376,489804.7389,12095.60817,12115.85835,0.241984319,1,0.953072336,8.006347912,-0.786174699,1.67807945,5.625294322,2.495784741,0.999626924,0.272250138,0.746491830941,8.84905717688,4.53271528882,3.84240433212,0.690310956698,4.90129628664
HA5 1024-fold,1,18,41,,11.01859839,0.868055556,8.645299423,16489.04363,3,5.288375176,0.731094691,1740.615265,8.964868315,1.815627154,3.823817825,627910.2021,644399.2457,0.661709107,8.503267068,0,2.45392984,1.673346236,2.708731137,644840.0758,10.99908054,0.509624889,0.023916093,0.66578985,642623.3536,1800.864846,1775.892098,0.368080964,3,0,41.18133215,-0.887582037,2.118111816,4.565236614,2.787627233,0.999296361,0.238311744,1.0408689769,11.4689172331,4.21719546715,4.97999011423,-0.76279464708,0.172665413458
HA5 1024-fold,1,18,42,,11.186771,0.895833333,8.409092383,20587.72242,1,4.830477768,0.848437917,2129.816988,UndecidedProblem,UndecidedProblem,UndecidedProblem,565182.1158,585769.8382,0.055799208,8.103460632,0,3.000962921,UndecidedProblem,3.408479041,586304.3276,11.20203446,0.177311222,0.022561337,0.802055802,583640.0212,2117.994662,2129.816988,0.447892309,1,0.999961604,38.25566463,-0.902654796,2.076944059,4.439404823,2.412340886,0.999566709,0.259613043,0.864029657627,9.66570191708,4.31360830411,4.19700474038,0.11660356374,1.30798741007
HA5 1024-fold,1,18,43,,12.02268531,0.902777778,7.869310327,47952.88398,UndecidedProblem,3.759392179,1.049737378,3056.579556,5.366855923,0.832756678,8.450282063,601435.5407,649388.4247,UndecidedProblem,7.663091388,0,UndecidedProblem,2.190616869,2.244944674,649407.5332,11.79737645,4.010306667,0.007653624,0.916170583,646184.4862,3193.971575,3203.938535,0.606572554,5,0,-11.44071048,-1.257376842,2.058613019,14.44054886,2.490229606,0.996785032,0.284734596,0.756409355265,9.09407164389,4.68081473161,3.94879359266,0.732021138951,5.3953688342
HA5 2048-fold,1,18,44,,11.51866667,0.763888889,9.74840336,15963.89088,1,4.992957611,0.783235639,3275.088774,9.923211131,UndecidedProblem,9.923211131,492393.0514,508356.9422,0.565530833,7.028594047,0,2.407353706,UndecidedProblem,2.178094351,508994.5169,11.76620037,7.846507194,0.047720322,0.687008777,504463.3441,3899.527144,3893.598118,0.244116974,1,0.989579176,13.1644469,-0.867517816,1.967241611,5.018586908,2.382267097,0.999318961,0.301188144,1.0087207372,11.619117935,4.20313875053,5.0452096982,-0.842070947665,0.143856355095
HA5 2048-fold,1,18,45,,13.69118047,0.923611111,7.072772635,129672.0406,3,2.515092785,1.278037173,3613.632463,4.61651211,1.343235269,4.877742746,611577.975,741250.0157,0.607995729,7.630403084,0,2.84125612,2.392036291,2.569457871,742365.2977,11.92139087,2.678047194,0.00625944,1.090833017,737509.0432,3741.784231,3740.972435,0.940573468,3,0,-10.43866883,-1.37929547,2.07536681,13.0365979,2.715948318,0.997490358,0.278570923,0.635294301878,8.69792893857,5.11284634523,3.77678199677,1.33606434845,21.6802531255
HA5 2048-fold,1,18,46,,10.01507008,0.854166667,7.421140105,3898.104186,2,7.277298096,0.539752168,140.9742173,UndecidedProblem,2.103446203,UndecidedProblem,600799.7906,604697.8948,0.523318973,10.36924449,0,2.350915785,0.54133217,2.224303045,607644.8594,8.548119611,4.510389417,0.075896209,0.478809951,604240.7173,449.7378968,457.1774847,0.257856089,3,1.317383675,27.2875487,-1.219456461,2.382463763,2.936802377,2.590846819,0.991470722,0.276710489,1.44733834072,14.4951949118,3.59085344248,6.29404902812,-2.70319558565,0.00198063484088
HA5 2048-fold,1,18,47,,11.35425711,0.9375,5.884547412,42286.38787,2,4.564537633,1.182548201,1703.088908,UndecidedProblem,1.711506485,UndecidedProblem,958320.1426,1000606.53,0.200107637,9.017439886,0,2.806434799,1.359379015,3.175519598,1004316.327,11.08479291,1.345317167,0.006429779,1.12501289,998675.7031,1945.029851,1930.827356,0.846715709,2,0,-8.926754761,-1.379733162,2.216513509,11.39889674,2.644021334,0.998349414,0.277058142,0.61599294209,6.99414224243,4.62620058902,3.03697014435,1.58923044467,38.8356380397
HA5 undiluted,1,19,0,,4.010306667,0.895833333,2.799483819,14277.75223,2,6.296659634,0.795036584,4983.088875,UndecidedProblem,1.639221375,UndecidedProblem,1108110.891,1122388.643,0.607843407,7.711196043,0,2.514012252,0.785173683,1.750067874,1121716.801,12.3132167,1.009694444,0.019787185,0.715761018,1117032.626,5389.427475,5356.017067,0.179401734,2,UndecidedProblem,29.80381205,-0.952756057,2.034920093,1.732617655,3.076995284,0.998265575,0.781206158,0.968200254795,3.8827799368,4.15465984113,1.68596610369,2.46869373744,294.234597255
HA5 control,1,19,1,,3.345551667,0.958333333,2.02718777,19679.67714,1,5.943087952,0.715158497,5453.193414,UndecidedProblem,UndecidedProblem,7.517036387,1191101.636,1210781.313,0.762634146,7.600754299,0,2.493287622,UndecidedProblem,2.721860923,1211239.248,12.43476879,0.845140528,0.019537887,0.611685377,1204543.811,6435.387765,6237.501683,0.179653239,1,0.907331193,24.91393827,-0.93247324,2.024078068,1.204681931,2.262237631,0.997620922,0.169102334,1.13293537177,3.79029382164,4.29401796922,1.64580713054,2.64821083868,444.847176796
HA5 undiluted,1,19,2,,4.345784972,0.930555556,2.672613328,19681.52742,1,5.535930096,0.912642136,5544.472802,UndecidedProblem,UndecidedProblem,9.414702459,893463.6137,913145.1411,0.454101262,7.160346748,0,2.482908452,UndecidedProblem,3.41926857,914956.2721,12.52770735,0.845140528,0.018214621,0.781929491,906761.6147,6535.151661,6383.52645,0.222604888,1,0.966353832,25.60937166,-0.925150279,1.968669562,1.798452144,3.101020882,0.998892197,1.16101962,0.886269168738,3.85153523465,4.2940587996,1.67239914661,2.62165965299,418.465494401
HA5 control,1,19,3,,4.510389417,0.986111111,2.162075953,57587.4811,3,4.327931351,0.790512968,7341.735593,UndecidedProblem,0.938040426,9.215582151,1098964.717,1156552.199,0.747590318,7.299493507,0,2.703479993,1.068580139,2.225922623,1157241.658,12.83166739,0.177311222,0.007005099,0.732254297,1149210.463,7316.03228,7341.735593,0.373926241,3,UndecidedProblem,21.47052231,-0.959700643,1.972994127,1.210187078,2.39960262,0.998656158,0.170852657,0.94639253445,4.26859887171,4.76032808273,1.85349495081,2.90683313192,806.92492756
HA5 2-fold,1,19,4,,4.845858389,0.909722222,2.71307264,15681.53329,4,5.68354037,0.865195063,2820.213182,UndecidedProblem,1.436682012,9.012206348,790262.0787,805943.612,0.72661897,7.529980468,0,2.664931351,0.750370279,1.695659868,805866.8614,11.6829058,1.345317167,0.019173044,0.703225824,801582.9275,4518.822917,4360.684535,0.227346683,4,UndecidedProblem,16.68158751,-0.90097034,2.067278188,1.994875602,2.458955355,0.998827587,0.23216578,0.985458691005,4.77539326482,4.19538852435,2.07355330648,2.12183521787,132.383914238
HA5 control,1,19,5,,3.178060528,0.923611111,1.553556821,19539.35413,UndecidedProblem,5.92657257,0.80521214,4737.533814,UndecidedProblem,1.380695616,7.841912637,1168925.435,1188464.789,UndecidedProblem,7.74340799,0,UndecidedProblem,1.01927524,3.53078989,1187309.514,12.2218907,1.009694444,0.026953189,0.704884676,1182918.682,5678.008237,5546.107021,0.224361814,2,0,26.45258765,-0.971906154,2.064789202,1.023611805,2.397369232,0.998829751,0.193768131,0.983139545511,3.1244769831,4.29091020409,1.35669864659,2.9342115575,859.43207396
HA5 2-fold,1,19,6,,6.511028222,0.847222222,3.482864786,66405.59897,3,3.582736692,0.9373715,7038.861676,UndecidedProblem,0.576534968,11.03350614,729233.1196,795638.7186,0.430134854,6.599398525,0,2.629802251,1.15548002,2.084697364,795456.5236,12.92688812,0.845140528,0.009333442,0.832710092,787433.3329,8388.151557,8205.385695,0.429266386,3,UndecidedProblem,-8.095771421,-0.861996293,1.898049876,10.44897154,2.466670834,0.999203695,0.241518525,0.832222410486,5.41862360165,4.82220469833,2.35285436459,2.46935033374,294.679777823
HA5 control,1,19,7,,3.178060528,0.909722222,1.500849531,19122.80423,1,5.978107908,0.757339648,4017.80918,UndecidedProblem,UndecidedProblem,UndecidedProblem,1186305.477,1205428.281,0.668104683,7.955519062,0,2.37807128,UndecidedProblem,3.029412629,1206607.364,11.99858947,0.845140528,0.007380429,0.603517254,1200572.138,4993.955519,4856.143455,0.209733672,1,0.945308983,23.58715334,-0.976541157,2.09597381,0.947807663,2.248012143,0.998781168,0.209946663,1.14826874527,3.64926757488,4.28155157896,1.58457124398,2.69698033498,497.714547767
HA5 4-fold,1,19,8,,7.179124361,0.833333333,3.24956125,59460.05683,1,3.553151614,0.948047784,3395.224259,UndecidedProblem,UndecidedProblem,10.52487451,638499.9446,697960.0014,0.664466067,7.443737295,0,2.400635114,UndecidedProblem,3.134375469,697343.7516,12.02707868,0.845140528,0.008242613,0.81494294,693950.9435,4162.30822,4009.057908,0.538317166,1,1.013475124,-12.2867326,-0.907578301,2.004636494,14.61890464,2.432983969,0.998763331,0.246732918,0.85036628454,6.10488530912,4.77422531995,2.65084034265,2.12338497731,132.857163894
HA5 control,1,19,9,,3.178060528,0.9375,1.571127188,17478.11902,2,6.195598201,0.753622509,4196.532707,UndecidedProblem,1.543683846,10.79058418,1263540.942,1281019.061,2.690632667,8.244410259,0,3.020968771,1.200582057,2.721667577,1280840.132,12.00352002,0.509624889,0.028622881,0.638173417,1276794.896,4236.594076,4224.164355,0.228861007,2,UndecidedProblem,26.87781315,-1.004165787,2.105990702,0.89270575,2.270676519,0.998841887,0.178978069,1.08591173111,3.45109320952,4.24249469242,1.49852071625,2.74397397617,554.592479626
HA5 4-fold,1,19,10,,5.510712528,0.840277778,4.304932984,24637.83099,3,5.012574261,0.839720615,8985.820096,UndecidedProblem,1.519076703,9.712035949,770674.4337,795312.2647,0.656826792,6.467727431,0,2.493879508,0.950221023,1.623101876,795120.1267,13.22825156,0.177311222,0.013826817,0.719118879,786326.4446,8993.785401,8985.820096,0.185094571,3,UndecidedProblem,32.01510136,-0.821684276,1.847998476,2.753084397,2.481542723,0.999284617,0.237482829,0.963679330688,5.3105597606,4.39160247173,2.30593128988,2.08567118185,121.806701248
HA5 control,1,19,11,,4.510389417,0.888888889,1.659613327,66535.50581,2,4.273244423,0.814666497,5929.492314,UndecidedProblem,0.90084132,7.934918444,1220019.067,1286554.573,0.680135944,7.583345723,0,2.494887251,1.110641424,3.380722494,1286639.775,12.53787095,0.845140528,0.012857119,0.729261143,1279846.254,6906.133033,6708.318633,0.413116064,2,UndecidedProblem,33.93475406,-0.989770028,2.039307351,1.015886755,2.579776588,0.998698502,0.231199403,0.95027687496,4.28611876004,4.82305346278,1.86110237084,2.96195109194,916.117315795
HA5 8-fold,1,19,12,,6.010929361,0.8125,4.630071753,18506.28038,2,5.22913264,1.007322558,7691.850986,UndecidedProblem,1.902593669,11.17974051,675630.2707,694136.5511,0.06840886,6.3459349,0,3.000607324,0.908322135,2.147741468,693239.9466,13.04130195,0.845140528,0.016736344,0.752485324,685603.0321,8679.917972,8533.51897,0.150472574,2,0,28.80668925,-0.744326293,1.849438189,3.353467886,2.538151628,0.999344696,0.240648318,0.920948193802,5.53575453808,4.26731913767,2.40371451936,1.86360461832,73.0473757384
HA5 control,1,19,13,,4.678461722,0.923611111,2.037490268,76498.51911,1,4.115908799,0.77958199,7241.328453,UndecidedProblem,UndecidedProblem,7.816330152,1249872.536,1326371.055,0.751551534,7.517014323,0,2.670147585,UndecidedProblem,3.501631725,1326333.793,12.86465117,0.177311222,0.004582189,0.745610959,1319129.727,7097.358548,7241.328453,0.433201488,1,0.900670183,31.81979146,-0.978214855,2.001407414,1.165629305,2.404922314,0.998309179,0.19649121,0.92943912859,4.34834538604,4.88365302798,1.88812218239,2.9955308456,989.762158843
HA5 8-fold,1,19,14,,6.346647194,0.847222222,4.759521406,21170.29881,1,5.059304832,0.83570041,5659.454511,4.759845416,UndecidedProblem,4.759845416,684707.4624,705877.7612,0.626582679,6.962611554,0,2.464864793,UndecidedProblem,2.486709723,704072.0435,12.57720051,0.177311222,0.009458502,0.704179851,700218.3067,5621.643326,5659.454511,0.234355147,1,0.947799122,29.71993658,-0.793845595,1.923285581,3.082436775,2.336196686,0.999610614,0.269835391,0.98412358578,6.24588519424,4.32572698795,2.71206478256,1.61366220539,41.0830052842
HA5 control,1,19,15,,4.510389417,0.916666667,2.019298139,64081.33957,2,4.379132634,0.739258082,6145.937392,UndecidedProblem,1.676588389,11.71367004,1269384.392,1333465.732,2.766629756,7.761331965,0,3.083395585,1.410653419,2.840895821,1335714.287,12.66566053,0.177311222,0.00868334,0.690879211,1327319.795,6046.611194,6145.937392,0.400397387,2,UndecidedProblem,16.29016069,-0.993315706,2.029259423,1.06927324,2.394035929,0.998259862,0.209836809,1.00306969578,4.52423494037,4.80673158176,1.96449628327,2.84223529849,695.400980169
HA5 16-fold,1,19,16,,7.010943389,0.888888889,5.128715592,22705.3925,2,4.903451322,0.775351328,4212.634833,UndecidedProblem,2.151333624,11.64058601,656834.4796,679539.8721,0.633949413,7.333691531,0,2.347072288,0.987141223,2.291939077,679460.8516,12.1581542,0.177311222,0.038445224,0.656180627,675327.2373,4157.67503,4212.634833,0.277004582,2,0,24.47814,-0.757213733,1.974073915,3.393924663,2.491149494,0.999665506,0.240145455,1.05611164287,7.40433894062,4.3561290138,3.21508421217,1.14104480163,13.8370911443
HA5 control,1,19,17,,3.678288528,0.909722222,1.707399953,26757.64539,2,5.622595994,0.721314299,4026.289055,UndecidedProblem,1.353360384,9.220444968,1291553.554,1318311.2,1.11322207,8.315284204,0,2.741555971,0.950526018,3.408213947,1318807.622,11.86221776,0.845140528,0.020083991,0.662862675,1314172.461,4148.879119,4138.738375,0.308891281,2,UndecidedProblem,31.75694395,-0.989731112,2.127013799,0.949782641,2.311590153,0.998515266,0.193599127,1.04546541258,3.8455234335,4.42744789388,1.66978872492,2.75765916896,572.346681317
HA5 16-fold,1,19,18,,7.179124361,0.819444444,5.045193087,30512.29666,1,4.546930632,0.987973298,6797.343193,UndecidedProblem,UndecidedProblem,11.60803889,682730.5207,713242.8174,0.072607807,6.577292357,0,2.988578072,UndecidedProblem,3.969590208,712272.8967,12.84557562,0.845140528,0.015305353,0.943275024,705773.5997,7580.023163,7469.217688,0.330736336,1,0.973312851,46.40719943,-0.805962953,1.884947728,3.322784237,2.444797687,0.999555016,0.247429149,0.734674386969,5.27431878889,4.48447489821,2.29019487142,2.19428002679,156.415586259
HA5 control,1,19,19,,5.178466667,0.895833333,2.058325501,114577.337,1,3.534950874,0.887340937,9925.955504,UndecidedProblem,UndecidedProblem,8.258429157,1213504.907,1328082.245,0.644369452,7.041829793,0,2.428915844,UndecidedProblem,3.289898596,1327145.624,13.2054271,0.845140528,0.008059298,0.818626549,1318003.116,10093.38252,10079.12841,0.488353422,1,1.020509259,27.91850031,-1.025134088,1.954637114,1.124011597,2.478731109,0.998547533,0.215084134,0.846539854891,4.38377842084,5.05909872418,1.90350778152,3.15559094266,1430.83957187
HA5 32-fold,1,19,20,,7.179124361,0.881944444,4.842549122,12966.02458,2,5.601677398,0.997980056,3356.48071,UndecidedProblem,2.089745105,12.35728878,616655.7854,629621.8099,0.520156292,7.484972584,0,2.353495542,0.663929514,2.148617197,629330.2731,11.92164777,4.178394028,0.034780586,0.592758116,626107.189,3475.418873,3514.620994,0.196814559,2,0,40.95510503,-0.752132214,1.989728936,3.71439802,2.467699696,0.99889967,0.217230465,1.16911094305,8.39319285199,4.11280684057,3.64446063916,0.468346201406,2.93999235709
HA5 control,1,19,21,,3.178060528,0.909722222,1.440171649,18447.5717,2,6.189069494,0.691377961,3200.054871,UndecidedProblem,1.516534045,7.479309662,1327520.537,1345968.109,0.878836808,8.716331869,0,2.892933299,0.860471951,2.96232538,1346693.141,11.67783282,0.177311222,0.017971598,0.584339784,1342768.054,3167.642902,3200.054871,0.257240044,2,UndecidedProblem,17.49091585,-1.049926099,2.156728588,0.689266804,2.470466975,0.998747987,0.218211579,1.18595382169,3.76903302874,4.26593920699,1.636575349,2.62936385799,425.955134849
HA5 32-fold,1,19,22,,9.179088833,0.847222222,7.160530987,81426.07028,1,3.130743246,1.102326977,22638.50752,UndecidedProblem,UndecidedProblem,UndecidedProblem,631773.5473,713199.6175,0.61172154,4.96612743,0,2.573429336,UndecidedProblem,2.039038588,712638.1226,14.51359003,3.845753861,0.014092101,1.01104271,690382.6574,22754.09629,22816.9601,0.320755257,1,0.980854803,11.61938955,-0.768905357,1.593567209,4.229173672,2.524160524,0.999486215,0.281389157,0.685430984414,6.29163189483,4.91076347573,2.73192874287,2.17883473286,150.950561508
HA5 control,1,19,23,,3.345551667,0.875,1.682042877,24760.02058,1,5.795338938,0.785482445,5767.432846,UndecidedProblem,UndecidedProblem,7.922733208,1350300.637,1375060.658,0.832072659,7.897350245,0,2.818073683,UndecidedProblem,3.712260273,1375530.214,12.55612308,0.177311222,0.012725215,0.741479911,1369293.225,5657.251549,5767.432846,0.270956461,1,0.852670568,20.08964672,-1.04125851,2.054298221,0.887847877,2.402888489,0.998336124,0.211283568,0.934617364165,3.12681068069,4.39375100132,1.35771197598,3.03603902534,1086.52325331
HA5 64-fold,1,19,24,,8.346460917,0.868055556,6.104850994,21113.37782,1,4.863057101,0.744969757,2639.221098,UndecidedProblem,UndecidedProblem,11.94948632,593332.7013,614446.0792,0.205553779,7.406424076,0,2.947891798,UndecidedProblem,3.032881395,614306.1562,11.67946911,1.677970417,0.030446543,0.670461006,610824.2499,3660.865158,3621.829233,0.295537824,1,0.947495467,8.456419304,-0.789021719,2.019447056,3.802728194,2.346885467,0.998997113,0.292725624,1.03361715864,8.62704521772,4.32455771939,3.74600313405,0.57855458534,3.78926156995
HA5 control,1,19,25,,3.178060528,0.875,1.500180715,23545.71031,2,5.93071318,0.798091112,5685.321876,UndecidedProblem,1.421434332,10.87161596,1412718.569,1436264.279,1.697327395,7.959648583,0,2.936953703,1.233242186,2.552858963,1439841.225,12.41369392,0.509624889,0.010172305,0.676061058,1430494.736,5801.054898,5769.542553,0.239621479,2,UndecidedProblem,31.84361168,-1.05364196,2.079428653,0.77369957,2.295096026,0.998563698,0.204672551,1.02505534345,3.25768792603,4.37191179646,1.41454100131,2.95737079514,906.506234167
HA5 64-fold,1,19,26,,8.511040639,0.875,5.771701516,33656.35504,2,4.448632455,0.914275845,4166.02049,UndecidedProblem,1.642838122,13.17094959,701261.6527,734918.0077,0.493372561,7.462769557,0,2.512389039,1.118462176,2.685676019,734918.0077,12.32490492,0.177311222,0.011404189,0.839960278,730751.9872,3997.456194,4166.02049,0.432518745,2,0,26.41075487,-0.844034729,1.966353492,3.617303426,2.472753051,0.998338548,0.278329284,0.825039014523,7.02194058137,4.52706708039,3.04904063455,1.47802644584,30.0625935963
HA5 control,1,19,27,,3.678288528,0.888888889,1.63311578,35344.78365,2,5.336011207,0.765689681,5566.498058,UndecidedProblem,0.963370293,7.806080813,1392315.106,1427659.889,0.734203873,8.002666614,0,2.81102685,1.027371244,3.127520429,1431452.665,12.47251703,0.177311222,0.012968777,0.714659449,1422093.391,5492.374285,5566.498058,0.329153951,2,UndecidedProblem,24.39546302,-1.046751644,2.07147431,0.823800854,2.553616677,0.998318125,0.249674259,0.969692629083,3.56680927324,4.54832532763,1.54876651031,2.99955881732,998.984655156
HA5 128-fold,1,19,28,,8.679149306,0.868055556,6.887257116,10230.01078,2,5.759668741,0.620325355,1336.692041,UndecidedProblem,1.400170795,UndecidedProblem,544024.3871,554254.3978,-0.265419899,7.912156185,0,2.881445489,0.729839382,2.208214197,553956.8714,10.79845905,2.845433861,0.055500275,0.505900029,551953.418,2257.081476,2300.979799,0.192221971,2,0,22.13224474,-0.711250006,2.105236486,4.44184307,2.314250009,0.997511737,0.288975283,1.36983585743,11.8890099314,4.00987609136,5.162401186,-1.15252509465,0.0703841556995
HA5 control,1,19,29,,3.510059417,0.881944444,2.232143594,25508.55608,1,5.847260112,0.645760145,6275.455863,UndecidedProblem,UndecidedProblem,7.333033752,1443034.087,1468542.643,0.726617397,7.87044918,0,2.391173428,UndecidedProblem,2.952924937,1467949.698,12.4560642,0.177311222,0.033986517,0.576034072,1462267.187,6263.701215,6275.455863,0.205043706,1,0.942232708,24.66482178,-0.970244153,2.072587947,1.12389714,2.253041814,0.996715527,0.204544779,1.20305383602,4.22279044629,4.40668587593,1.83360418858,2.57308168735,374.180962127
HA5 128-fold,1,19,30,e,9.346490556,0.902777778,6.199904487,41080.73291,1,4.096208068,1.071859152,5389.056061,UndecidedProblem,UndecidedProblem,13.55542556,661537.9279,702618.6609,-0.766902601,6.67476704,0,3.053745746,UndecidedProblem,2.073421221,701792.4915,12.81015498,1.009694444,0.017151202,0.982375595,695741.4144,7050.691525,6877.246437,0.432742362,1,1.201377135,-9.362822714,-0.967763974,1.899087237,12.82946189,2.435635764,0.99819888,0.281837704,0.705432833966,6.59332132056,4.61363818312,2.86292719086,1.75071099226,56.3262699515
HA5 control,1,19,31,,2.678047194,0.895833333,1.437144076,11447.92582,2,7.028141126,0.54761606,2407.9249,UndecidedProblem,1.87512856,6.500597128,1482749.897,1494197.822,0.991888649,9.27285924,0,2.672297395,0.802402379,2.582027954,1496082.866,11.00215819,0.344954222,0.017382723,0.501651471,1491782.365,2427.297299,2415.457066,0.198445329,2,UndecidedProblem,25.61085201,-1.08341776,2.245293973,0.418846727,2.28433625,0.998038234,0.214270614,1.38143719307,3.6995539986,4.05872680663,1.60640642579,2.45232038084,283.348149602
HA5 256-fold,1,19,32,,9.683198306,0.888888889,6.573539803,15083.79737,2,5.158704364,0.801793933,900.4244798,UndecidedProblem,1.813456471,13.65143055,523725.9477,538809.7451,0.63676972,8.696061736,0,2.429874621,0.809990864,3.308543793,538817.5179,10.27171275,4.510389417,0.051004226,0.561713577,537510.593,1275.027388,1299.152147,0.342771789,2,0,24.87977192,-0.779964199,2.16630464,4.313741345,2.395287973,0.997255656,0.27343042,1.23372485262,11.946402403,4.17851068963,5.18732192921,-1.00881123959,0.0979915800443
HA5 control,1,19,33,,3.510059417,0.909722222,1.899096085,27969.36293,2,5.806120839,0.729266629,6100.225685,UndecidedProblem,0.890060803,7.783893734,1536975.733,1564945.095,0.80146605,8.003033709,0,2.744515891,0.932695404,3.062332269,1569088.005,12.51816006,0.177311222,0.008651355,0.685895415,1558844.87,6071.122651,6100.225685,0.26228149,2,UndecidedProblem,26.36529812,-1.064672028,2.073234643,0.858733004,2.443301513,0.99733103,0.231152923,1.01035811706,3.54641702333,4.44668257438,1.53991186423,2.90677071014,806.808955402
HA5 256-fold,1,19,34,,8.511040639,0.756944444,6.048206637,8315.544256,2,6.258143917,0.830101462,1072.256383,UndecidedProblem,1.40822539,13.870067,628157.0607,636472.6049,0.4062945,7.468346272,0,2.385073001,1.107492957,3.748785891,634966.5559,10.75317593,4.510389417,0.014564582,0.719523176,632878.5602,3698.278127,3594.04466,0.155582513,2,UndecidedProblem,24.34311531,-0.905743953,2.146681714,3.721187969,2.438782574,0.993683178,0.253457439,0.963137843388,8.19730532603,3.91989067925,3.55940309424,0.360487585011,2.2934410679
HA5 control,1,19,35,,3.845753861,0.909722222,1.740202862,30736.65881,1,5.6727507,0.682164374,3682.032443,UndecidedProblem,UndecidedProblem,7.64461432,1537186.5,1567923.159,0.392410777,8.351272078,0,2.335075261,UndecidedProblem,4.051813292,1569032.301,11.81009317,1.177710472,0.013677845,0.605820791,1563122.052,4930.215607,4801.106917,0.281703179,1,0.973552789,24.28887993,-0.993929714,2.155484177,0.981164652,2.273319032,0.996337322,0.190683311,1.14390263638,4.39916798047,4.48765665629,1.91019017823,2.57746647806,377.977961143
HA5 512-fold,1,19,36,,2.178148639,0.743055556,6.280822788,151.1133771,2,11.68685606,0.518378625,58.75522696,UndecidedProblem,2.855949931,UndecidedProblem,498041.3362,498192.4496,0.752539511,11.98795408,0,2.152664711,0.305775628,4.943298902,497809.8823,7.467334283,1.677970417,0.271328201,0.280026023,498069.8007,128.4580495,122.6488209,0.023349774,3,1.161507239,-9.420643854,-1.484223301,2.516814941,11.16402462,2.627345488,0.96157973,0.339886525,2.47476999664,5.39041690003,2.17930291135,2.34060655668,-0.161303645326,0.689757378096
HA5 control,1,19,37,,3.678288528,0.875,2.348066009,27273.52717,2,5.870125104,0.586752582,5631.895833,UndecidedProblem,1.447205075,7.257709908,1567962.839,1595236.366,0.773515136,8.133541911,0,2.533483974,0.813012661,2.121558493,1595711.881,12.34538894,0.509624889,0.030575937,0.546194353,1589555.887,5692.173441,5680.478956,0.216919476,2,UndecidedProblem,28.12047297,-1.009389966,2.09685912,1.046111623,2.329438802,0.99605894,0.206667028,1.2687791373,4.66693574531,4.43574130704,2.02645929019,2.40928201685,256.614987068
HA5 512-fold,1,19,38,,0.344954222,0.916666667,6.753367073,1332.464763,2,8.861133909,0.833766688,1119.572031,6.553678214,1.688798466,7.906123267,618283.8369,619616.3017,0.554592836,9.11228394,0,2.569778776,1.353168148,1.935704553,619471.2431,11.49806704,0.177311222,0.099203388,0.610519842,618496.7297,958.7257758,1119.572031,0.034954124,2,0,-7.702576371,-1.053112049,2.066596161,11.15560692,2.437540356,0.99370331,0.283132872,1.13509824305,0.391556931324,3.12465573294,0.170020378343,2.9546353546,900.814471783
HA5 control,1,19,39,,4.345784972,0.923611111,2.174676216,66184.51955,1,4.652393279,0.874918351,11951.07855,UndecidedProblem,UndecidedProblem,8.39854224,1598248.601,1664433.121,0.921571667,7.121746269,0,2.795424913,UndecidedProblem,3.127320583,1665531.325,13.61653261,0.177311222,0.010878359,0.826898689,1652482.042,11616.25662,11951.07855,0.351854705,1,0.873270819,42.39751484,-1.134634248,1.939071176,0.963572926,2.441163003,0.996528151,0.228318882,0.838071228336,3.64207734957,4.82075642055,1.58144913138,3.23930728917,1735.0312013
HA5 1024-fold,1,19,40,h,12.186565,0.798611111,8.809106964,34407.31317,1,3.692162497,0.795895063,1809.180262,UndecidedProblem,UndecidedProblem,UndecidedProblem,410328.8252,444736.1383,0.454405568,7.396296867,0,2.392606962,UndecidedProblem,4.084813938,445164.6347,11.15779012,7.510941583,0.021442346,0.73759121,442096.1913,2574.788541,2639.946994,0.465515702,1,1.005071014,38.28901597,-0.744506998,2.017427853,5.374635787,2.404739906,0.997865953,0.220125258,0.939544819142,11.4498240089,4.53665076036,4.97169952622,-0.435048765863,0.367241061584
HA5 control,1,19,41,,3.678288528,0.9375,2.036844481,23863.5762,3,6.20134114,0.666677859,4402.75918,UndecidedProblem,1.323725992,12.34275881,1732139.305,1756002.881,2.615997363,8.632170781,0,3.028002397,0.874648309,2.997711248,1756424.28,11.98193118,0.677804139,0.033456152,0.582168649,1751577.172,4413.455183,4425.709372,0.246908685,3,UndecidedProblem,22.76078636,-1.104848774,2.148901424,0.799536477,2.439426918,0.995884628,0.222186014,1.19037670818,4.37854898968,4.37773552766,1.90123707759,2.47649845008,299.570090126
HA5 1024-fold,1,19,42,,11.85419158,0.930555556,7.81302516,55063.86879,1,3.461209104,1.243964188,5718.321691,UndecidedProblem,UndecidedProblem,16.31170047,551385.409,606449.2778,0.787998363,6.728346433,0,2.665478252,UndecidedProblem,2.086123089,605804.6057,12.76050151,0.344954222,0.005798835,1.13761465,600729.7473,5744.668762,5719.530571,0.630166238,1,0.954802902,-17.11486844,-1.23431229,1.911316172,20.28119052,2.545006369,0.99759709,0.359611082,0.609169370314,7.22121042037,4.74086672168,3.13556683472,1.60529988696,40.2995212607
HA5 control,1,19,43,,4.510389417,0.972222222,1.502143373,59905.93533,2,4.910430963,0.821235609,4750.325419,UndecidedProblem,0.767774731,10.07529629,1741687.808,1801593.743,1.040810564,8.567031659,0,2.833481217,1.058144606,4.01568154,1804914.191,12.0751235,0.177311222,0.015183459,0.741729013,1796843.417,4713.428435,4750.325419,0.462233795,2,UndecidedProblem,24.51678538,-1.203807756,2.144342595,0.520391489,2.395029189,0.997193244,0.204605302,0.934303482612,4.21407254024,4.77746985333,1.82981873219,2.94765112114,886.44362515
HA5 2048-fold,1,19,44,,8.511040639,0.895833333,4.929493122,14269.48423,3,5.308896443,1.583622205,2927.456459,UndecidedProblem,0.956392705,UndecidedProblem,551377.3344,565646.8187,0.243418001,7.007884345,0,2.377313619,1.344437998,2.526781641,565640.2653,11.95855533,3.345551667,0.010284987,1.177724166,561251.7875,4379.062046,4395.031125,0.345108866,3,UndecidedProblem,22.19709122,-1.386814793,2.005682113,2.343496399,2.662536239,0.998037569,0.344121004,0.588423011097,5.00809216037,4.15440827584,2.17459494589,1.97981332995,95.4582195813
HA5 control,1,19,45,,4.510389417,0.972222222,2.165741697,64382.79697,1,4.796096744,0.751602321,7308.149682,UndecidedProblem,UndecidedProblem,UndecidedProblem,1724322.618,1788705.415,0.592028549,7.855588505,0,2.497148956,UndecidedProblem,2.744971055,1794246.452,12.74762126,0.677804139,0.022725715,0.698053498,1780982.681,7827.861373,7722.733501,0.367298208,1,0.956194119,22.99360701,-1.1614064,2.057721689,0.761532776,2.387759147,0.996589114,0.143998051,0.992760586381,4.47773684243,4.80876983973,1.94430605403,2.86446378571,731.920288388
HA5 2048-fold,1,19,46,,12.35397717,0.805555556,8.652827959,35057.01126,2,4.238508809,1.10392303,3369.271688,8.895173456,1.498879843,8.254665914,626691.81,661748.8212,1.035236397,7.617703142,0,3.053738017,1.234741034,1.727676487,659704.6749,11.97501013,0.177311222,0.02011497,0.870428286,658379.5495,3306.331137,3369.271688,0.49996635,2,0,-12.19357695,-1.103083449,2.009918149,16.10040964,2.594829188,0.998924813,0.304927137,0.796159788401,9.83573984958,4.54477488812,4.27083797203,0.273936916097,1.87904385448
HA5 control,1,19,47,,4.510389417,0.777777778,1.481134818,66022.67439,1,4.06147072,0.800250381,4828.216174,UndecidedProblem,UndecidedProblem,7.933885676,1036322.551,1102345.226,0.721536796,7.805645634,0,2.669062366,UndecidedProblem,3.638120138,1106876.301,12.24633824,0.509624889,0.006622448,0.735591008,1097418.208,4957.275116,4927.01806,0.469145776,1,0.897833227,16.55551937,-1.029646866,2.089234637,0.857397034,2.396372876,0.997888929,0.257619398,0.942099607612,4.24923609993,4.81969311238,1.84508732086,2.97460579152,943.20434238
HA5 undiluted,1,20,0,,5.84629975,0.888888889,3.562258064,53526.9209,2,4.373630437,0.711253103,5801.486949,UndecidedProblem,0.857538276,9.894383706,1056072.478,1109599.399,0.409426202,7.480427227,0,2.359860812,0.974498501,2.231321824,1107543.26,12.55057502,1.677970417,0.017391143,0.656015306,1103385.943,6141.325349,6213.456143,0.351229203,2,0,23.56078849,-0.873743242,1.999955687,2.105288141,2.46187097,0.997891112,0.231793472,1.05637779128,6.17590121708,4.7285722616,2.68167660316,2.04689565844,111.402685057
HA5 undiluted,1,20,1,,4.510389417,0.951388889,3.207477818,18819.22945,1,5.791068035,0.767251362,5815.407291,UndecidedProblem,UndecidedProblem,8.946921637,1023227.088,1042046.317,0.629182671,7.367270077,0,2.501844066,UndecidedProblem,2.518684384,1041926.143,12.54520043,0.845140528,0.026945801,0.651480351,1035735.033,6430.222106,6311.284294,0.181814894,1,0.920930016,22.26038637,-0.920071618,1.983814246,1.902946711,2.304023295,0.997737999,0.181693032,1.06373123754,4.79784211632,4.27460183735,2.08330096236,2.19130087498,155.346286117
HA5 undiluted,1,20,2,,4.510389417,0.958333333,2.950774525,19771.80841,2,5.507859189,0.813882185,5213.823043,2.437340774,1.461510428,2.437340774,879885.7253,899657.5337,0.571995763,7.273801125,0,2.51702842,1.139097445,2.998668163,899657.5337,12.45556219,0.845140528,0.01199341,0.697642781,893843.937,5995.839346,5813.596689,0.216203836,2,UndecidedProblem,27.48164567,-0.880688302,1.974798125,1.944422214,2.615239793,0.998743796,0.190099684,0.99334504545,4.48037298043,4.29604639347,1.94545070796,2.35059568551,224.179391246
HA5 undiluted,1,20,3,,4.345784972,0.909722222,3.029473026,20704.42332,1,5.415628458,0.936458436,7736.575496,UndecidedProblem,UndecidedProblem,9.328287037,863046.2343,883750.6576,0.600471612,6.70926578,0,2.429858435,UndecidedProblem,3.576681788,882950.0908,12.94131108,1.345317167,0.017795799,0.753430681,875304.8827,8484.210197,8445.774883,0.173051621,1,1.011294639,31.09925275,-0.87056032,1.906826965,2.06289706,2.457302809,0.999144541,0.19053369,0.919792646458,3.99722106034,4.31606313861,1.73565829802,2.58040484059,380.543966474
HA5 2-fold,1,20,4,,5.010367222,0.868055556,2.840255528,17864.74839,UndecidedProblem,5.46819124,0.873553471,3188.819141,UndecidedProblem,1.77263762,9.723157736,772971.3581,790836.1065,UndecidedProblem,7.360796208,0,UndecidedProblem,1.344518603,3.586888958,790534.369,11.86416688,1.510040889,0.031796272,0.781414883,786024.7666,4950.383093,4811.339898,0.257597079,2,0,16.06807502,-0.89332353,2.041918058,2.05829094,2.421539397,0.99881396,0.206209664,0.886852829497,4.44345834765,4.25199690391,1.92942177492,2.32257512898,210.172131621
HA5 2-fold,1,20,5,,5.010367222,0.888888889,2.995811567,18280.95103,3,5.487878296,0.756837372,2858.194894,UndecidedProblem,1.380479099,9.091694939,802098.4834,820379.4344,0.382257088,7.515371447,0,2.434664669,0.813414652,1.83310658,820373.8793,11.71556414,1.510040889,0.029872208,0.690447013,815895.4662,4608.293724,4483.968268,0.244347734,3,UndecidedProblem,31.57742903,-0.89630376,2.065806419,2.013848402,2.473688945,0.998578878,0.21549201,1.0036975857,5.02889348418,4.26199878529,2.18362721849,2.0783715668,119.776485776
HA5 2-fold,1,20,6,,5.010367222,0.840277778,2.891377764,20718.36745,2,5.347173445,0.878555542,3853.846785,UndecidedProblem,1.313749251,12.29910202,822645.7713,843364.1388,0.660594942,7.353975447,0,2.784894361,1.294362034,2.1385017,843381.7697,12.06521241,1.345317167,0.023068442,0.722896446,838208.9101,5325.392437,5155.22866,0.252869605,2,UndecidedProblem,39.24726134,-0.921007509,2.027079999,1.981479366,2.320805145,0.999147592,0.270824895,0.958643528869,4.80315611463,4.31635553122,2.08560838672,2.23074714449,170.116776387
HA5 2-fold,1,20,7,,4.845858389,0.805555556,2.744631338,14774.93067,2,5.894108269,0.783858222,2325.423543,UndecidedProblem,1.881303064,9.445504654,863901.2191,878676.1498,0.329079704,7.923277916,0,2.34927041,0.973671434,2.657480475,878499.0261,11.42380043,1.677970417,0.045231465,0.675905937,875056.3502,3699.710414,3619.799549,0.239595259,2,UndecidedProblem,26.30339359,-0.917896536,2.116305893,1.908350802,2.525347125,0.998672674,0.250290874,1.02529059454,4.96841302872,4.16952545167,2.15736562254,2.01215982913,102.839469848
HA5 4-fold,1,20,8,,5.510712528,0.805555556,3.872426547,15759.59439,1,5.562377523,0.67404482,2938.645281,UndecidedProblem,UndecidedProblem,9.244045446,728950.9745,744710.5688,0.569950388,7.837245606,0,2.339469298,UndecidedProblem,2.291548119,744548.6535,11.71896691,0.845140528,0.035814418,0.61234711,741454.1406,3329.062444,3256.428197,0.243196413,1,1.330022129,26.01292773,-0.818740668,2.053054974,2.544449391,3.044068045,0.999317922,0.430948129,1.13171106499,6.2365343439,4.19754503571,2.70800449149,1.48954054422,30.8702782642
HA5 4-fold,1,20,9,,5.346070972,0.868055556,3.815208377,15756.66864,2,5.735617469,0.678839422,3243.635222,UndecidedProblem,2.446141552,9.219348722,823814.0891,839570.7577,0.505661411,8.015896524,0,2.033434957,1.007039389,2.74274939,839542.1008,11.95287406,0.177311222,0.03744306,0.574173855,836327.1225,3201.960672,3243.635222,0.229159282,2,UndecidedProblem,16.71788354,-0.820299643,2.039090524,2.571094031,2.569722603,0.997862998,0.266769277,1.20695150774,6.45244842017,4.19746440197,2.80175788978,1.39570651219,24.8717596484
HA5 4-fold,1,20,10,,5.510712528,0.861111111,4.369025653,23776.89921,2,5.086753777,0.972514054,10636.95452,UndecidedProblem,0.297071355,UndecidedProblem,784240.4472,808017.3464,0.635170843,6.247229209,0,2.500399353,1.13091747,2.924617886,806878.302,13.4176894,0.177311222,0.017001448,0.807430896,797380.3919,10635.75161,10636.95452,0.16671915,2,0,30.80182561,-0.814222426,1.821567049,2.858451814,2.45144845,0.999050558,0.247325408,0.858277783812,4.72972213576,4.37615521682,2.05372216055,2.32243305626,210.103388306
HA5 4-fold,1,20,11,,5.346070972,0.875,3.808252135,14369.49823,2,5.89466589,0.615787572,2570.332548,UndecidedProblem,1.976421227,10.36825512,840525.6467,854895.1449,0.506421673,8.374741276,0,2.26882138,0.886895539,2.420560738,854640.2224,11.58837713,0.344954222,0.040798932,0.536789641,852319.6273,2593.61606,2575.517592,0.23284779,2,0,16.65214632,-0.859276625,2.091220416,2.379526768,2.441337997,0.998695523,0.239370885,1.29100852004,6.90182317359,4.15744160322,2.99688370542,1.1605578978,14.4729778618
HA5 8-fold,1,20,12,,6.010929361,0.861111111,4.848717538,18012.8554,2,5.376417774,0.754888876,6205.747482,UndecidedProblem,1.779276508,10.81186011,730235.1738,748248.0292,0.532933251,6.91376777,0,2.339291363,0.91841979,2.051220579,746458.4162,12.67049428,0.177311222,0.031049961,0.647130632,742042.2817,6189.18001,6205.747482,0.176448048,2,0,36.50136567,-0.738217227,1.918661622,3.247963716,2.454151403,0.999140206,0.240845241,1.07088115711,6.43699098944,4.25558256269,2.79504602234,1.46053654036,28.8759672349
HA5 8-fold,1,20,13,,7.510941583,0.840277778,4.481673375,60090.77001,1,3.773369283,0.836765845,4853.649607,UndecidedProblem,UndecidedProblem,10.65578772,761593.7554,821684.5254,0.864468136,7.403370825,0,3.090278541,UndecidedProblem,3.559073337,821528.9533,12.4436955,0.177311222,0.030770236,0.739517693,816830.8758,4724.794925,4853.649607,0.45766312,1,1.039091869,26.15903046,-0.786420392,1.97204393,3.061336955,2.386894676,0.999383532,0.264746159,0.937097254818,7.03848273853,4.77880776915,3.05622350783,1.72258426132,52.7939627088
HA5 8-fold,1,20,14,,5.346070972,0.854166667,4.218577339,7880.747096,1,6.596616835,0.67657262,2500.235906,UndecidedProblem,UndecidedProblem,9.709399523,754807.2782,762688.0253,0.58418211,8.252885014,0,2.248587707,UndecidedProblem,2.836828532,762465.7421,11.55595725,0.177311222,0.041713332,0.564810685,760187.7894,2428.802332,2500.235906,0.166462613,1,1.008937213,33.29376635,-0.775888787,2.075647609,2.90495529,2.268683814,0.998869655,0.315941483,1.22695979096,6.55941412227,3.89656739062,2.84820413472,1.0483632559,11.1779781384
HA5 8-fold,1,20,15,,6.010929361,0.868055556,4.240370046,17876.46923,1,5.575706414,0.813571572,3968.962563,UndecidedProblem,UndecidedProblem,10.50085722,834706.4416,852582.9109,0.45921156,7.746934374,0,2.258010683,UndecidedProblem,3.216472322,851818.4526,12.1079033,0.177311222,0.009683142,0.737638902,848613.9483,3895.278732,3968.962563,0.278162268,1,1.033192158,22.31879465,-0.830822945,2.023940065,2.804837242,2.33295893,0.999371983,0.258472739,0.939484072927,5.64717239815,4.2522817457,2.45209396359,1.80018778212,63.1230219519
HA5 16-fold,1,20,16,,7.179124361,0.854166667,5.321532711,25406.25821,2,4.793800155,0.755673615,4612.18516,UndecidedProblem,1.669235413,10.77885094,679316.5823,704722.8405,0.505572547,6.843577495,0,2.448277631,0.994976293,1.830800848,703973.4599,12.46895986,2.678047194,0.011465719,0.693713369,698586.6866,6089.851444,6136.153903,0.248049518,2,UndecidedProblem,-7.198913442,-0.780252548,1.940083887,10.59130538,2.472461667,0.999155998,0.247587757,0.998971666063,7.17174182378,4.40494070762,3.11408676673,1.29085394089,19.5368229547
HA5 16-fold,1,20,17,,8.346460917,0.909722222,4.429865599,72708.48029,3,3.397234079,1.120780673,6398.718008,UndecidedProblem,1.019409164,12.09178765,693336.7759,766045.2562,0.553022975,6.578424551,0,2.714171638,1.162627902,1.852096459,766043.6033,12.82334867,1.677970417,0.018374846,0.898494085,758029.3742,8056.163827,8015.881964,0.486287897,3,UndecidedProblem,-8.111345081,-0.90369339,1.908979501,11.04090926,2.514081907,0.999455651,0.256950712,0.771290553348,6.43754645917,4.86158506737,2.79528721632,2.06629785105,116.492469278
HA5 16-fold,1,20,18,,6.511028222,0.826388889,5.119358805,12097.11765,2,5.927359057,0.685016962,2943.941825,UndecidedProblem,1.828933691,11.68134609,724101.1239,736198.2416,0.756478922,7.790058396,0,2.412321567,0.914175714,2.086445644,735712.1873,11.70229758,1.009694444,0.043118136,0.64597392,732872.002,3388.064712,3326.239608,0.211385533,2,0,12.90268907,-0.78907852,2.048763263,3.231376063,3.139142423,0.999408901,10.44682688,1.07279872847,6.98502279759,4.08268190438,3.0330103333,1.04967157108,11.2117026484
HA5 16-fold,1,20,19,,7.010943389,0.916666667,4.740925409,30633.216,3,4.711904827,0.96038151,5921.616233,UndecidedProblem,1.042410241,11.51097379,772185.1199,802818.3359,0.702512554,6.971224197,0,2.497025896,0.933231132,1.594400218,802674.4157,12.73312839,0.845140528,0.011279634,0.785611033,796419.9609,6474.896881,6398.375049,0.307225532,3,UndecidedProblem,-10.56896473,-0.91763471,1.932524257,13.44095007,2.609637644,0.999375312,0.251718151,0.882115921099,6.18446478536,4.48619259321,2.68539504358,1.80079754963,63.2117115473
HA5 32-fold,1,20,20,,7.346503806,0.861111111,5.378596487,16266.17514,2,5.37802999,0.724319333,2427.175376,UndecidedProblem,2.093649591,11.22585469,660180.8464,676447.0215,0.478685337,8.122554784,0,2.332354729,1.023516591,2.782661275,676390.3977,11.48656778,0.177311222,0.039412817,0.600019259,674019.8462,2379.306451,2427.175376,0.285737305,2,UndecidedProblem,33.20547752,-0.785849744,2.061351172,3.476320092,2.567009803,0.999327498,0.227374171,1.15496292761,8.48493954351,4.21128544409,3.68429854256,0.526986901535,3.36501420229
HA5 32-fold,1,20,21,,7.679024111,0.888888889,4.623894081,29809.62523,1,4.635815133,0.931257106,3061.828305,UndecidedProblem,UndecidedProblem,11.93920241,711288.8599,741098.4852,0.313905058,7.919128081,0,2.330213042,UndecidedProblem,2.360309579,740748.5652,11.92947081,0.177311222,0.011926786,0.826158741,738036.6569,2947.06114,3061.828305,0.462288279,1,1.329276918,-7.803826303,-0.921544557,2.028084901,10.75862153,3.062493652,0.999145138,0.492930151,0.83882184574,6.44133317827,4.47435651607,2.79693147124,1.67742504482,47.5800665146
HA5 32-fold,1,20,22,,7.346503806,0.888888889,5.549588134,16759.73792,3,5.398928221,0.659602658,2509.017657,UndecidedProblem,1.587602129,12.30174333,690382.1473,707141.8852,0.516858948,7.728344384,0,2.182608749,0.981457956,2.495301025,707037.8074,11.65733498,3.678288528,0.030382817,0.584942264,703807.2903,3286.328072,3334.59493,0.238094209,3,UndecidedProblem,18.78730248,-0.730609095,2.043246193,3.729801237,2.663985456,0.997512481,0.246607995,1.18473231061,8.70364042896,4.22426722308,3.77926201865,0.445005204424,2.78615455667
HA5 32-fold,1,20,23,,9.011071639,0.888888889,5.208632012,77349.39894,4,3.386554329,1.106218726,7566.455469,UndecidedProblem,0.977415585,14.30034282,731581.4139,808930.8128,0.567117285,6.653395701,0,2.618009544,1.487961643,1.512815508,808704.7222,12.9806544,3.345551667,0.02299392,0.857994266,800894.817,7962.36887,8035.99577,0.477173433,4,UndecidedProblem,-7.229775124,-0.888707857,1.895913392,10.50428398,2.566681661,0.999484483,0.26403888,0.807697705523,7.27822188712,4.88845694327,3.16032213944,1.72813480383,53.4730312484
HA5 64-fold,1,20,24,,7.679024111,0.861111111,6.36156819,8364.865054,2,6.115576693,0.586708798,1751.692132,UndecidedProblem,1.527476607,12.67992689,571639.1028,580003.9679,0.24884837,7.793503819,0,2.836597255,0.875469743,2.072520779,579799.8055,11.14627847,1.845573139,0.027308796,0.533942632,577389.6852,2638.376345,2614.282668,0.15981088,2,0,0.001964907,-0.802069639,2.076949604,4.443218175,2.359365708,0.998567635,0.26136707,1.29789224248,9.96654582345,3.92245893911,4.32763605013,-0.405177111023,0.393389613261
HA5 64-fold,1,20,25,,10.35042817,0.951388889,5.263079611,98394.33961,3,2.782527997,1.537038088,8812.751354,UndecidedProblem,1.360602568,14.78605298,578614.7599,677009.0995,0.639524975,6.249840396,0,2.613938958,1.187600609,1.49685823,676989.196,13.34976969,0.509624889,0.015047653,1.116892226,668112.8884,8924.041745,8896.211078,0.656380501,3,UndecidedProblem,-11.49891247,-1.043303473,1.808766108,14.59765863,2.586916891,0.998798181,0.276342919,0.62047168372,6.42214759386,4.99297011523,2.78860077892,2.20436933631,160.091891658
HA5 64-fold,1,20,26,,8.011009639,0.833333333,6.029400314,13296.27376,1,5.476952324,0.813467684,2423.284856,UndecidedProblem,UndecidedProblem,12.40367866,578888.0174,592184.2912,0.590202938,7.932938408,0,2.396424061,UndecidedProblem,3.16776258,591141.9877,11.60389092,0.177311222,0.010429224,0.745135305,589761.0063,2386.171963,2423.284856,0.316461943,1,0.980567293,23.42434046,-0.812748428,2.019123108,3.811265106,2.349855053,0.998167063,0.292635936,0.930032432163,7.45049877864,4.12372994832,3.23512756346,0.888602384862,7.7375306945
HA5 64-fold,1,20,27,,7.846507194,0.861111111,5.205265987,19059.60606,4,5.191159078,0.872022136,2312.706032,UndecidedProblem,1.768928611,12.36463292,677259.8252,696319.4312,0.344445931,7.781988991,0,2.681891388,1.146576771,1.989970994,696029.0171,11.61988423,3.678288528,0.042515786,0.750707121,693155.7232,3076.584129,3163.70807,0.335726224,4,UndecidedProblem,24.11244236,-1.00297672,2.057624343,2.933910336,2.560185911,0.997821678,0.246579024,0.923129647521,7.24334342027,4.28011392003,3.14517734271,1.13493657732,13.6438387271
HA5 128-fold,1,20,28,,8.679149306,0.888888889,6.99340944,12786.27538,1,5.572365189,0.587520405,1758.869026,UndecidedProblem,UndecidedProblem,11.89525922,595619.2119,608405.4873,0.585168706,8.067839895,0,2.015747676,UndecidedProblem,2.644162276,608140.7881,11.09869027,3.678288528,0.02046602,0.513451135,606138.0707,2257.899216,2267.416558,0.224469922,1,1.13824597,24.20792945,-0.761910274,2.087678743,4.184893612,2.294416668,0.998969246,0.288791383,1.34969026799,11.7141633528,4.10674405367,5.08647996213,-0.979735908459,0.104776549349
HA5 128-fold,1,20,29,,8.679149306,0.909722222,4.453208026,21932.22488,4,4.944576826,1.211813825,2369.334802,UndecidedProblem,1.479688579,20.43686065,653448.4515,675380.6763,0.459896203,8.155075017,0,2.580089819,0.748297626,2.127733697,675329.1788,11.51742734,0.177311222,0.001178501,0.691211029,673011.3415,2338.93743,2369.334802,0.381038795,4,UndecidedProblem,-8.602969734,-1.040478446,2.072236778,11.58608305,2.585461279,0.999154595,0.276556763,1.00258816906,8.70161241171,4.34108269023,3.77838142063,0.562701269602,3.65343402914
HA5 128-fold,1,20,30,,10.01507008,0.763888889,7.748109536,42158.26485,3,3.865071363,0.946026465,7850.609785,UndecidedProblem,0.799633087,14.24838465,572148.2818,614306.5467,0.745994454,5.310000948,0,2.633393651,1.2458486,2.222726852,614427.3626,13.29008879,5.010367222,0.030508698,0.878482172,598821.3908,15870.11315,15485.15587,0.222465006,3,UndecidedProblem,21.1695991,-0.712932494,1.77441281,4.995818455,2.62080206,0.996207316,0.271420157,0.788860630401,7.90049449682,4.62488272788,3.43052301208,1.1943597158,15.6444289703
HA5 128-fold,1,20,31,,8.679149306,0.965277778,3.850343592,23168.00621,3,4.971365652,1.312358091,2401.987866,UndecidedProblem,1.420198208,12.39801711,703638.5588,726806.565,0.636524909,8.241198778,0,2.532388898,0.76513685,1.507122908,726805.6776,11.8369597,0.177311222,0.024902019,0.716184383,724404.5772,2370.894121,2401.987866,0.401239219,3,UndecidedProblem,-8.845883459,-1.091848596,2.049839127,11.7017785,2.669560756,0.997504065,0.278122441,0.967627913216,8.39818713145,4.36488866093,3.64662923641,0.718259424516,5.22708334028
HA5 256-fold,1,20,32,,9.011071639,0.826388889,6.953771134,12920.18856,1,5.372672799,0.696781748,1641.617319,UndecidedProblem,UndecidedProblem,12.70124119,522388.7818,535308.9703,0.562592648,7.570919603,0,2.314489714,UndecidedProblem,2.955949388,535308.3241,11.21566607,5.510712528,0.022799587,0.610478916,532493.6318,2765.531269,2815.338541,0.234642333,1,1.014406416,27.16815545,-0.7865622,2.046150569,4.305903711,2.347833215,0.993599775,0.299001228,1.13517433909,10.2291372923,4.11126885189,4.44165753031,-0.330388678422,0.467316721904
HA5 256-fold,1,20,33,,10.01507008,0.847222222,4.340211616,34520.55512,UndecidedProblem,4.165622715,1.327579171,1817.376893,UndecidedProblem,2.115511199,15.4323805,584999.1986,619519.7537,UndecidedProblem,7.466337365,0,UndecidedProblem,1.373454211,2.42273789,619374.6477,11.47877682,4.178394028,0.011244364,1.151244283,616016.5641,3393.806505,3503.189691,0.644156326,3,0,23.07311636,-1.178809423,2.071761715,2.719892558,2.611396282,0.994620828,0.281180492,0.601957386658,6.02864541256,4.53807777093,2.61773574145,1.92034202948,83.2419086316
HA5 256-fold,1,20,34,,9.683198306,0.743055556,7.270432302,14808.63325,1,5.331129853,0.549678735,691.9628418,UndecidedProblem,UndecidedProblem,12.60906557,581326.8518,596135.4851,0.648575915,7.3414932,0,2.288618632,UndecidedProblem,4.658025409,595976.2736,10.31751952,5.678955056,0.017926757,0.523453124,592459.8253,3772.800047,3675.659793,0.186084144,1,0.983596035,23.56411825,-0.659982097,2.168100144,4.996463175,2.251076212,0.984136792,0.252267417,1.32390078161,12.8195938058,4.17051497754,5.56647581667,-1.39596083914,0.0401827042449
HA5 256-fold,1,20,35,,9.515039361,0.819444444,6.177471304,29686.24379,1,4.502191918,1.007175686,3001.32677,UndecidedProblem,UndecidedProblem,14.07181123,643058.1125,672744.3563,0.624289988,7.314352681,0,2.466269372,UndecidedProblem,3.195855035,672568.5241,11.77085637,3.178060528,0.017751518,0.932550288,668517.5679,4300.491345,4226.788404,0.447458638,1,1.261418451,-7.409928136,-1.028888943,2.035644097,10.6825758,2.561238554,0.999297041,0.314945981,0.7431234636,7.07084900624,4.47255524965,3.07027746689,1.40227778277,25.2509535365
HA5 512-fold,1,20,36,,10.35042817,0.895833333,7.644417431,13443.81275,2,5.255112455,0.619472272,647.9101341,UndecidedProblem,1.360659492,13.51219249,499971.638,513415.4508,0.306892321,8.924297316,0,2.336809212,0.852286408,2.87260913,513508.1904,10.30978648,2.345529417,0.011924915,0.5716476,512358.6631,1081.593757,1056.787705,0.361006438,2,UndecidedProblem,-8.638183493,-0.889784991,2.162031083,12.78869875,2.443799281,0.989475731,0.2935192,1.21228533103,12.5476722404,4.12852245484,5.44840305706,-1.31988060222,0.0478761697099
HA5 512-fold,1,20,37,,10.51502822,0.930555556,7.157984959,34761.28587,1,4.272189544,0.835749701,2105.885005,8.302628798,UndecidedProblem,8.302628798,636904.2012,671665.487,0.637308077,8.317172431,0,2.463460722,UndecidedProblem,2.496886433,671898.5184,12.07881382,0.177311222,0.012621788,0.789038979,669559.602,2074.124385,2105.885005,0.541856302,1,0.988186956,-8.532267697,-1.019016066,1.998851297,12.17783838,2.434359753,0.992768065,0.309499177,0.878283606316,9.23517690558,4.54109583325,4.01006378879,0.531032044465,3.39650332802
HA5 512-fold,1,20,38,,0.509624889,0.909722222,6.856426421,1102.917837,2,9.005191663,0.806854192,784.0617418,UndecidedProblem,1.994118706,8.358492876,565626.7753,566729.6931,0.590155958,9.497477812,0,2.452992078,0.82946549,2.038930153,566647.0674,10.07338082,0.177311222,0.089800825,0.655988876,565945.6314,701.3007283,784.0617418,0.063470701,3,3.858493631,-9.988746069,2.352356645,1.699087517,25.8849072,2.435386865,-4.815588894,0.268157695,1.05642035308,0.538378105175,3.04254316043,0.233772516359,2.80877064407,643.829162105
HA5 512-fold,1,20,39,,10.68304719,0.909722222,8.920840577,38353.01452,1,4.107345149,1.2195093,14251.83064,9.123009347,UndecidedProblem,9.123009347,622695.9011,661048.9157,0.381471084,5.535537881,0,2.994384215,UndecidedProblem,1.988086267,661509.6429,13.93430491,0.177311222,0.018092587,1.109976741,646797.085,14195.3701,14251.83064,0.275426084,1,0.942424382,-6.686847021,-0.924477301,1.693946639,11.23586441,2.518762868,0.999141738,0.297900157,0.624337406724,6.66982597852,4.58379950487,2.89614675576,1.68765274911,48.7138830445
HA5 1024-fold,1,20,40,,12.85828603,0.8125,10.66692884,36480.24098,1,3.561979625,0.972040318,7730.261599,10.93953592,UndecidedProblem,10.93953592,394364.1163,430844.3573,13.4514779,5.68077714,0,3.140327108,UndecidedProblem,2.303201959,430712.0371,13.00039589,3.845753861,0.046389276,0.883779265,422445.1927,8368.358681,8399.164587,0.323588006,1,0.99928209,-11.74309344,-0.80892806,1.745478896,17.3861354,2.516300019,0.999378165,0.230549961,0.784132449634,10.0825993228,4.56205769851,4.37802836422,0.184029334296,1.52766924073
HA5 1024-fold,1,20,41,,11.186771,0.902777778,8.838365817,43993.25077,1,3.911686418,1.13642849,10640.57535,UndecidedProblem,UndecidedProblem,UndecidedProblem,618102.8033,662096.0541,0.773630242,5.832921481,0,2.595527276,UndecidedProblem,2.112964153,662322.5799,13.54958488,2.178148639,0.026300406,1.069583972,650480.5872,11704.29274,11615.46689,0.353998302,1,0.9834148,-6.653747901,-0.959779927,1.764002921,11.02392092,2.552479936,0.998801627,0.308437062,0.647915468202,7.24808197014,4.64338605425,3.14723489802,1.49615115624,31.3437645452
HA5 1024-fold,1,20,42,,11.186771,0.923611111,8.334888334,10873.90929,1,5.48751069,0.797412194,928.5568733,8.765218295,UndecidedProblem,8.765218295,476981.3878,487855.2971,0.71494563,9.037247301,0,2.334225007,UndecidedProblem,4.32203923,488169.8264,9.764119896,0.177311222,0.018786568,0.710183553,486926.7402,925.1049328,928.5568733,0.430741803,1,0.996910398,-1.968288086,3.38275553,1.579742961,30.54956132,2.327013181,-12.43862455,0.209920973,0.975804067938,10.9160966489,4.0363857058,4.73994643894,-0.703560733143,0.19789702563
HA5 1024-fold,1,20,43,,10.35042817,0.819444444,9.398411361,5842.461191,2,6.664486366,0.654803269,2083.176369,UndecidedProblem,1.867080123,UndecidedProblem,586818.2505,592660.7117,0.855487986,7.856329522,0,3.125569367,0.884541896,2.146392482,592670.9852,11.24055055,6.346647194,0.069703758,0.573923914,590103.2138,2546.353432,2557.497963,0.124184185,2,0,55.81197084,-0.802193096,2.062249716,5.245672172,2.423382315,0.997971393,0.292711991,1.2074771291,12.4979052917,3.76659583624,5.42679343973,-1.66019760349,0.0218676642136
HA5 2048-fold,1,20,44,,11.35425711,0.819444444,8.158790254,11466.30456,4,5.28227597,1.144816121,1608.725863,8.496452399,1.539337778,6.913902968,434751.5928,446217.8974,0.587191053,7.737699651,0,2.546899612,1.157085835,1.98292069,447041.3538,10.8157818,6.010929361,0.009345041,0.810870724,444127.315,2089.224116,2090.582415,0.343450662,4,0,39.32204713,-0.991416041,2.07888513,4.273664363,2.65722305,0.998887344,0.253720521,0.854636848376,9.70376651215,4.05942347302,4.21353300571,-0.154109532688,0.701278407855
HA5 2048-fold,1,20,45,,12.186565,0.909722222,7.180434637,42884.43498,2,3.918015014,1.259898236,2707.707144,UndecidedProblem,0.349732383,UndecidedProblem,605361.4003,648245.8353,0.46829221,7.811882023,0,2.789519007,1.460148876,2.460760414,650047.8633,11.73730954,1.845573139,0.005644433,1.200973122,645360.9475,2903.259786,2884.887778,0.790995429,2,0,-14.9183958,-1.474331543,2.09774152,17.34655269,2.643433504,0.994669948,0.283242759,0.577032064503,7.03203876115,4.63229969244,3.0534254282,1.57887426424,37.9205182626
HA5 2048-fold,1,20,46,,11.85419158,0.895833333,9.06801749,17981.59243,2,5.176330059,0.912021315,2170.492834,UndecidedProblem,1.818408467,UndecidedProblem,632236.0735,650217.666,0.385885638,8.22158255,0,3.02713854,1.202054522,3.037327998,652686.9681,11.16805508,4.678461722,0.006832772,0.837660734,648039.3754,2166.326562,2178.29054,0.435669388,2,0,31.76442137,-0.998696657,2.09738778,4.371799693,2.567944029,0.999664866,0.202369034,0.827303909413,9.80701903707,4.25482814974,4.25836692882,-0.00353877907603,0.991884767789
HA5 2048-fold,1,20,47,,11.51866667,1.0,6.120860515,31981.71829,1,4.867426861,1.271256284,1695.925267,UndecidedProblem,UndecidedProblem,UndecidedProblem,901580.5278,933562.2461,0.605210903,9.104529812,0,2.649102785,UndecidedProblem,3.467260128,935629.6073,11.11298884,0.177311222,0.000929531,1.208896578,931866.3209,1673.309247,1695.925267,0.865252185,1,1.016241675,-12.81201254,-1.529390888,2.235077827,15.04234746,2.692128651,0.998155192,0.318023419,0.573250030326,6.6030760179,4.50490179349,2.86716283886,1.63773895463,43.4249127598
HA5 undiluted,1,21,0,,5.510712528,0.881944444,3.297337799,43723.12069,2,4.72922784,0.730873864,5387.21877,UndecidedProblem,0.365520869,UndecidedProblem,1115990.046,1159713.166,0.426930659,7.750011657,0,2.25163697,0.912926853,2.388852402,1160884.577,12.64561479,0.177311222,0.011054086,0.695003312,1154325.948,5153.077939,5387.21877,0.361331504,2,UndecidedProblem,15.33145934,-0.894605906,1.994758516,2.025616048,2.363495831,0.997134648,0.182220663,0.997117550427,5.49482817703,4.64071115168,2.38594362876,2.25476752292,179.790824035
HA5 control,1,21,1,,3.510059417,0.951388889,1.879396531,22239.15564,1,5.759979928,0.795288995,5411.517855,UndecidedProblem,UndecidedProblem,8.041398883,1182921.727,1205160.883,0.521116408,7.608092909,0,2.444052985,UndecidedProblem,4.283798932,1205555.667,12.34847806,1.177710472,0.006473295,0.748021573,1198983.837,6241.89278,6177.04623,0.241422663,1,0.979072028,28.14655373,-0.938121411,2.030900594,1.213394739,2.392903913,0.997252037,0.155234296,0.926443868752,3.25187302583,4.34711829425,1.41201607722,2.93510221703,861.196422457
HA5 undiluted,1,21,2,,4.678461722,0.923611111,3.128002011,20605.34416,2,5.454170174,0.807111789,5340.971047,UndecidedProblem,1.615849178,8.88415963,882729.3629,903334.7071,0.498844818,7.063558646,0,2.491911983,1.029981659,2.586240655,903090.9879,12.48386135,1.510040889,0.017279287,0.673602522,896581.5684,6890.671504,6753.138676,0.191408009,2,UndecidedProblem,25.35445346,-0.868773346,1.96991816,2.064671179,2.549166865,0.998583001,0.189331891,1.02879662318,4.81318562128,4.31397987271,2.08996336139,2.22401651132,167.500655642
HA5 control,1,21,3,,3.178060528,0.986111111,2.292356022,14927.52745,1,6.295876658,0.482072276,4056.88296,UndecidedProblem,UndecidedProblem,6.073344369,1157903.918,1172831.446,0.788260921,8.175408293,0,2.331551047,UndecidedProblem,2.431859646,1172824.653,11.81901679,0.177311222,0.048908167,0.419431283,1168774.563,4041.356357,4056.88296,0.141722174,1,0.968432105,23.54167499,-0.913173299,2.10317087,1.151205151,2.257948889,0.997524243,0.220207396,1.65223727482,5.25091006601,4.17398787847,2.2800304238,1.89395745467,78.3352898439
HA5 2-fold,1,21,4,,5.010367222,0.895833333,3.127389065,18841.88151,UndecidedProblem,5.36716162,0.882766572,4270.347429,UndecidedProblem,1.566249472,9.646473687,758838.078,777679.9595,UndecidedProblem,7.254493518,0,UndecidedProblem,1.288772268,3.053175232,777520.898,12.21814194,2.178148639,0.025391902,0.752346679,772586.8765,5060.462216,5093.083017,0.247709193,2,0,24.35841774,-0.852518147,1.988284192,2.24188937,2.393156298,0.999121615,0.229133934,0.921117909261,4.61513898016,4.27512426834,2.0039682936,2.27115597474,186.705011236
HA5 control,1,21,5,,3.178060528,0.986111111,1.939363584,19475.4289,1,5.922665668,0.804604453,6656.693654,UndecidedProblem,UndecidedProblem,7.804215375,1161897.599,1181373.028,0.801673003,7.471443088,0,2.605414713,UndecidedProblem,3.506742877,1181742.062,12.67751653,0.177311222,0.016190694,0.681197707,1174716.335,6626.074861,6656.693654,0.186535548,1,0.891739975,39.68980384,-0.942887538,2.001235009,1.216964432,2.323352451,0.998791794,0.182304607,1.01732579672,3.23312295868,4.28948703075,1.40387449357,2.88561253719,768.44455419
HA5 2-fold,1,21,6,,5.010367222,0.868055556,3.080601151,19330.47349,2,5.299594636,0.863590285,3812.266925,UndecidedProblem,1.853553545,9.279372397,742010.9193,761341.3928,0.388149679,7.184079838,0,2.544514107,0.815533981,2.0163086,761167.9967,12.08482227,1.345317167,0.01100832,0.720174452,756105.9198,5391.33165,5235.472946,0.237186277,2,UndecidedProblem,0.77120652,-0.862926925,2.00567894,2.560950744,2.443641486,0.99914015,0.250552693,0.962266848089,4.82131027448,4.28624249198,2.09349121775,2.19275127423,155.865958371
HA5 control,1,21,7,,3.178060528,0.9375,2.147566889,16209.51609,1,6.2532471,0.600455237,4874.510847,UndecidedProblem,UndecidedProblem,6.828494409,1220264.508,1236474.024,0.470252387,7.835074591,0,2.37307505,UndecidedProblem,2.268121074,1236726.951,12.1835179,1.177710472,0.02154703,0.522933603,1231059.098,5439.318779,5414.926014,0.148255411,1,0.949426229,31.40387028,-0.923324247,2.072727626,1.192649362,2.253059696,0.998072518,0.24335431,1.32521604277,4.21161679661,4.20977004985,1.82875240843,2.38101764143,240.446046934
HA5 4-fold,1,21,8,,7.179124361,0.833333333,4.257484971,75137.27245,1,3.338301581,1.036243236,10735.83078,UndecidedProblem,UndecidedProblem,10.60034034,684811.5322,759948.8046,1.099733209,6.097732157,0,3.033117099,UndecidedProblem,3.215831512,759865.0205,13.48275908,0.845140528,0.003828448,0.915229013,748852.3549,11210.38818,11096.44977,0.431490456,1,1.030204575,17.45768843,-0.798898998,1.798363774,2.911267908,2.483843533,0.999449372,0.244985809,0.757187534657,5.4359434759,4.87585542574,2.36037493526,2.51548049048,327.703055288
HA5 control,1,21,9,,3.345551667,0.895833333,1.507832579,21078.89255,1,5.90596187,0.744016066,3803.025447,UndecidedProblem,UndecidedProblem,7.705042755,1242840.758,1263919.65,0.784408368,8.290014778,0,2.491777019,UndecidedProblem,4.137340864,1264231.022,11.81893137,0.677804139,0.012129362,0.667149632,1259881.557,4077.635259,4038.09334,0.27630777,1,0.921983615,21.65070126,-0.980473762,2.124480958,0.913650836,2.297377584,0.998925181,0.190637502,1.03874748146,3.47518336821,4.32384779003,1.50898105437,2.81486673566,652.930168666
HA5 4-fold,1,21,10,,5.510712528,0.840277778,4.22852568,16699.61207,3,5.460040654,0.769405897,5357.348978,4.276656598,1.468739134,4.276656598,718393.5736,735093.1857,0.550514001,7.060913315,0,2.410934099,0.891003763,2.171370882,735102.7171,12.46489574,0.677804139,0.030649045,0.661490478,729587.6993,5537.857014,5505.486375,0.187195792,3,UndecidedProblem,17.19993663,-0.773761943,1.94517731,2.847050296,2.453787618,0.999418188,0.250067279,1.04763412785,5.7732105131,4.22270638266,2.50682175992,1.71588462273,51.9857869641
HA5 control,1,21,11,,3.345551667,0.916666667,2.093277193,24563.73187,1,5.699070779,0.825743193,8632.730278,UndecidedProblem,UndecidedProblem,8.014890271,1251538.887,1276102.619,0.755244706,7.156492389,0,2.620700837,UndecidedProblem,3.553885806,1277801.174,13.05073099,0.677804139,0.027393762,0.713651098,1267157.899,9032.722807,8944.719526,0.184032119,1,0.915617782,46.90642831,-0.97313144,1.968838034,1.219500647,2.399560288,0.998530745,0.192708557,0.971062753133,3.2487406125,4.39029434811,1.41065593248,2.97963841563,954.197810366
HA5 8-fold,1,21,12,,6.010929361,0.826388889,4.456218893,16599.35494,3,5.491843688,0.782053363,4135.417355,UndecidedProblem,1.536638269,10.3338625,730366.7463,746966.1012,0.493471446,7.496866025,0,2.298256282,0.852335318,2.376814941,746710.3235,12.1892538,0.177311222,0.018398867,0.676082784,742830.6839,4107.703403,4135.417355,0.236918549,3,UndecidedProblem,15.9580965,-0.772753323,1.988178729,3.051393929,2.420505236,0.999255103,0.231116778,1.02502240317,6.16133725892,4.22009121145,2.67535269601,1.54473851543,35.0540753157
HA5 control,1,21,13,,4.178394028,0.881944444,2.116328553,50137.16807,1,4.666452302,0.797100882,8375.289107,UndecidedProblem,UndecidedProblem,7.88500543,1223078.329,1273215.497,0.743613766,7.248121915,0,2.661576269,UndecidedProblem,3.032069404,1272861.814,13.08750863,0.177311222,0.02765877,0.756599983,1264840.208,8373.189312,8375.289107,0.337123817,1,0.904932049,40.71886654,-0.979592662,1.966745418,1.186036623,2.408545666,0.998464301,0.2014761,0.915939750953,3.82715718539,4.70015979978,1.66181380173,3.03834599805,1092.31022246
HA5 8-fold,1,21,14,,6.179220528,0.861111111,4.975582524,14820.0619,4,5.521521423,0.62325361,3880.822499,UndecidedProblem,1.390512434,12.58021011,665939.2452,680759.3071,0.556848963,7.453661389,0,2.275381715,0.81701026,2.022757677,680491.3302,12.00872278,3.510059417,0.018840996,0.580854161,676875.8552,3853.271894,3883.451915,0.197812543,4,UndecidedProblem,18.24919111,-0.734150089,1.993083168,3.268370156,2.437247967,0.99911182,0.251022072,1.19307056148,7.37224610483,4.1708500176,3.20114898169,0.969701035908,9.32612078701
HA5 control,1,21,15,,3.510059417,0.930555556,1.751158274,26287.63252,1,5.667764914,0.752937423,5260.095171,UndecidedProblem,UndecidedProblem,7.680027083,1310057.766,1336345.398,0.72264644,7.988988324,0,2.759314212,UndecidedProblem,3.604322048,1338095.182,12.42734548,0.177311222,0.016770379,0.677163609,1331085.303,5184.251441,5260.095171,0.27317754,1,0.853167115,20.19761094,-0.992823499,2.060975473,0.997755158,2.354156147,0.99859665,0.201846218,1.02338635861,3.59214692528,4.41975147505,1.5597685303,2.85998294475,724.407511182
HA5 16-fold,1,21,16,,8.011009639,0.798611111,5.676988868,45444.20796,2,3.987807334,0.849085243,6995.941636,UndecidedProblem,0.923448576,11.31455446,675544.0021,720988.2101,0.714146825,6.470606755,0,2.368850464,1.093936516,2.530473508,720511.2347,12.89981457,2.678047194,0.021031222,0.703378111,712858.3805,8129.763595,8129.829537,0.302431033,2,UndecidedProblem,13.18441262,-0.707343091,1.877095877,3.821571394,2.487617959,0.999479492,0.247362794,0.985245331298,7.89280984581,4.65747853857,3.42718621181,1.23029232676,16.9938713736
HA5 control,1,21,17,,4.678461722,0.902777778,2.448467443,73661.11507,1,4.116658699,0.755598743,9470.867188,UndecidedProblem,UndecidedProblem,7.709580231,1204177.592,1277838.707,0.81017343,7.075993501,0,2.540055023,UndecidedProblem,3.406547838,1276068.131,13.19332723,0.177311222,0.009562394,0.709658235,1268367.84,9422.683726,9470.867188,0.361440442,1,0.939215851,33.23236194,-0.906800694,1.952017725,1.467164214,2.38565994,0.997698401,0.210600797,0.97652639795,4.56864137333,4.86723828885,1.98377827761,2.88346001124,764.645278555
HA5 16-fold,1,21,18,,7.179124361,0.854166667,5.136610177,17186.45489,1,5.242895874,0.736949314,2458.194411,UndecidedProblem,UndecidedProblem,10.98498194,633625.0545,650811.5094,0.652456139,7.870791225,0,2.383633506,UndecidedProblem,3.313531023,650565.5473,11.40309019,2.678047194,0.023740491,0.612365642,648031.0858,2751.575595,2780.423665,0.27944484,1,0.948939115,11.70544716,-0.742145108,2.063421671,3.457301725,2.261923071,0.999710391,0.247913373,1.13167681605,8.12444859892,4.23518630249,3.52776752016,0.707418782332,5.09822246499
HA5 control,1,21,19,,3.678288528,0.875,1.830850109,31560.29978,2,5.404401167,0.772101458,6080.093897,UndecidedProblem,0.998445114,7.860802268,1305121.33,1336681.63,0.77271462,7.705646586,0,2.558687244,0.998452317,3.345775933,1340547.977,12.5181899,0.677804139,0.020667365,0.728384358,1330278.428,6519.959696,6403.202273,0.290669938,2,UndecidedProblem,39.46683691,-0.979748199,2.051421232,1.06618867,2.528509809,0.998457625,0.230267245,0.951420760741,3.49960006953,4.49914111976,1.5195831826,2.97955793716,954.02100576
HA5 32-fold,1,21,20,,7.510941583,0.895833333,5.642974367,26632.51229,3,4.624388596,0.996316323,6499.996962,UndecidedProblem,1.515557191,11.66310767,630256.2241,656888.7364,0.714250835,6.659066174,0,2.542910081,0.898733504,1.632383858,656599.3396,12.99243944,0.177311222,0.025325814,0.728322008,650388.7394,6433.609546,6499.996962,0.258098461,3,UndecidedProblem,-7.591973973,-0.832121935,1.848664057,11.11277458,2.495893034,0.998812629,0.236566073,0.95150220972,7.14667751331,4.42541213611,3.10320343609,1.32220870002,20.9994877064
HA5 control,1,21,21,,3.178060528,0.916666667,1.954981183,22491.24363,1,5.909758284,0.824577458,7995.081294,UndecidedProblem,UndecidedProblem,8.013424506,1329668.433,1352159.677,0.811719826,7.401937112,0,2.673013323,UndecidedProblem,3.564293923,1355234.693,12.90633917,0.177311222,0.013070946,0.699405316,1344164.596,7992.525025,7995.081294,0.184626795,1,0.863419181,41.57907495,-0.978843042,1.999098641,1.154862417,2.307930976,0.998463945,0.197048079,0.990841768209,3.14895511304,4.35201346996,1.36732744813,2.98468602184,965.352713857
HA5 32-fold,1,21,22,,7.346503806,0.868055556,5.596533663,15687.69215,2,5.368258296,0.723968736,2861.850699,UndecidedProblem,2.112047627,12.62065012,632298.6166,647986.3088,0.669252713,7.359357153,0,2.402397018,1.081336581,3.297779968,647797.6212,11.82883789,3.678288528,0.054929528,0.616770323,644040.1135,3928.007837,3946.195327,0.215542323,2,0,31.80408872,-0.726553549,2.004799795,3.809905306,2.604884777,0.997549668,0.232384045,1.1235949172,8.25449433558,4.19555905829,3.58423549092,0.611323567378,4.08623714543
HA5 control,1,21,23,,3.510059417,0.875,1.959309252,25981.68353,1,5.753113614,0.719692295,5847.293038,UndecidedProblem,UndecidedProblem,7.637622368,1375305.193,1401286.877,0.703441642,7.904767731,0,2.655344995,UndecidedProblem,3.163307677,1403245.89,12.52019591,0.177311222,0.01889213,0.640131764,1395439.583,5761.043325,5847.293038,0.240569991,1,0.862205882,38.42083676,-0.995639121,2.058895747,1.03099489,2.289454072,0.998138131,0.198343748,1.0825896151,3.79995387322,4.41466728854,1.65000168181,2.76466560673,581.655188867
HA5 64-fold,1,21,24,,8.179155333,0.763888889,6.395544106,11546.5334,1,5.769697853,0.628345487,1613.766452,6.756605055,UndecidedProblem,6.756605055,618400.0658,629946.5992,0.569287221,7.981464727,0,2.31606217,UndecidedProblem,2.985174549,629382.8089,11.04264778,2.178148639,0.036994195,0.571281812,627454.0517,2519.305931,2492.547502,0.221492225,1,0.985980713,14.95861751,-0.780967421,2.104139923,3.911481041,2.283592631,0.998749531,0.326586682,1.21306154938,9.92181884091,4.06245161616,4.30821486796,-0.245763251801,0.567854076974
HA5 control,1,21,25,,2.345529417,0.881944444,1.431251617,7491.385651,1,7.539397369,0.72017915,3052.28963,UndecidedProblem,UndecidedProblem,7.800112318,1386136.771,1393628.156,1.032962343,8.669990007,0,2.57116385,UndecidedProblem,3.578649324,1394537.788,11.45870137,0.845140528,0.047676877,0.620228428,1390206.63,3499.237832,3421.526106,0.127075891,1,0.87394113,29.74539204,-1.066812908,2.182974426,0.709261886,2.24704584,0.998141913,0.231261485,1.11733027497,2.62073102844,3.87456215481,1.1379639724,2.7365981824,545.253148956
HA5 64-fold,1,21,26,,7.846507194,0.881944444,6.127752653,11174.91126,1,5.796125432,0.730554897,2209.684689,UndecidedProblem,UndecidedProblem,12.02052538,609768.0333,620942.9445,0.511789197,8.079370273,0,2.384694343,UndecidedProblem,3.283692485,620707.3635,11.39453721,4.678461722,0.020985511,0.654473233,618647.2246,2258.122793,2295.719899,0.260180951,1,0.967397394,13.67209731,-0.758692585,2.054448683,3.960926735,2.306947094,0.998253828,0.287317591,1.05886683375,8.3084062285,4.04824408308,3.60764491033,0.440599172751,2.75803118706
HA5 control,1,21,27,,3.678288528,0.9375,1.808517882,23296.53565,1,5.94764277,0.722405092,3881.368577,UndecidedProblem,UndecidedProblem,7.907254374,1414542.336,1437838.872,0.700832016,8.533120859,0,2.726133006,UndecidedProblem,3.555089882,1441074.861,11.9397214,0.177311222,0.014205472,0.663985884,1433957.504,3801.245051,3881.368577,0.297464473,1,0.850102838,38.48646241,-1.071670938,2.130066906,0.856745388,2.317493406,0.997825206,0.197630822,1.04369688679,3.83901828537,4.36729134335,1.66696408396,2.70032725938,501.565041874
HA5 128-fold,1,21,28,,8.511040639,0.847222222,6.582831101,13442.0866,1,5.612697204,0.657317828,1760.253486,8.140116112,UndecidedProblem,8.140116112,644301.9267,657744.0133,0.620402408,7.963015916,0,2.363459987,UndecidedProblem,2.367368938,656587.8075,11.16071283,3.00994825,0.043130433,0.552308936,655107.9838,2590.608885,2636.029445,0.22728594,1,0.976206391,-6.204109286,-0.869428376,2.102212484,9.870733158,2.307224744,0.998566891,0.347250804,1.25473255062,10.6790797294,4.128466689,4.63702984344,-0.508563154444,0.310053648044
HA5 control,1,21,29,,3.510059417,0.895833333,1.815434165,24538.68493,1,5.917585042,0.713481907,4713.019256,UndecidedProblem,UndecidedProblem,7.70382075,1458737.022,1483275.707,0.707779721,8.297919496,0,2.592640827,UndecidedProblem,3.401036699,1486928.625,12.15389719,0.177311222,0.016993092,0.64706632,1478562.688,4648.066981,4713.019256,0.267877714,1,0.881298371,45.51414351,-1.034679614,2.109769143,0.896721997,2.284890137,0.997807397,0.198048736,1.07098759212,3.75923008322,4.38985128443,1.63231875085,2.75753253358,572.179815799
HA5 128-fold,1,21,30,,9.011071639,0.819444444,7.674804608,16625.64061,2,5.267494469,0.669381689,4130.943446,7.822227697,0.612420499,6.464619357,623775.6897,640401.3303,0.193988183,6.821794151,0,2.99599168,1.126686519,1.864770673,639858.0599,12.1922506,1.845573139,0.028500326,0.641301011,634740.4032,5736.413919,5660.927095,0.176768802,2,0,14.45460919,-0.85183348,1.95704936,4.094899496,2.425188367,0.998861242,0.303465331,1.08061579214,9.73750631718,4.22077838829,4.22818337698,-0.00740498868563,0.983093922542
HA5 control,1,21,31,,3.678288528,0.875,1.433764556,28843.63281,1,5.708669166,0.698661752,3142.41337,UndecidedProblem,UndecidedProblem,7.646970845,1479605.301,1508448.934,0.876681049,8.809188221,0,2.60888179,UndecidedProblem,4.161451094,1510076.078,11.50520762,0.677804139,0.017881551,0.632400729,1505086.136,3435.987302,3362.797535,0.338377673,1,0.877136297,33.88540562,-1.065135769,2.189497995,0.659241774,2.288344913,0.998052532,0.205956449,1.09582416373,4.03075745016,4.4600499582,1.7502203431,2.7098296151,512.660214733
HA5 256-fold,1,21,32,,10.51502822,0.854166667,6.6046348,48938.40695,1,3.74771199,1.055159342,3713.190939,UndecidedProblem,UndecidedProblem,14.63142744,608452.2876,657390.6946,0.408379001,7.467947722,0,2.413730931,UndecidedProblem,3.723085184,657003.581,12.13202422,0.177311222,0.033629106,0.991854547,653677.5036,3650.837467,3713.190939,0.625657257,1,1.014344887,-6.791702989,-0.949893632,1.982718826,10.51261309,2.448355628,0.999106353,0.251394641,0.698691155972,7.34675722212,4.68964982803,3.19008129488,1.49956853315,31.5913753174
HA5 control,1,21,33,,3.00994825,0.916666667,1.979554971,15070.18958,1,6.674980538,0.67506199,5288.560024,UndecidedProblem,UndecidedProblem,7.48948981,1524814.064,1539884.253,0.956113174,8.185731241,0,2.714040869,UndecidedProblem,2.836441111,1542652.292,12.26905152,0.177311222,0.03782047,0.57816962,1534595.693,5260.580495,5288.560024,0.156036741,1,0.828101805,51.70758814,-1.053717005,2.101732085,0.8975454,2.247502142,0.997027436,0.231034732,1.19861019332,3.60775465382,4.17811871569,1.56654565949,2.61157305619,408.858523731
HA5 256-fold,1,21,34,,9.179088833,0.798611111,7.779429209,6921.266112,2,6.202166465,0.706532011,1756.4809,UndecidedProblem,1.991008859,14.09446486,502672.0131,509593.2792,0.645966763,7.854335437,0,2.403685135,0.838928458,2.052678411,509594.3194,10.95327277,6.179220528,0.023528405,0.656891417,507391.199,2208.994846,2202.080185,0.191610435,2,0,29.7485802,-0.768620953,2.072352964,4.651970495,2.401089931,0.998599686,0.273823776,1.05496887623,9.683653031,3.84018554751,4.20479940556,-0.364613858043,0.431902921721
HA5 control,1,21,35,,3.845753861,0.888888889,2.027748535,28308.54988,2,5.785166857,0.645060998,4049.762656,UndecidedProblem,1.362466751,7.574432999,1532775.825,1561084.375,0.322911481,8.347749422,0,2.310463317,0.846206122,2.933390371,1564821.382,11.90737827,1.009694444,0.008947899,0.59294071,1556292.523,4894.259268,4791.852095,0.264394975,2,UndecidedProblem,24.50095076,-1.002676516,2.142505408,1.020922009,2.458825539,0.996402543,0.213410615,1.16875091946,4.49472836108,4.45191762298,1.95168404736,2.50023357561,316.397887822
HA5 512-fold,1,21,36,,3.00994825,0.847222222,6.522089747,1637.420959,2,8.516473368,0.814500212,1170.726102,UndecidedProblem,1.249020719,9.643926987,597980.0607,599617.4817,0.667756876,8.146280906,0,2.543947686,0.777049276,2.527370946,599542.1545,10.98629579,2.510107167,0.041857856,0.670481087,597501.0737,2196.243309,2116.407931,UndecidedProblem,4,UndecidedProblem,-10.76703846,-1.205659203,2.14000781,13.48509756,2.471641392,0.987044563,0.28864674,1.03358620166,3.11104097892,3.21416034506,1.35086451538,1.86329582968,72.9954566295
HA5 control,1,21,37,,3.00994825,0.881944444,1.004246321,8530.046816,2,7.574096666,0.617128042,1085.987196,UndecidedProblem,2.600310791,7.451471544,1616950.219,1625480.266,0.144119194,10.0666361,0,2.473576685,0.586963788,2.717171142,1625798.151,10.05704384,1.009694444,0.077981911,0.442523025,1623964.534,1584.90322,1515.731518,0.194579472,2,0,22.70536165,-0.972834022,2.339015101,0.758846974,2.227767038,0.996023807,0.197024762,1.56602020878,4.71363978688,3.93095141474,2.0467389435,1.88421247124,76.5971253759
HA5 512-fold,1,21,38,,10.35042817,0.888888889,8.173666299,10511.398,1,5.525717615,0.667742839,1097.010476,UndecidedProblem,UndecidedProblem,13.98487057,473735.9268,484247.3248,0.621659421,8.786022965,0,2.363031617,UndecidedProblem,3.099409805,484356.3619,10.12829344,0.177311222,0.006275258,0.630076324,483150.3143,946.2706275,1097.010476,0.353886158,1,0.974287129,-4.139757371,3.14347727,1.608547275,23.10602577,2.30227129,-11.58040643,0.253251398,1.09986675202,11.3840918133,4.02166048038,4.94315753943,-0.921497059055,0.119812723661
HA5 control,1,21,39,,3.345551667,0.930555556,1.251097397,15117.69533,1,6.771234395,0.659996133,2058.045185,UndecidedProblem,UndecidedProblem,7.652792844,1636198.534,1651316.229,0.506498155,9.648126052,0,2.390433536,UndecidedProblem,1.818662352,1653583.717,11.09816547,0.177311222,0.078112859,0.39584309,1649258.184,1976.221506,2058.045185,0.200579682,1,0.934454157,25.00455254,-1.038373382,2.240735555,0.772468286,2.233750556,0.994596957,0.19182397,1.75069369027,5.85703619389,4.17948558867,2.54322023182,1.63626535684,43.2778180642
HA5 1024-fold,1,21,40,,11.85419158,0.826388889,5.917016058,51750.87775,3,3.460014771,1.411142165,2696.559853,UndecidedProblem,1.144501424,16.9041458,517738.9246,569489.8024,0.430490625,7.157380082,0,2.70934689,1.414555589,1.47818663,569162.9733,11.68921776,3.510059417,0.004935819,1.173695457,565500.4733,4036.39805,3989.329024,0.734628375,3,UndecidedProblem,-9.122421488,-1.240519371,2.043970788,12.02884902,2.480785211,0.998081224,0.342910586,0.590442772754,6.99922174525,4.71391772029,3.03917574696,1.67474197333,47.2870229866
HA5 control,1,21,41,,5.178466667,0.965277778,2.835279464,123154.6065,1,3.91029455,0.966516407,22811.18957,2.812026815,UndecidedProblem,2.812026815,1728528.278,1851682.885,0.696021173,6.335137072,0,2.546289055,UndecidedProblem,2.822926108,1855358.028,14.34251146,0.845140528,0.007664982,0.931448976,1828747.801,22959.70703,22935.08357,0.38754087,1,1.010394713,29.27502479,-1.188556007,1.840847912,1.107433861,3.02783445,0.994967628,0.38824614,0.744002106241,3.85279010735,5.09045066092,1.67294403272,3.4175066282,2615.21036117
HA5 1024-fold,1,21,42,,10.68304719,0.895833333,8.343574752,5809.61688,1,5.858651191,0.716484645,605.8735578,UndecidedProblem,UndecidedProblem,UndecidedProblem,331304.7303,337114.3471,0.588379374,9.120005569,0,2.323755461,UndecidedProblem,3.798162348,337118.2708,9.242844568,0.177311222,0.012399983,0.66053894,336508.4736,602.7290278,605.8735578,0.37035493,1,0.999358355,0.125057667,4.28188339,1.55063322,33.97099643,2.322264435,-29.75281084,0.270189759,1.04914329502,11.2080473298,3.76414749343,4.86671616577,-1.10256867234,0.0789643977934
HA5 control,1,21,43,,2.845433861,0.958333333,1.636581169,12076.89634,1,7.191459307,0.746974447,3884.421124,UndecidedProblem,UndecidedProblem,8.319504869,1753149.051,1765225.947,0.89561779,8.827937527,0,2.680941782,UndecidedProblem,3.785601076,1766949.34,11.78142176,0.177311222,0.021638557,0.61819986,1761341.526,3862.804511,3884.421124,0.179267718,1,0.841104347,31.54168035,-1.158443919,2.173460723,0.621388692,2.254951788,0.996593616,0.186988192,1.12099669515,3.18972195444,4.08195533862,1.3850290727,2.69692626592,497.652586849
HA5 2048-fold,1,21,44,,11.85419158,0.854166667,6.556919236,48735.91823,UndecidedProblem,3.598212684,1.330870074,3067.812228,5.252301355,1.446567791,5.187102879,541491.1214,590227.0396,UndecidedProblem,7.263075691,0,UndecidedProblem,1.96542298,1.472787628,590101.4765,11.83922791,4.178394028,0.002922039,1.167588801,586384.5256,3794.575296,3842.513995,0.724499861,4,UndecidedProblem,35.09576905,-1.452630002,2.048388378,2.275255546,2.598932786,0.99840152,0.401791207,0.593530872689,7.03582867351,4.68784915299,3.05507106969,1.6327780833,42.9316997408
HA5 control,1,21,45,,4.678461722,0.965277778,2.076745613,65570.13112,2,4.790869099,0.793826255,6640.005187,UndecidedProblem,1.697810885,UndecidedProblem,1749533.211,1815103.342,0.660874405,8.078665773,0,2.618320992,0.877444004,2.040514221,1816970.702,12.57956728,0.677804139,0.008771517,0.744068957,1808389.353,6742.877394,6713.989128,0.418454553,2,0,49.41410934,-1.166144765,2.079508954,0.793069809,2.525137908,0.996466918,0.166394141,0.931365290112,4.35735685899,4.81670605212,1.89203511029,2.92467094184,840.757871107
HA5 2048-fold,1,21,46,,12.35397717,0.875,9.150394175,15557.41239,2,5.194495738,0.78508327,888.7307825,UndecidedProblem,1.924263821,UndecidedProblem,554129.698,569687.1104,0.504645792,9.32420759,0,2.36855924,1.216607114,2.419304336,571797.2733,10.09094936,0.177311222,0.044883137,0.568542868,568798.3796,880.0757709,888.7307825,0.402246147,2,0,14.13235734,-0.988212438,2.197310746,4.415924981,2.601283907,0.999205402,0.265570789,1.21890544936,15.0583300938,4.19193736398,6.53857146929,-2.34663410532,0.00450158955735
HA5 control,1,21,47,,2.845433861,0.805555556,1.587084484,14729.20911,4,6.388409015,0.769260693,4408.721277,UndecidedProblem,1.642720573,9.795710942,1219177.046,1233906.255,0.833374698,8.128656805,0,2.651457313,0.658727421,1.689364598,1236011.825,12.03160551,0.177311222,0.036933698,0.605153294,1229497.534,4367.338075,4408.721277,0.186215862,4,UndecidedProblem,43.24094723,-1.05393201,2.119935124,0.812387335,2.379189338,0.998120118,0.24960046,1.14516438541,3.25848951865,4.16817942788,1.41488906585,2.75329036203,566.617993742
HA5 undiluted,1,22,0,,5.678955056,1.0,2.68502955,57720.93032,3,4.467656271,0.83380607,4868.394334,UndecidedProblem,1.650931763,10.24390277,1219399.552,1277120.482,0.710425568,8.035232889,0,2.686373523,1.062864264,2.329746621,1278234.364,12.64226576,0.177311222,0.014416543,0.741211609,1272252.088,4277.634392,4868.394334,0.451056342,3,UndecidedProblem,16.70659644,-1.059185129,2.01895249,1.489829452,2.603997159,0.997663778,0.225158036,0.934955674716,5.30957125606,4.76133332224,2.30550206516,2.45583125708,285.648045673
HA5 undiluted,1,22,1,,4.345784972,0.986111111,3.166489824,21227.35167,1,5.613528468,0.909242543,8708.665153,UndecidedProblem,UndecidedProblem,9.296641914,1018061.491,1039288.843,0.65854602,6.898929351,0,2.582334379,UndecidedProblem,3.079818302,1039584.918,13.14251935,0.177311222,0.026283656,0.767846742,1030580.178,8563.234864,8708.665153,0.175123894,1,0.915000095,23.99899154,-0.924369918,1.899309926,1.965689454,2.362836203,0.997621754,0.173658997,0.902523852865,3.92217459665,4.32689581485,1.70307190476,2.62382391009,420.556074307
HA5 undiluted,1,22,2,,4.510389417,0.895833333,2.896419249,21861.11029,1,5.421155996,0.891965732,6241.32386,UndecidedProblem,UndecidedProblem,9.166343188,914843.7665,936704.8767,0.326427217,6.832605358,0,2.504287581,UndecidedProblem,3.464120169,936556.6561,12.71418038,2.010097222,0.013386061,0.795072965,928486.5459,8267.467101,8218.330831,0.197798074,1,0.957620166,26.4376492,-0.875594971,1.945636802,2.015286649,2.398156289,0.998323084,0.174951833,0.871618116206,3.931337127,4.33967221528,1.70705042423,2.63262179105,429.162524237
HA5 undiluted,1,22,3,,4.345784972,0.972222222,2.857320356,19158.78642,3,5.539000484,0.786597775,5025.141383,UndecidedProblem,1.502339597,8.622727749,871627.0183,890785.8048,0.554287053,7.46977057,0,2.396324094,0.871305085,2.127804099,890791.4636,12.37473322,0.177311222,0.030136247,0.638811536,885760.6634,4939.862871,5025.141383,0.216438798,3,UndecidedProblem,23.82950625,-0.880573264,1.988191187,1.909569148,2.459926386,0.999014051,0.192169621,1.08482699661,4.7144248591,4.28236799599,2.04707983461,2.23528816138,171.904862527
HA5 2-fold,1,22,4,,6.511028222,0.881944444,3.356528487,62130.23679,1,3.668109171,0.940745442,6111.392958,UndecidedProblem,UndecidedProblem,9.837596189,727663.884,789794.1208,0.407200284,6.99187054,0,2.389898811,UndecidedProblem,3.66723336,789554.2593,12.62687952,2.510107167,0.007436531,0.83767435,783588.9872,6163.891312,6205.133624,0.474093841,1,1.023819919,37.17520039,-0.857576101,1.93420616,2.304219193,2.446826007,0.999447803,0.213014124,0.82729046198,5.38651154574,4.79330300879,2.33891078842,2.45439222037,284.703115973
HA5 2-fold,1,22,5,,6.179220528,0.854166667,3.69252758,48990.92697,1,4.054154163,0.871999966,6810.28421,UndecidedProblem,UndecidedProblem,9.732562151,764846.5163,813837.4433,0.404137434,6.900881841,0,2.375639652,UndecidedProblem,2.562449825,813725.27,12.87191056,0.177311222,0.006936061,0.805007737,807027.1591,6691.587104,6810.28421,0.392978414,1,1.015053991,23.18034214,-0.837493105,1.904239827,2.419249778,3.131540387,0.999322867,2.157888192,0.860861291324,5.31945176311,4.69011565693,2.30979234178,2.38032331516,240.061942066
HA5 2-fold,1,22,6,,6.511028222,0.868055556,3.265318526,62380.27654,UndecidedProblem,3.687530871,0.882584781,4881.968817,UndecidedProblem,1.592644244,12.9137927,741339.5794,803719.856,UndecidedProblem,7.363085834,0,UndecidedProblem,1.419756683,2.970617854,803065.3566,12.39467383,0.177311222,0.010027759,0.777328056,798837.8871,4709.67574,4881.968817,0.486095426,2,UndecidedProblem,15.17319659,-0.854779888,1.973513889,2.273912972,2.414110056,0.999288022,0.230048835,0.891515486481,5.80468249283,4.79504729571,2.52048740461,2.2745598911,188.174118861
HA5 2-fold,1,22,7,,6.179220528,0.840277778,3.605248628,51649.83796,1,4.096134538,0.85711457,6413.331918,UndecidedProblem,UndecidedProblem,9.68521663,831691.034,883340.872,0.512339471,7.105752381,0,2.459530416,UndecidedProblem,2.773844273,881779.297,12.92166651,0.177311222,0.013340923,0.809335765,876927.54,6266.801505,6413.331918,0.416716276,1,0.978258476,0.974701628,-0.86742622,1.919450582,2.687446419,2.406056476,0.998996815,0.254008803,0.856257723888,5.29100530471,4.71306896335,2.29744042758,2.41562853578,260.392538699
HA5 4-fold,1,22,8,,5.178466667,0.861111111,3.801812442,19412.82185,3,5.348230899,1.131814891,8923.335319,UndecidedProblem,1.125480823,11.11988224,771387.0557,790799.8775,0.636774932,6.469226586,0,2.589123619,0.818028373,1.207120193,790800.2875,13.15891204,2.510107167,0.015203647,0.780262298,781874.3202,8874.541139,8925.557298,0.156238593,3,UndecidedProblem,19.94865501,-0.847293894,1.857783439,2.674617733,2.448453275,0.999322048,0.241586763,0.888162867508,4.59932180426,4.28808866907,1.99710021896,2.29098845012,195.428748161
HA5 4-fold,1,22,9,,6.846513861,0.833333333,4.150235328,55047.932,UndecidedProblem,3.931471369,0.850867919,6099.741857,UndecidedProblem,1.865351902,10.17091085,784860.2605,839908.1925,UndecidedProblem,6.695317901,0,UndecidedProblem,1.848473437,2.376572519,839635.0603,12.79791689,1.845573139,0.019241206,0.764353609,831803.4299,8192.894802,8104.762606,0.363488906,2,0,-10.40909005,-0.89473518,1.929591258,12.91105469,2.394928425,0.998410305,0.250870231,0.90664843057,6.20738104695,4.74074100836,2.69534565651,2.04539535185,111.018499151
HA5 4-fold,1,22,10,,5.346070972,0.833333333,3.588335004,13335.997,3,5.860320074,0.697024836,2317.546073,UndecidedProblem,1.678200485,9.428272028,761406.9218,774742.9188,0.518187798,7.97782879,0,2.681405675,0.89330486,2.338074124,774535.0537,11.36708554,1.677970417,0.020666472,0.544576005,771669.7115,3086.668978,3073.207253,0.202984815,3,UndecidedProblem,1.079815302,-0.847636374,2.102787238,2.659741276,2.42368016,0.999211031,0.251940405,1.27254964162,6.80314069952,4.12502548912,2.95403417261,1.17099131651,14.8248844329
HA5 4-fold,1,22,11,,6.846513861,0.840277778,3.646533873,55769.78126,1,3.949912471,0.8802348,4520.348441,UndecidedProblem,UndecidedProblem,UndecidedProblem,806098.8516,861868.6328,0.540837899,7.245909164,0,2.474341627,UndecidedProblem,3.770956121,861420.1149,12.31680558,2.010097222,0.017131455,0.802088318,856190.5062,5658.521657,5678.126594,0.45094951,1,0.978648076,11.6103496,-0.889403064,2.001211654,2.403404083,2.421509672,0.999303034,0.270686201,0.863994630576,5.91535121407,4.74639894111,2.5685415606,2.1778573805,150.611238741
HA5 8-fold,1,22,12,,5.84629975,0.847222222,4.267117751,15594.01404,2,5.633547479,0.712237578,3357.571767,UndecidedProblem,2.070640021,9.822956208,758555.2301,774149.2441,0.691114603,7.519462774,0,2.463243968,0.961618358,2.137812844,774148.342,11.91389697,1.009694444,0.019810144,0.594747108,769929.9398,4386.369368,4219.304297,0.197703764,2,UndecidedProblem,-7.65444993,-0.831839236,2.032036009,10.40709445,2.452780558,0.999326094,0.251977853,1.16520112612,6.81211505235,4.1929579209,2.95793098235,1.23502693855,17.180149494
HA5 8-fold,1,22,13,,7.010943389,0.861111111,4.390156163,41619.10155,1,4.307641516,0.80392663,4331.60101,UndecidedProblem,UndecidedProblem,10.44350624,782560.7773,824179.8788,0.608769888,7.37078901,0,2.393583844,UndecidedProblem,2.54765436,823697.4163,12.2402121,1.177710472,0.038953887,0.681933916,819200.2907,5007.127569,4979.588139,0.359587544,1,0.990991526,-7.798187839,-0.83753937,2.002288462,10.61540935,2.372021306,0.99943556,0.273960649,1.01622750202,7.12471348701,4.61929270067,3.09366629918,1.52562640149,33.5448922714
HA5 8-fold,1,22,14,,6.010929361,0.840277778,4.760039261,21907.64142,3,5.140044885,0.812557437,7435.509656,4.754693738,1.589620411,4.754693738,750600.9417,772508.5831,0.644957219,6.670220914,0,2.50017066,0.913996645,1.852552587,772253.7035,12.9063673,0.677804139,0.021727766,0.701615386,764923.3883,7633.137546,7585.194837,0.189648916,3,UndecidedProblem,34.20539858,-0.782566831,1.891850915,3.081424211,2.465955493,0.999534595,0.233499969,0.987720642717,5.93711901177,4.34059562387,2.57799349187,1.762602132,57.8898110433
HA5 8-fold,1,22,15,,7.346503806,0.9375,4.025092635,56294.56934,3,3.931133705,0.998443643,5227.199911,UndecidedProblem,1.447732678,11.31245704,802433.5087,858728.0781,0.503101607,7.360019219,0,2.391574214,0.780092011,1.918463248,858701.2594,12.52901456,0.177311222,0.016351525,0.749766901,853500.8782,5206.234556,5227.199911,0.43895892,3,UndecidedProblem,28.32011371,-0.838275117,1.96999136,2.838034497,2.545833632,0.999502639,0.276732312,0.92428726725,6.79027992669,4.75046650108,2.94844981619,1.80201668489,63.3894063965
HA5 16-fold,1,22,16,,6.679198194,0.847222222,5.758342874,23736.38386,3,4.911425603,0.865052947,11311.87793,UndecidedProblem,1.57596067,10.89276806,690597.0618,714333.4457,0.711743074,5.942770676,0,2.497122967,1.03435532,1.765324345,713597.8797,13.52760941,3.678288528,0.020571251,0.722882507,702720.3299,11562.41745,11613.11573,0.134527033,3,UndecidedProblem,15.62390724,-0.732972856,1.775496625,3.743248167,2.51060688,0.999295533,0.240704275,0.958662013936,6.40309359214,4.37541455669,2.78032722195,1.59508733474,39.3629224633
HA5 16-fold,1,22,17,,6.346647194,0.861111111,4.983105727,14370.74979,1,5.769911642,0.881241398,4814.325224,UndecidedProblem,UndecidedProblem,11.42697826,769773.3961,784144.1458,0.592560017,7.334809242,0,2.466685171,UndecidedProblem,3.430719131,783895.8128,12.33405735,2.510107167,0.033297671,0.744429409,779286.808,4857.356304,4857.337833,0.204964907,1,0.952824898,-9.881780425,-0.807421177,1.979700837,13.14445671,2.350319048,0.999608267,0.235317186,0.93091432394,5.90818478189,4.15747942792,2.56542977937,1.59204964855,39.0885579286
HA5 16-fold,1,22,18,,8.346460917,0.881944444,5.833323718,76673.94258,1,3.248947565,1.014640389,13673.61687,UndecidedProblem,UndecidedProblem,11.58098649,652243.7079,728917.6505,0.604237288,5.736289023,0,2.476817068,UndecidedProblem,2.335292378,728781.3385,13.78332622,0.177311222,0.011467803,0.949169261,715244.0336,13636.62811,13673.61687,0.404385192,1,1.011826318,12.99785795,-0.75311349,1.73536194,3.704000281,2.506108694,0.99967138,0.247525547,0.730112139609,6.09385243828,4.88464779529,2.64604969096,2.23859810433,173.220027945
HA5 16-fold,1,22,19,,8.179155333,0.875,4.842225333,71100.13164,4,3.499572682,1.023473413,7467.072752,UndecidedProblem,1.062253247,12.10244222,733067.8067,804167.9384,0.693252087,6.57122752,0,2.588492574,1.023397084,1.419079331,803838.6212,12.95161347,1.510040889,0.026438197,0.971658956,795711.0585,8537.461116,8456.879884,0.507089114,4,UndecidedProblem,-7.732919861,-0.901842511,1.899083415,10.64811935,2.494266459,0.999606806,0.296983474,0.713213206877,5.8334816046,4.85187040482,2.53299244663,2.31887795818,208.390519912
HA5 32-fold,1,22,20,,7.010943389,0.895833333,5.624397778,8895.697042,1,6.132379942,0.743702566,2445.040532,UndecidedProblem,UndecidedProblem,11.51684735,615141.2322,624036.9292,0.666297859,7.960775187,0,2.386346192,UndecidedProblem,3.248117273,623290.755,11.34452932,2.510107167,0.032147445,0.669093876,621532.0997,2492.438574,2504.82951,0.214757314,1,0.959118155,-5.950602896,-0.757785139,2.064242517,9.599381667,2.288787957,0.999645242,0.252622663,1.03572910298,7.26143810734,3.94917998386,3.15303434969,0.796145634164,6.25382370249
HA5 32-fold,1,22,21,,8.846674111,0.951388889,5.962323891,71850.66441,2,3.398671942,0.996554661,9672.275666,UndecidedProblem,1.222770424,12.1529207,685911.6251,757762.2895,0.591807731,6.291746172,0,2.795044988,1.723891371,1.659192465,757397.4254,13.55983845,0.177311222,0.022019049,0.916171266,748090.0139,9667.877707,9672.275666,0.452080968,2,0,-11.53935485,-0.930220946,1.795316608,14.72877585,2.476533788,0.997777433,0.261993654,0.756408791367,6.69170207192,4.85643078845,2.90564571078,1.95078507768,89.2863516818
HA5 32-fold,1,22,22,,7.346503806,0.833333333,5.207130893,18798.07975,2,5.230652746,0.989492831,4775.415383,UndecidedProblem,1.691336828,12.35744817,687026.6347,705824.7145,0.636817769,6.990614382,0,2.570751068,0.897385649,2.573303192,704960.6705,12.46273125,4.010306667,0.037925846,0.682522667,700274.4683,5493.236498,5550.246147,0.211043292,2,0,25.86610084,-0.747542335,1.936036542,3.810968768,2.431183836,0.99799058,0.222843404,1.01535089383,7.45927920597,4.27411348774,3.2389401676,1.03517332015,10.8435957866
HA5 32-fold,1,22,23,,6.846513861,0.875,4.653939471,16931.70115,3,5.545044839,0.881723493,2985.822426,UndecidedProblem,1.683651187,11.6795816,773611.1545,790542.8556,0.513103553,7.673575029,0,2.6771231,1.11849145,2.95928351,790185.5458,11.89483969,3.678288528,0.031191595,0.776198297,786670.7325,3841.884045,3872.123142,0.286641534,3,UndecidedProblem,33.01079713,-0.8872466,2.040208676,3.040515771,2.487173783,0.998525244,0.257237614,0.892813090003,6.11265719599,4.22870059443,2.65421502214,1.57448557229,37.539248334
HA5 64-fold,1,22,24,,8.679149306,0.854166667,6.147292786,21725.92752,2,4.766886886,0.768799873,2208.664541,UndecidedProblem,1.649024382,12.32986448,569773.4132,591499.3407,0.685465736,7.482819545,0,2.527449242,1.013263879,2.559384904,591425.6331,11.49947485,2.678047194,0.023443843,0.720272174,588192.5925,3294.348244,3306.748231,0.337613256,2,UndecidedProblem,-5.860369194,-0.815034897,2.0372672,9.66614738,2.417626212,0.998996524,0.225621267,0.962136293773,8.35052454638,4.33697832635,3.62593336794,0.711044958407,5.14096868422
HA5 64-fold,1,22,25,,8.346460917,0.923611111,6.128921303,17981.34264,1,5.152980991,0.874203482,3121.768087,UndecidedProblem,UndecidedProblem,12.7921015,621788.7908,639770.1334,0.687837291,7.211048443,0,2.477774958,UndecidedProblem,2.7974858,639783.4216,11.86562407,1.510040889,0.013172943,0.822175838,635452.1389,4385.514613,4317.994455,0.293335825,1,0.960033112,-8.028989696,-0.905504546,2.007953941,11.51322794,2.378746005,0.999247499,0.286292821,0.842885387736,7.03510994625,4.25482211673,3.05475898665,1.20006313008,15.8512359305
HA5 64-fold,1,22,26,,7.846507194,0.909722222,5.787151113,10548.13986,1,5.911394308,0.706918099,1419.132957,UndecidedProblem,UndecidedProblem,11.93012172,624319.0492,634867.189,0.534674815,8.7866245,0,2.262102969,UndecidedProblem,2.677585792,634649.018,11.03128641,0.344954222,0.035982881,0.630929536,633429.5649,1448.556112,1437.62411,0.313783965,1,1.020456948,15.07522567,-0.857724583,2.107658064,3.500085948,2.308378691,0.998076625,0.303493173,1.09837939177,8.61844179925,4.02317587956,3.74226739003,0.280908489528,1.90945087454
HA5 64-fold,1,22,27,,8.846674111,0.895833333,5.435139952,35333.61538,1,4.26312386,0.991533501,3205.011315,UndecidedProblem,UndecidedProblem,13.0443987,643113.8656,678447.4809,0.326550692,7.72576388,0,2.510625265,UndecidedProblem,3.278888625,678313.3622,11.97170316,0.177311222,0.026420927,0.881653991,675242.4696,3091.595534,3205.011315,0.518513228,1,0.967170943,19.89552273,-0.939720731,2.005211813,3.236212324,2.428203806,0.998643747,0.244969708,0.786022642754,6.95368616431,4.54818807727,3.01940345823,1.52878461903,33.7897220264
HA5 128-fold,1,22,28,,8.511040639,0.847222222,7.11538657,15326.83475,1,5.330565816,0.855277051,4956.095212,UndecidedProblem,UndecidedProblem,13.02280782,601428.1659,616755.0007,0.755005156,6.603509624,0,2.509756165,UndecidedProblem,2.817191365,616378.5195,12.53481174,3.845753861,0.011872166,0.796618362,610412.5338,6193.818049,6342.46685,0.179666675,1,0.957201807,22.12743972,-0.768323891,1.898052315,4.410827039,2.402343135,0.99740212,0.32819353,0.869927223696,7.40398595385,4.18545247498,3.21493093958,0.970521535397,9.34375700074
HA5 128-fold,1,22,29,,9.011071639,0.875,6.172529133,39404.42374,3,4.068537817,1.275545903,8250.319013,UndecidedProblem,0.299261862,13.83359258,621740.8568,661145.2805,0.650194542,6.093058471,0,2.571924991,1.126051519,2.40263812,661004.8071,13.14864247,2.845433861,0.022050195,0.988362396,651460.1933,9659.982794,9685.08724,0.34511232,3,UndecidedProblem,-8.160238991,-0.986047197,1.829961318,11.58022127,2.523169263,0.999472224,0.255830628,0.70115982033,6.31820137138,4.59554498066,2.74346564107,1.85207933959,71.1343454387
HA5 128-fold,1,22,30,,9.011071639,0.916666667,7.431337477,20484.99569,2,4.974300957,0.748527951,4805.426864,UndecidedProblem,1.250349485,12.68439727,623461.3345,643946.3301,0.760137879,6.805827151,0,2.450405439,1.10742368,1.892620427,644105.1979,12.42635073,1.845573139,0.021464925,0.689353393,638190.7175,5795.572731,5755.6126,0.221329043,2,UndecidedProblem,19.93354081,-0.787213769,1.923306955,4.313552928,2.433526556,0.99920222,0.263824438,1.0052898949,9.05873926093,4.31143587691,3.93345169819,0.377984178724,2.38772429693
HA5 128-fold,1,22,31,,8.511040639,0.930555556,6.21831451,23128.45762,2,4.966263615,0.760931269,2846.894162,UndecidedProblem,1.805133438,39.59316972,699876.0188,723004.4764,0.808898501,7.636127087,0,2.84062569,1.313111054,1.811323224,722944.6994,11.84216365,1.345317167,0.020048244,0.664881313,719370.0349,3781.35099,3634.441494,0.307258408,5,UndecidedProblem,-15.77406323,-1.107998291,2.048359902,18.515836,2.52192856,0.997145055,0.265427737,1.04229128786,8.87098350864,4.3641466717,3.85192510145,0.512221570254,3.25253194157
HA5 256-fold,1,22,32,,10.01507008,0.875,7.420805606,29105.02306,1,4.282474245,0.973767472,4593.062008,UndecidedProblem,UndecidedProblem,14.05749249,537292.2465,566397.2696,0.564051236,6.94621424,0,2.411816465,UndecidedProblem,2.97280218,566389.899,12.41739329,0.177311222,0.005289653,0.886376657,561804.2076,4592.559044,4593.062008,0.404413005,1,1.018234272,12.22409267,-0.86586466,1.901963192,4.20947365,2.455794183,0.999510825,0.290523422,0.781834668735,7.83012899835,4.46396794771,3.39996916993,1.06399877778,11.5877409506
HA5 256-fold,1,22,33,,9.179088833,0.902777778,6.962261229,26085.69005,2,4.676403836,1.027061622,5793.15946,UndecidedProblem,1.473336476,15.1389531,640936.3068,667021.9968,0.560881504,6.702401428,0,2.618668666,1.377925445,1.712827776,667031.3158,12.69920641,1.009694444,0.022254592,0.982434037,660617.0389,6445.874866,6404.957957,0.343346357,2,0,-7.588463385,-1.073427787,1.911959487,10.84951559,2.537171346,0.998634723,0.277918341,0.705390869922,6.474845457,4.41640232969,2.81148304689,1.6049192828,40.2642193005
HA5 256-fold,1,22,34,,10.01507008,0.854166667,8.091701569,26736.4446,1,4.455082006,0.92757382,6273.291179,8.007225003,UndecidedProblem,8.007225003,559694.6249,586431.0695,-0.919585892,6.445518126,0,3.128241263,UndecidedProblem,2.608703173,586408.2122,12.66739648,1.677970417,0.023593055,0.83123485,579702.501,6736.615971,6728.568499,0.287036897,1,0.975378449,13.54924875,-0.821869291,1.86830116,4.542429663,2.419060986,0.999794473,0.273692131,0.833699405168,8.34955796841,4.42710365449,3.6255136641,0.801589990391,6.33271568656
HA5 256-fold,1,22,35,,8.846674111,0.819444444,4.712275457,20930.48956,5,5.032959474,1.301477011,2078.394703,UndecidedProblem,1.632904362,13.39418951,664322.841,685253.3305,0.433494099,6.972563954,0,2.572468772,1.344376254,2.065244179,685252.2054,11.60446508,4.010306667,0.030654558,0.827391844,679797.0052,5612.600321,5456.325347,0.278703876,5,UndecidedProblem,22.40948457,-1.10592614,2.064517926,2.925429046,2.714772984,0.994491587,0.273556084,0.837571708043,7.40972394565,4.32077938652,3.2174224688,1.10335691772,12.6869409273
HA5 512-fold,1,22,36,,9.179088833,0.798611111,7.75170385,2596.454705,UndecidedProblem,7.791514771,0.402703636,224.4219687,UndecidedProblem,1.399288281,12.25771886,572658.5538,575255.0085,UndecidedProblem,9.433775331,0,UndecidedProblem,1.213378302,4.854986887,575291.5113,8.803611682,3.510059417,0.049762431,0.34170577,574423.2236,896.2627928,831.7849568,0.103527184,2,0,12.34196888,-0.625406105,2.319939701,5.213214466,2.066417643,0.993693189,0.202696111,2.02806057387,18.6157481662,3.41438075076,8.08326016771,-4.66887941695,2.14348566314e-05
HA5 512-fold,1,22,37,,3.178060528,0.854166667,5.731606664,1266.836745,4,8.788622027,0.930176945,782.2498576,UndecidedProblem,1.403449253,10.11317121,558954.3156,560221.1524,0.61860882,8.609564502,0,2.549378718,0.787036535,2.737832984,559606.85,10.23486732,1.845573139,0.073175783,0.641514546,558786.9107,1503.695657,1434.241676,UndecidedProblem,5,1.067911032,-10.06692362,-1.356425245,2.230786926,12.34311867,2.607400281,0.991236757,0.312896498,1.08025609758,3.43311926384,3.10272065173,1.49071613714,1.61200451459,40.926491411
HA5 512-fold,1,22,38,,10.51502822,0.888888889,8.647861773,14711.07213,1,5.247849613,0.628430599,1856.531505,9.219224199,UndecidedProblem,9.219224199,544279.4848,558990.5569,0.634673283,8.234070304,0,2.805364958,UndecidedProblem,3.048779419,558766.5343,11.50667373,0.177311222,0.018621616,0.590218081,557134.0254,1863.641204,1856.531505,0.305142605,1,0.997366932,11.51445298,-0.72841347,2.01764594,5.207985775,2.291568018,0.995571418,0.243505505,1.17414227437,12.3461391493,4.16764432488,5.36089411607,-1.19324979119,0.0640840881024
HA5 512-fold,1,22,39,,11.186771,0.909722222,7.347915628,40955.67208,2,3.963028768,1.048479821,3167.584052,UndecidedProblem,1.680003858,16.09836644,597755.6135,638711.2856,0.299887867,7.65563723,0,2.992449868,1.332181529,1.776567674,638652.2322,12.24147559,0.177311222,0.010048455,0.84592613,635543.7015,3053.744963,3167.584052,0.530424287,2,0,-9.250111557,-1.140863657,1.981936299,12.56364926,2.580930869,0.994868579,0.268693077,0.819220467868,9.16443177255,4.61231405707,3.97934510315,0.632968953925,4.29505721923
HA5 1024-fold,1,22,40,,10.35042817,0.881944444,7.77028733,7941.631419,2,5.89120895,0.807441802,846.953957,7.886335348,1.886483565,7.506262001,463404.9175,471346.5489,0.12302389,9.120288907,0,2.875735923,0.878610837,2.704240671,471160.4047,9.95389593,0.177311222,0.027904326,0.645772062,470499.5949,838.9080824,846.953957,0.358992334,2,0,37.22462647,-0.927653765,2.187741888,4.163656572,2.395852235,0.999579781,0.289680317,1.07313406816,11.1073970893,3.89990972705,4.82301219683,-0.923102469782,0.11937064217
HA5 1024-fold,1,22,41,,12.52270167,0.895833333,9.203776464,101081.8054,1,2.698010634,1.568939395,23103.32317,9.343843869,UndecidedProblem,9.343843869,554844.6078,655926.4132,0.708800281,4.736066442,0,2.665143877,UndecidedProblem,2.27988005,656347.8464,14.6130313,3.510059417,0.009522439,1.419882332,631313.8379,24591.05181,24612.57538,0.492136771,1,0.996114676,-8.203496113,-1.002828158,1.567141044,12.6360673,2.65478893,0.999190325,0.28251935,0.488068612717,6.11193763154,5.00467299016,2.65390257557,2.35077041458,224.269603163
HA5 1024-fold,1,22,42,,13.85861053,0.833333333,9.605695444,119740.878,2,2.273727968,1.119042714,8501.254781,9.957614596,0.101188707,UndecidedProblem,459291.3796,579032.2576,0.450731218,5.973719113,0,2.931707953,UndecidedProblem,2.258997416,579797.7633,13.23037718,2.010097222,0.017126287,0.951651425,569818.5565,9272.12813,9213.701116,0.597263406,2,0,7.413475278,-0.841773352,1.778461718,5.258510687,2.634777288,0.999267369,0.255407599,0.728207809913,10.0919484225,5.07824243829,4.38208789513,0.696154543153,4.96769064657
HA5 1024-fold,1,22,43,,11.186771,0.951388889,8.329053769,19820.45164,2,4.839875109,0.939529385,2428.331428,UndecidedProblem,1.097891868,UndecidedProblem,547804.0446,567624.4963,1.226454877,7.868827701,0,3.132950422,1.257355264,2.083741086,567400.5042,11.61914086,0.177311222,0.016441107,0.866856969,565196.1648,2422.949409,2428.331428,0.447983498,2,0,-13.7772226,-1.168797336,2.036706221,17.18303596,2.542057827,0.994690476,0.256873077,0.799439843922,8.94315046223,4.29711354634,3.88326116467,0.413852381673,2.59329774064
HA5 2048-fold,1,22,44,,12.02268531,0.847222222,8.494924959,25085.22531,2,4.260269891,1.066840386,2464.061836,UndecidedProblem,1.602150202,UndecidedProblem,455629.0654,480714.2908,0.160245283,7.487878474,0,3.131939382,1.297577511,2.487012373,481636.34,11.4319469,5.510712528,0.002160894,0.939002378,478036.2881,2656.258522,2678.002688,0.514793396,2,0,27.73806785,-1.056855938,2.019498364,4.00589879,2.552169284,0.999593451,0.264546309,0.738017300314,8.87294975501,4.39941800612,3.85277887756,0.546639128563,3.52078194596
HA5 2048-fold,1,22,45,,12.02268531,0.902777778,6.399199688,33449.42408,2,4.067041604,1.372349193,1884.255969,6.268426574,1.584466315,6.118587782,527198.4259,560647.85,0.469838183,8.018979473,0,2.598632548,1.36414079,2.620571209,562436.8256,11.05811832,2.678047194,0.003400878,1.148992576,558486.4417,2199.726119,2161.408251,0.768290835,2,0,-9.243586129,-1.425504279,2.139485741,11.72711766,2.690266658,0.997367679,0.261458943,0.603137056301,7.2513270267,4.52438864464,3.14864395428,1.37574469037,23.7544341903
HA5 2048-fold,1,22,46,,12.02268531,0.868055556,8.909885768,26830.87545,2,4.428196276,1.186040161,4181.465676,UndecidedProblem,1.577953575,UndecidedProblem,550805.7859,577636.6613,0.715251198,7.110009779,0,2.559196575,1.284455778,2.178611297,580537.8176,12.14138633,0.177311222,0.002931313,0.956863782,573455.1957,4174.31147,4181.465676,0.438179261,2,0,13.53623937,-1.053052803,1.945630601,4.180888374,2.667538683,0.999428345,0.276246023,0.724241018457,8.7073218535,4.42863484326,3.78086055297,0.647774290287,4.44400245603
HA5 2048-fold,1,22,47,,13.02281267,0.847222222,8.147435286,36875.73908,4,4.767523678,0.851386792,638.8730913,8.552997837,2.181099159,UndecidedProblem,967528.1037,1004403.843,1.118410981,10.31112373,0,3.045536881,0.73300735,3.843662297,1007920.267,9.737996765,7.346503806,0.025125896,0.673097634,1003613.254,787.9654331,790.5891224,0.632628514,4,0,35.87729629,-1.021648435,2.326630655,4.20113622,2.626731326,0.998134236,0.261030889,1.02956831965,13.4078753578,4.5667407334,5.82191722007,-1.25517648667,0.0555678397255
HA5 undiluted,1,23,0,,6.179220528,0.875,3.84785379,92080.72877,2,3.568778977,0.945532603,16699.62792,UndecidedProblem,0.783511217,10.92465844,1000562.221,1092642.95,0.731427443,6.03186227,0,2.544395896,1.282298191,2.051675764,1094435.424,14.02933223,0.177311222,0.00678907,0.914634647,1075943.322,16642.2705,16699.62792,0.386586477,2,0,31.41364378,-0.932839039,1.776133301,2.140497857,2.995240128,0.997424855,0.526398156,0.757679585256,4.68186924686,4.96416874785,2.03294365908,2.93122508876,853.542378492
HA5 control,1,23,1,,4.510389417,1.0,2.006062193,62248.9587,1,4.376243033,0.819159214,7487.821534,UndecidedProblem,UndecidedProblem,UndecidedProblem,1230494.986,1292743.945,0.746723067,7.431674782,0,2.705475565,UndecidedProblem,2.936036251,1294065.78,12.93886133,0.177311222,0.007820746,0.750835884,1285256.124,7345.745442,7487.821534,0.393388443,1,0.898388689,23.57398557,-1.021434531,1.968623022,1.057758028,2.430568647,0.996922686,0.139517997,0.922971337369,4.16296015226,4.79413209095,1.80762490328,2.98650718767,969.409313108
HA5 undiluted,1,23,2,x,6.010929361,0.986111111,3.348762642,71027.29056,1,3.720278004,0.957544815,10374.02536,UndecidedProblem,UndecidedProblem,9.471675139,865112.0996,936139.3901,0.568154776,6.495675654,0,2.562414882,UndecidedProblem,2.493618249,935856.4721,13.48648587,0.177311222,0.003935947,0.86471915,925765.3647,10187.7989,10374.02536,0.410812526,1,0.966736792,25.35807608,-0.921728859,1.82957228,2.041482616,2.477180742,0.997949782,0.172686627,0.801416274868,4.81725661699,4.85142524819,2.09173105384,2.75969419435,575.034887654
HA5 control,1,23,3,,4.510389417,1.0,1.928229111,57034.26126,1,4.34856286,0.784626877,5869.28969,UndecidedProblem,UndecidedProblem,7.775063951,1104905.677,1161939.938,0.618071701,7.629133864,0,2.734285181,UndecidedProblem,2.603255117,1162797.291,12.61973343,0.177311222,0.012239711,0.704435494,1156070.648,5774.928987,5869.28969,0.396158674,1,0.876697588,2.035962226,-0.990529883,2.004174051,1.201209776,2.397141222,0.998321342,0.166973583,0.983766442638,4.43716975167,4.75613582069,1.92669116443,2.82944465627,675.219002886
HA5 2-fold,1,23,4,,4.678461722,1.0,3.04085708,13260.94854,1,5.899734579,0.829400242,3379.500019,UndecidedProblem,UndecidedProblem,9.40033231,778459.1397,791720.0882,0.722649919,7.872036825,0,2.585497497,UndecidedProblem,3.051209714,791830.1822,12.0462454,0.177311222,0.024995628,0.669741636,788340.5882,3282.144661,3379.500019,0.231113382,1,0.88578091,-7.945258411,-0.812731428,2.013090044,10.32935593,2.290184325,0.998856632,0.239774305,1.03472736761,4.84093238209,4.12257458975,2.10201145553,2.02056313422,104.848720309
HA5 control,1,23,5,,4.345784972,0.979166667,1.925837518,52796.48411,1,4.525588422,0.775092248,6113.115234,UndecidedProblem,UndecidedProblem,7.673846563,1163229.529,1216026.013,0.745760369,7.636050614,0,2.78668956,UndecidedProblem,2.8784556,1216637.647,12.67856897,0.177311222,0.003941462,0.715997451,1209912.898,6046.25008,6113.115234,0.382348131,1,0.861683783,1.09022766,-0.974245817,2.00745115,1.419079152,2.401245202,0.998312885,0.184161324,0.967880540681,4.20620070838,4.72260500241,1.82640065496,2.89620434745,787.416203431
HA5 2-fold,1,23,6,,4.845858389,0.916666667,3.020680061,14659.77377,1,5.751726184,0.823259388,3120.101911,UndecidedProblem,UndecidedProblem,9.540591178,775235.2473,789895.0211,0.712207882,7.983923966,0,2.611786415,UndecidedProblem,3.954865255,789821.116,11.89368879,0.177311222,0.024470774,0.750413673,786774.9192,2991.234904,3120.101911,0.290482273,1,0.916063828,-8.029220009,-0.81996464,2.036020264,10.37461186,2.392563063,0.999120577,0.233004672,0.923490635811,4.47510484471,4.16612726831,1.94316319788,2.22296407044,167.095236924
HA5 control,1,23,7,,4.510389417,0.930555556,2.016068196,62942.45639,1,4.273794591,0.785145963,6936.233146,UndecidedProblem,UndecidedProblem,7.713673233,1154599.833,1217542.29,0.623480704,7.455603776,0,2.640902825,UndecidedProblem,2.810721989,1217546.129,12.83397943,0.177311222,0.010934624,0.70726786,1210606.057,6862.157789,6936.233146,0.386186337,1,0.91106713,18.66415276,-0.987292361,1.988965625,1.109099119,2.406039757,0.998541592,0.209336001,0.979826794335,4.41940040366,4.79894368767,1.91897542495,2.87996826272,758.52214188
HA5 4-fold,1,23,8,,6.846513861,0.847222222,3.912543718,48971.37279,1,3.870930679,0.854998215,4542.358024,UndecidedProblem,UndecidedProblem,UndecidedProblem,667515.972,716487.3447,0.575625869,7.30135599,0,2.381239614,UndecidedProblem,3.214700256,716429.6135,12.35077195,0.177311222,0.017125287,0.765039657,711944.9867,4418.416345,4542.358024,0.447776464,1,1.003664876,-7.724231136,-0.783166722,1.956040699,10.52377396,2.389966563,0.999416703,0.261394583,0.905835395145,6.20181458864,4.68994227855,2.69292860992,1.99701366863,99.3147305437
HA5 control,1,23,9,,4.510389417,0.958333333,2.00781485,60708.24888,1,4.390034717,0.763361704,6268.582081,UndecidedProblem,UndecidedProblem,7.714757247,1212149.403,1272857.652,0.844936531,7.665716221,0,2.606498469,UndecidedProblem,3.654056938,1274660.552,12.65952309,0.177311222,0.006779126,0.694922701,1266589.07,6198.869818,6268.582081,0.39046021,1,0.917925212,22.87410067,-0.939875548,2.016480477,1.239543539,2.392570659,0.998178914,0.194951145,0.997233216015,4.49791014379,4.7832477059,1.95306562909,2.83018207681,676.366480807
HA5 4-fold,1,23,10,,5.346070972,0.833333333,3.74478156,14920.45835,1,5.708224777,0.816193852,3795.728461,UndecidedProblem,UndecidedProblem,9.981268853,765141.4023,780061.8606,0.514768036,7.683067939,0,2.31497993,UndecidedProblem,3.798467261,779703.662,11.98813367,0.177311222,0.02772932,0.713567784,776266.1322,3743.362373,3795.728461,0.245908132,1,1.02848626,10.34775634,-0.82742496,2.022812914,2.533758477,2.38092505,0.99945962,0.238404869,0.971176131461,5.1919765251,4.17378216468,2.25444052327,1.91934164141,83.0503833433
HA5 control,1,23,11,,4.510389417,0.930555556,1.888267257,69547.57728,1,4.187049218,0.796041682,7125.096647,UndecidedProblem,UndecidedProblem,7.777565599,1197256.386,1266803.964,0.831588976,7.474067988,0,2.586771094,UndecidedProblem,3.717309571,1266908.373,12.80363891,0.177311222,0.009607161,0.719040436,1259678.867,7100.243475,7125.096647,0.404811912,1,0.934270636,34.50069577,-0.946905871,2.001203824,1.172467531,2.416744274,0.998507971,0.207775489,0.963784462325,4.34704323914,4.84228200576,1.88755676906,2.9547252367,901.000924702
HA5 8-fold,1,23,12,,6.010929361,0.819444444,3.878161148,14463.75308,1,5.535483375,0.839962144,2482.842743,UndecidedProblem,UndecidedProblem,10.63149593,656389.5081,670853.2612,0.436386114,7.419951972,0,2.560625403,UndecidedProblem,3.342732169,669586.3543,11.68684108,2.010097222,0.014517196,0.717159653,666935.8476,3915.604449,3917.413588,0.236231843,1,0.907776458,-8.935711894,-0.822823346,2.038061275,11.74930844,2.324475459,0.998421394,0.258072983,0.966312029826,5.80843335197,4.16028099908,2.52211608857,1.63816491051,43.467524793
HA5 control,1,23,13,,4.510389417,0.833333333,2.351269308,71036.5591,3,4.200336553,0.745635478,9484.187421,2.069192604,1.45628112,2.069192604,1234861.303,1305897.862,0.636579438,7.09662036,0,2.50643213,0.822808698,1.929728359,1305095.524,13.1068746,0.845140528,0.01968623,0.695348352,1296356.429,9541.433212,9541.433212,0.347247454,3,UndecidedProblem,19.02720082,-0.94136907,1.968621278,1.268886603,2.500393097,0.998311236,0.220969089,0.996622769015,4.4951567901,4.85148191673,1.9518700782,2.89961183853,793.618601325
HA5 8-fold,1,23,14,,7.346503806,0.868055556,4.475727284,50523.19371,2,3.921867446,0.999053853,6641.367948,UndecidedProblem,1.930124323,11.26434201,715233.0316,765756.2253,0.656416527,6.647196089,0,2.640504604,1.049539694,2.213103151,765577.0358,12.86388776,1.177710472,0.035320218,0.724427725,758116.3701,7696.282404,7639.855179,0.340646405,2,UndecidedProblem,-6.944254828,-0.771355895,1.895506279,10.13288018,2.538975556,0.999193478,0.229019777,0.95661716978,7.02779167868,4.7034907957,3.05158127602,1.65190951968,44.8651908667
HA5 control,1,23,15,,4.510389417,0.861111111,1.930840348,77508.96995,1,4.084744922,0.834489582,9162.490728,UndecidedProblem,UndecidedProblem,7.894519061,1237663.507,1315172.476,0.496962168,7.078023677,0,2.408592194,UndecidedProblem,2.657986818,1315316.634,13.13232859,0.845140528,0.010185851,0.752231613,1305438.612,9843.256993,9733.864012,0.386391769,1,1.006983036,37.03986288,-0.999734379,1.968689861,1.047628422,2.425411479,0.998861055,0.228065205,0.921258809154,4.15523598312,4.8893519654,1.80427094361,3.0850810218,1216.41291296
HA5 16-fold,1,23,16,,6.679198194,0.923611111,4.711710288,14269.8281,2,5.516210359,0.724880411,1987.650802,UndecidedProblem,2.210473938,10.6986044,638805.8678,653075.6959,0.414094647,8.239732254,0,2.190306298,0.943792975,2.361669287,652609.3519,11.21851637,3.678288528,0.033241751,0.528891791,650915.1825,2147.333128,2160.513365,0.251149309,2,UndecidedProblem,36.13014751,-0.747678868,2.087184988,3.299067053,2.348830292,0.998555526,0.269656178,1.31028692786,8.75166608219,4.15441874146,3.80011553721,0.354303204256,2.26101375421
HA5 control,1,23,17,,4.510389417,0.909722222,1.987733267,70186.91926,1,4.240099302,0.799313193,7915.08138,UndecidedProblem,UndecidedProblem,7.850403388,1256148.156,1326335.075,0.761846762,7.388625394,0,2.640310044,UndecidedProblem,3.24940201,1329165.191,12.97950226,0.177311222,0.014043725,0.732383265,1318419.994,7887.198694,7915.08138,0.39533156,1,0.911615339,19.22346852,-0.987630403,1.989347574,1.118546624,2.406947136,0.998450376,0.203865415,0.946225880789,4.2678471988,4.84625618018,1.85316856222,2.99308761796,984.209647872
HA5 16-fold,1,23,18,,6.846513861,0.888888889,5.595676565,25566.10645,2,4.815977613,0.985804494,9818.68889,UndecidedProblem,1.447195877,11.34777228,694576.1791,720142.2855,0.728122079,6.19660778,0,2.517864111,0.938908851,1.833277764,719433.433,13.35002104,0.177311222,0.01761733,0.785439677,710323.5966,9758.481173,9818.68889,0.191460579,2,UndecidedProblem,34.13412398,-0.794510295,1.809044628,3.491222298,2.465894655,0.999591603,0.238979552,0.882308368539,6.04073647488,4.40766459287,2.62298587707,1.7846787158,60.9086138223
HA5 control,1,23,19,,3.345551667,0.875,2.059141346,27697.56133,1,5.584651321,0.801729095,9123.448238,UndecidedProblem,UndecidedProblem,7.779927112,1301498.653,1329196.214,0.792774824,7.186759175,0,2.662576556,UndecidedProblem,3.445963923,1337259.488,13.13331699,0.177311222,0.007843998,0.720374768,1320072.766,9111.699095,9123.448238,0.203148038,1,0.892705337,20.00254716,-0.960353137,1.964940399,1.189524403,2.376896303,0.998324139,0.203264712,0.961999268692,3.21841825702,4.44244153269,1.39748947331,3.04495205938,1109.05238316
HA5 32-fold,1,23,20,,7.010943389,0.819444444,5.693118667,12528.77136,1,5.619643052,0.78554171,3869.234202,UndecidedProblem,UndecidedProblem,11.42497406,603483.846,616012.6173,0.577817362,6.956111603,0,2.718937143,UndecidedProblem,2.231916847,615679.8375,12.1788318,1.510040889,0.036139153,0.686608645,611051.3645,4976.437223,4961.252855,0.163461835,1,0.95255195,-7.034007879,-0.780774694,1.952565494,10.67989075,2.340672079,0.9986274,0.307186951,1.0093085851,7.07620535214,4.09790848378,3.07260327926,1.02530520452,10.599983873
HA5 control,1,23,21,,4.178394028,0.888888889,1.482294339,54445.48212,1,4.686267075,0.817231702,5517.032725,UndecidedProblem,UndecidedProblem,7.963309956,1347298.839,1401744.321,0.804962114,7.860032579,0,2.422198145,UndecidedProblem,4.560886305,1403394.725,12.36605454,1.009694444,0.011730549,0.78328512,1395710.906,6138.579481,6033.415464,0.424978122,1,0.989708224,33.67464379,-1.01667324,2.077892394,0.88606205,2.397269424,0.998683027,0.198728621,0.884735305581,3.6967727172,4.73596184788,1.60519874824,3.13076309964,1351.33523139
HA5 32-fold,1,23,22,,7.179124361,0.875,5.546555655,17228.48741,3,5.418689124,0.659509289,3090.495041,UndecidedProblem,1.45984755,10.69246418,719716.5748,736945.0622,0.564331322,7.897575313,0,2.30686501,1.148434629,1.615605263,736411.1138,11.96172984,0.177311222,0.018711787,0.615039217,733854.5672,3077.411775,3090.495041,0.265258789,3,UndecidedProblem,18.07369075,-0.872807592,2.02002919,3.18533922,2.587086142,0.99906249,0.271027773,1.12675741781,8.08913162715,4.23624714986,3.51243231748,0.723814832383,5.294376625
HA5 control,1,23,23,,3.178060528,0.902777778,1.53877768,21851.28334,1,6.020165747,0.762765608,5011.515919,UndecidedProblem,UndecidedProblem,7.752442912,1396315.854,1418167.137,0.783925379,8.144564789,0,2.797347745,UndecidedProblem,3.5742584,1422525.85,12.3065255,0.177311222,0.012156351,0.674379611,1413155.621,4941.056298,5011.515919,0.249842201,1,0.826938759,28.11176284,-1.038055878,2.087692935,0.805785541,2.313235272,0.998538127,0.196699914,1.02761113874,3.26581039815,4.33947694845,1.41806791062,2.92140903783,834.466752475
HA5 64-fold,1,23,24,,8.179155333,0.847222222,6.481313061,18325.70514,2,5.020235866,0.73436589,3675.574626,UndecidedProblem,1.808467509,13.03472095,576380.2337,594705.9388,0.631483954,7.167031086,0,2.467567602,1.025129441,1.899331393,594264.4961,12.0111347,3.345551667,0.039180154,0.670501211,590567.7439,4110.68967,4138.194877,0.250978384,2,0,14.06128086,-0.787268932,1.968600006,3.886907544,2.43721374,0.999457102,0.237388848,1.03355518026,8.45360836458,4.2630606945,3.67069403586,0.592366658645,3.91171007525
HA5 control,1,23,25,,3.678288528,0.944444444,2.224388451,26760.54275,2,5.744525202,0.728155459,6611.506082,UndecidedProblem,1.182609503,8.645819818,1407966.599,1434727.141,0.720631216,7.761581723,0,2.544542179,0.977371567,2.867099319,1443109.434,12.63561646,0.177311222,0.027017843,0.669119216,1428115.635,6535.373281,6611.506082,0.235927811,2,0,46.54652418,-1.009213596,2.039768985,1.139105566,2.550516511,0.997162564,0.251726126,1.03568987922,3.80956620129,4.42749491743,1.65417551076,2.77331940666,593.361558444
HA5 64-fold,1,23,26,,8.511040639,0.888888889,6.501701449,19266.39368,2,5.038214151,0.700439924,2640.78953,UndecidedProblem,0.807563772,UndecidedProblem,613806.9307,633073.3244,0.661901711,7.536033349,0,2.426390751,1.076163662,2.05929005,632597.5555,11.79483281,1.009694444,0.018806592,0.61106286,629662.3228,3510.648287,3411.001636,0.265545848,2,0,17.96555686,-0.833562516,2.008761716,3.790581396,2.388239757,0.998383466,0.34561155,1.13408954359,9.65228219373,4.2848004302,4.19117767856,0.0936227516381,1.24057421902
HA5 control,1,23,27,,3.178060528,0.951388889,1.569135583,16217.24791,2,6.478148054,0.702926732,3482.434831,UndecidedProblem,1.48263608,10.9294558,1429535.533,1445752.781,1.693717185,8.697508807,0,2.957414885,1.159036796,2.176186066,1445753.111,11.68231282,0.177311222,0.030795582,0.586366548,1442270.346,3482.490328,3482.434831,0.227831933,2,UndecidedProblem,28.16086097,-1.084641742,2.162028537,0.681308373,2.257958275,0.998017836,0.212783247,1.18185459652,3.75600544304,4.20997715574,1.63091855972,2.57905859602,379.366166481
HA5 128-fold,1,23,28,,8.179155333,0.875,6.862410323,7397.06541,3,6.1977834,0.729146489,2111.692125,UndecidedProblem,1.505202553,12.65328403,535575.8531,542972.9185,0.64158059,7.987557374,0,2.37732997,1.084342548,2.375839602,542727.1037,11.33879358,5.010367222,0.006513443,0.591520323,540833.5588,2053.126778,2139.359685,0.187149801,3,UndecidedProblem,25.75366559,-0.778150085,2.040097974,4.243656238,2.532803343,0.997804043,0.259684402,1.17155738029,9.58234979488,3.86905945905,4.1608118953,-0.291752436251,0.510796089467
HA5 control,1,23,29,,3.345551667,0.9375,1.624625096,23229.79148,1,6.005378097,0.728787789,4540.818143,UndecidedProblem,UndecidedProblem,7.707678987,1469029.37,1492259.162,0.743799648,8.360330137,0,2.801466192,UndecidedProblem,3.507040564,1492382.316,12.16736718,0.177311222,0.010727185,0.684296681,1487718.344,4429.632947,4540.818143,0.279822547,1,0.823032835,19.20347034,-1.06777989,2.112249962,0.754834656,2.305698662,0.997965413,0.207042067,1.01271863395,3.38810251402,4.36604531141,1.47116913331,2.8948761781,785.011787632
HA5 128-fold,1,23,30,,8.511040639,0.854166667,6.574248361,18028.88719,1,5.249441409,0.808359965,3380.44314,UndecidedProblem,UndecidedProblem,12.64567988,667788.1123,685816.9995,0.6333032,7.336013776,0,2.435175539,UndecidedProblem,2.58035761,685407.8975,11.99361506,2.845433861,0.03133171,0.742961422,681572.2892,4161.354059,4244.710257,0.269555571,1,0.987066916,-6.956401091,-0.901343235,2.004791013,10.56689172,2.40368121,0.998982597,0.347292532,0.932753679369,7.93870447129,4.25596892128,3.44711440351,0.808854517766,6.43953514468
HA5 control,1,23,31,,3.510059417,0.847222222,1.863678087,26537.47046,1,5.812488545,0.705238576,5238.850095,UndecidedProblem,UndecidedProblem,7.613831857,1464858.363,1491395.833,0.387478613,8.0295807,0,2.354426739,UndecidedProblem,3.15748977,1489717.573,12.22813006,1.009694444,0.022984497,0.631709049,1485688.302,5768.729562,5707.531039,0.244461829,1,0.958252395,33.03046494,-1.015617193,2.103688582,0.938682267,2.25613506,0.997373005,0.212083063,1.09702401936,3.85061948983,4.42385952374,1.67200151534,2.7518580084,564.752300138
HA5 256-fold,1,23,32,,10.18306933,0.868055556,8.137595616,25576.94034,1,4.308173481,0.863419854,4851.60092,UndecidedProblem,UndecidedProblem,13.80008377,481108.0447,506684.985,0.721194465,6.622264008,0,3.056310705,UndecidedProblem,2.410178962,506688.7712,12.46811548,0.677804139,0.033259422,0.800383518,501541.7315,5215.340882,5143.253487,0.320169867,1,1.231990766,22.55661233,-0.795376167,1.867108802,4.706986556,3.085544399,0.999289371,0.455714937,0.865834920904,8.8168570279,4.40784859046,3.82842250451,0.579426085944,3.79687313196
HA5 control,1,23,33,,3.510059417,0.868055556,1.890602799,25212.06789,1,5.94057034,0.700445667,5048.37723,1.707537819,UndecidedProblem,1.707537819,1523242.014,1548454.082,0.345727601,8.082522248,0,2.388620854,UndecidedProblem,2.941281359,1547768.17,12.22792113,0.845140528,0.030416285,0.621191131,1542741.708,5844.915915,5712.374793,0.232727549,1,0.948585862,40.88361383,-1.056587202,2.107735663,0.863823599,2.265811971,0.997322982,0.2128162,1.11559867071,3.91581761972,4.40160846791,1.70031160213,2.70129686577,502.686087556
HA5 256-fold,1,23,34,,10.68304719,0.868055556,6.151626067,45873.23545,2,3.774251158,1.140383185,2803.117803,UndecidedProblem,1.663429074,15.4377934,581783.4827,627656.7182,0.431177898,7.641075199,0,2.564642678,1.268290298,3.65532038,626666.9127,11.6326168,4.845858389,0.036658704,0.924086633,624512.3793,3135.615111,3144.338893,0.606038758,2,0,25.19171576,-1.034705923,2.047383628,3.353122776,2.690522538,0.999396363,0.312274721,0.749929687599,8.0115342418,4.6615593721,3.4787382726,1.1828210995,15.2342507452
HA5 control,1,23,35,,3.845753861,0.923611111,2.108263997,35276.63174,1,5.508529968,0.72420228,6664.469916,UndecidedProblem,UndecidedProblem,7.843074226,1570628.419,1605905.05,0.66460273,7.912680751,0,2.503028676,UndecidedProblem,3.314424489,1612676.195,12.62586117,0.177311222,0.013815727,0.666608589,1599240.58,6579.283303,6664.469916,0.278337515,1,0.926157979,23.80932257,-1.051281786,2.060371603,0.97896035,2.31819998,0.996795686,0.205148681,1.03959056549,3.9980094311,4.54748711142,1.73600062141,2.81148649002,647.867941151
HA5 512-fold,1,23,36,,8.846674111,0.756944444,7.46768868,2403.191844,2,7.623179452,0.550507713,429.1114903,UndecidedProblem,2.732850012,12.92291507,471395.7853,473798.9772,0.584210848,7.805763766,0,2.217729095,1.059935566,4.308039284,474059.9275,9.607931393,5.84629975,0.023077672,0.502627555,471681.469,2165.7263,2117.508129,0.024603517,2,UndecidedProblem,28.86388613,-0.72280473,2.211827725,4.834701031,2.577108572,0.986421365,0.274537992,1.37875449347,12.1973916828,3.38078844141,5.29630555052,-1.91551710911,0.0121473876468
HA5 control,1,23,37,,3.678288528,0.881944444,1.736118085,26683.00931,2,5.933045972,0.641575399,3307.817738,UndecidedProblem,1.452044794,7.39970427,1603587.269,1630270.278,0.259709291,8.617704106,0,2.396484089,0.798726675,2.987390359,1633934.075,11.63535742,1.009694444,0.016903642,0.564794004,1626120.048,4320.160309,4150.230153,0.263861752,2,UndecidedProblem,23.60835879,-1.027493814,2.179715153,0.837748229,2.385887146,0.996174143,0.212152163,1.2269960288,4.51324541665,4.42623480774,1.9597244536,2.46651035414,292.759066806
HA5 512-fold,1,23,38,,12.52270167,0.854166667,6.65247617,104367.4685,1,2.577382911,1.07811581,2416.186725,UndecidedProblem,UndecidedProblem,15.38289054,518556.0327,622923.5012,0.489139147,7.812873334,0,2.575729079,UndecidedProblem,3.472968713,622521.2091,11.70446101,2.510107167,0.029438842,0.983610696,620153.2096,2795.947081,2770.291632,0.869771678,1,0.988290736,-8.925551702,-1.17618442,2.055565546,11.94673697,2.581451814,0.994009126,0.28605447,0.704547035548,8.82283233865,5.0185651495,3.83101708148,1.18754806802,15.4009697566
HA5 control,1,23,39,,3.00994825,0.930555556,0.929438259,12542.26848,1,7.092868671,0.718487555,2091.309937,UndecidedProblem,UndecidedProblem,7.844596319,1699609.735,1712152.004,0.725325131,9.653939956,0,2.550864606,UndecidedProblem,2.838306734,1715335.497,10.87367065,0.509624889,0.02892992,0.46180047,1710026.72,2143.873122,2125.28323,0.207940256,1,0.899538134,26.45545775,-1.087754558,2.267248662,0.50004617,2.294599986,0.996752582,0.190636278,1.50064810458,4.51687313625,4.09837609305,1.96129966837,2.13707642469,137.112302741
HA5 1024-fold,1,23,40,,10.68304719,0.819444444,8.795854817,11610.96305,1,5.191373137,0.748389022,2033.893502,UndecidedProblem,UndecidedProblem,UndecidedProblem,412644.3364,424255.2994,0.647859011,7.51725325,0,2.442565771,UndecidedProblem,3.42407481,423473.009,11.35910244,6.511028222,0.008429983,0.699602136,421939.4593,2244.426445,2315.840062,0.282455352,1,0.962465055,23.41101607,-0.746379445,1.986070313,5.278929274,2.350884199,0.997302509,0.275096828,0.990563013375,10.5822314166,4.06486824299,4.5949767332,-0.530108490209,0.295047208325
HA5 control,1,23,41,,4.510389417,1.0,2.713946064,76419.7947,2,4.615386202,0.924538571,20142.87627,UndecidedProblem,1.058573986,8.565713661,1796743.137,1873162.932,0.857645934,6.539062878,0,2.691027765,1.240636968,2.08869666,1873872.796,14.21980599,0.177311222,0.003983467,0.838034574,1853020.055,20047.05976,20142.87627,0.27992677,2,UndecidedProblem,31.53047344,-1.196868863,1.862301439,1.035326308,3.032251397,0.994833212,0.340924845,0.82693485627,3.72979822427,4.88320586663,1.61953895973,3.2636669069,1835.130304
HA5 1024-fold,1,23,42,,11.68668019,0.854166667,7.339658436,54768.05296,1,3.418041479,1.259465811,4981.967634,7.36107546,UndecidedProblem,7.36107546,530642.1851,585410.2381,0.476141621,6.78335133,0,2.548885968,UndecidedProblem,2.042052323,585137.5629,12.42885206,3.00994825,0.004987716,1.153869095,580095.6686,5322.924257,5314.569514,0.658148531,1,1.003448079,-9.868068779,-1.2374307,1.944099791,12.86144675,2.557674727,0.998522973,0.345008852,0.600588058908,7.01888057039,4.73852730175,3.04771192809,1.69081537366,49.0699226803
HA5 control,1,23,43,,3.678288528,0.923611111,2.36263799,25840.45196,1,6.126218795,0.678141052,6724.247266,UndecidedProblem,UndecidedProblem,7.841140336,1779153.381,1804993.833,0.731255682,7.95651921,0,2.436032194,UndecidedProblem,2.838288234,1806017.249,12.61178168,0.845140528,0.010346778,0.610736557,1797727.342,7353.581563,7266.491656,0.197064827,1,0.93391842,26.22102462,-1.115512284,2.075961867,0.923785917,2.275055337,0.995107024,0.191081388,1.13469546248,4.17373730242,4.41230010538,1.8123045169,2.59999558848,398.103126637
HA5 2048-fold,1,23,44,,11.186771,0.8125,9.28342026,7148.3512,2,5.874786582,0.81069881,1403.183022,9.316816311,2.087612372,8.267011898,412313.8782,419462.2294,0.568990166,7.774427833,0,2.411683502,1.12179454,2.561246233,419667.0706,10.6810827,7.346503806,0.0039558,0.763132135,417546.3998,1908.213425,1915.829622,0.252696471,2,0,21.93196,-0.963642185,2.082898954,4.577935226,2.515094803,0.998052501,0.271695977,0.908099617637,10.1587024677,3.85420588134,4.41107358562,-0.556867704287,0.277416504803
HA5 control,1,23,45,,4.678461722,1.0,2.247578547,76319.70233,2,4.573209399,0.859637672,10769.9977,UndecidedProblem,0.840443682,UndecidedProblem,1740491.811,1816811.513,0.760379379,7.398247001,0,2.674587131,1.183020129,2.840103162,1819318.72,13.30372739,0.177311222,0.005402117,0.77828003,1806041.515,10766.43607,10769.9977,0.377669401,2,UndecidedProblem,24.5679563,-1.176689311,1.987643494,0.876080164,2.636053731,0.996450659,0.203009065,0.890425005509,4.16581930458,4.88263666782,1.80886639365,3.07377027417,1185.1416859
HA5 2048-fold,1,23,46,,12.02268531,0.847222222,7.611612075,25384.9535,3,4.683375564,1.374565169,2350.120374,7.560610719,1.796539271,6.996559843,626863.2595,652248.213,0.702490439,7.982255506,0,2.595923314,1.003556975,1.976038443,654325.2747,11.24873774,5.178466667,0.015311159,0.942290749,649668.8376,2570.272255,2579.375423,0.527873019,3,0,28.62979791,-1.149283796,2.104500716,3.620458184,2.595934808,0.999590893,0.200598834,0.735441795152,8.84198526694,4.4045763722,3.83933359398,0.565242778223,3.67487675136
HA5 control,1,23,47,,3.00994825,0.805555556,1.651087327,19028.68046,2,6.152680231,0.831066151,6021.16256,UndecidedProblem,0.805922077,8.158881328,1334757.188,1353785.869,0.869979015,7.81274178,0,2.754375958,1.032416482,3.402683505,1364562.158,12.54690087,0.177311222,0.015843197,0.740642305,1347764.706,6006.580187,6021.16256,0.215787271,2,UndecidedProblem,31.86723775,-1.069310336,2.060120635,0.880626784,2.524306799,0.998318522,0.291101642,0.935674340126,2.81633134263,4.27940867327,1.22289680531,3.05651186796,1138.96890603
HA5 undiluted,1,24,0,,4.345784972,0.881944444,2.490957355,12826.14257,1,6.164761828,0.697964032,2047.483051,UndecidedProblem,UndecidedProblem,8.599097592,907357.0349,920183.1775,0.494805021,8.811925762,0,2.581126007,UndecidedProblem,3.51565333,920957.9163,11.3310283,0.177311222,0.043962565,0.576414045,918135.6944,1975.58053,2047.483051,0.265468385,1,0.872289577,-1.324544957,-0.864189214,2.14877178,3.451217936,2.251489313,0.998259316,0.1951185,1.20226078114,5.22476683509,4.10809606304,2.26867860838,1.83941745467,69.0903598498
HA5 undiluted,1,24,1,,4.178394028,1.0,2.702013548,16033.04348,1,6.044084585,0.870112817,4968.703021,UndecidedProblem,UndecidedProblem,9.307006866,1041920.815,1057953.858,0.871119607,7.734191677,0,2.621567365,UndecidedProblem,3.626514993,1058304.744,12.47309496,0.177311222,0.026886234,0.771078568,1052985.155,4839.450533,4968.703021,0.228141478,1,0.92438187,19.06675204,-0.974233531,2.000435717,1.712708393,2.423329342,0.997910723,0.166186285,0.898741099493,3.75529444284,4.20501597033,1.63060983189,2.57440613844,375.323829136
HA5 undiluted,1,24,2,,4.345784972,0.944444444,2.533090076,18100.79124,3,5.698179079,0.855013917,4087.611391,UndecidedProblem,1.639030211,9.025175712,921666.6253,939767.4165,0.854012403,7.844901891,0,2.69329304,0.750408139,1.700982714,938772.1944,12.17259966,0.177311222,0.018090034,0.685566543,935679.8051,4017.18544,4087.611391,0.256392003,3,UndecidedProblem,14.96038316,-0.947692959,2.025663454,1.696655796,2.453504707,0.998660829,0.209920021,1.01084279429,4.39290542449,4.2576975596,1.90747087473,2.35022668488,223.988996919
HA5 undiluted,1,24,3,,4.178394028,0.965277778,2.792990082,14233.24736,1,5.963128045,0.805544641,4340.828862,UndecidedProblem,UndecidedProblem,8.905009404,873708.3596,887941.6069,0.909586966,7.676350449,0,2.702310879,UndecidedProblem,3.510131049,888057.517,12.29925553,0.177311222,0.028467483,0.681506124,883600.7781,4239.413391,4340.828862,0.205403421,1,0.868267518,5.521744023,-0.862713104,1.998247301,1.966582141,2.346328759,0.998788799,0.194840856,1.01686540384,4.24886433068,4.15330399704,1.84492589261,2.30837810443,203.412718722
HA5 2-fold,1,24,4,,4.510389417,0.930555556,2.81885723,13489.68589,1,5.848933677,0.866294517,3494.661847,UndecidedProblem,UndecidedProblem,9.497673119,764020.9107,777510.5966,0.694031809,7.797565664,0,2.522701578,UndecidedProblem,3.651492931,777441.9651,12.05120966,0.177311222,0.021216781,0.754208482,774015.9347,3432.056521,3494.661847,0.25604891,1,0.955730986,-8.395889478,-0.840559884,2.010729723,10.62631714,2.411024067,0.998962117,0.209689537,0.918844081629,4.14434462165,4.13000183716,1.79954173758,2.33046009957,214.022828614
HA5 2-fold,1,24,5,,6.179220528,0.972222222,2.706785878,55576.71705,3,3.925842685,0.99836676,4741.060615,UndecidedProblem,1.418378404,10.01464068,789097.6123,844674.3293,0.943619444,7.477041558,0,2.831499203,1.061682348,1.935726057,844543.378,12.45342798,0.177311222,0.00955436,0.799917488,839933.2687,4657.622822,4741.060615,0.483387267,3,UndecidedProblem,-7.520666873,-0.871746254,1.970595229,9.710692313,2.52109077,0.998898619,0.23321886,0.866339354241,5.35330192194,4.74489288916,2.32449063046,2.42040225871,263.270536653
HA5 2-fold,1,24,6,,6.179220528,0.979166667,3.712760606,62112.78432,3,3.80064218,0.928592133,9869.468737,UndecidedProblem,1.347284162,9.4709275,803429.5148,865542.2991,1.035655559,6.454488088,0,2.829705343,1.050288717,1.567774924,865234.2177,13.40827761,0.177311222,0.006563569,0.900906818,855672.8304,9778.662698,9869.468737,0.409318695,3,UndecidedProblem,29.96178116,-0.863953819,1.829935777,2.35684029,2.618814066,0.998913139,0.272633027,0.769224947746,4.75321058776,4.79318099773,2.06392122786,2.72925976987,536.11723599
HA5 2-fold,1,24,7,,6.179220528,0.958333333,2.783881684,57076.24497,2,3.981731821,0.944138191,4502.421641,UndecidedProblem,1.705911902,9.886561429,844652.8985,901729.1435,0.845911614,7.645849171,0,2.772636322,0.979793052,2.452145281,901588.5421,12.3105153,0.177311222,0.010425545,0.777237599,897226.7218,4431.205835,4502.421641,0.484576796,2,UndecidedProblem,-3.334330248,-0.891342295,2.004625698,5.488220152,2.511294284,0.998909639,0.262129495,0.891619243448,5.50951193228,4.75645539327,2.39231955375,2.36413583953,231.278807569
HA5 4-fold,1,24,8,,5.178466667,0.930555556,3.607403482,13890.02791,1,5.762455472,0.851833423,3755.070505,UndecidedProblem,UndecidedProblem,10.04383579,740116.4277,754006.4556,0.67511966,7.649593069,0,2.547046596,UndecidedProblem,3.66177342,753779.3063,12.14685238,0.177311222,0.035375154,0.713524435,750251.3851,3645.622886,3755.070505,0.235402671,1,0.92151856,2.269742119,-0.818734323,1.994968138,2.697362112,2.347150712,0.999309164,0.271293123,0.971235133664,5.0295087655,4.14270311839,2.18389438363,1.95880873476,90.951263097
HA5 4-fold,1,24,9,,6.679198194,0.895833333,3.756433397,48913.55037,1,4.124311047,0.873334052,4823.517433,UndecidedProblem,UndecidedProblem,10.19350262,804128.6639,853042.2143,0.60626796,7.466387747,0,2.27819799,UndecidedProblem,3.626597919,852715.9424,12.3176415,0.177311222,0.013081135,0.766615218,848218.6969,4758.49875,4823.517433,0.43751344,1,1.053336795,25.88228165,-0.853702651,1.995108909,2.518124196,2.399709769,0.999535218,0.264323729,0.903973706402,6.03781954723,4.68942918705,2.62171929971,2.06770988734,116.871841569
HA5 4-fold,1,24,10,,5.346070972,0.868055556,3.478739517,15739.18152,0,5.70049791,0.841714514,3379.254328,UndecidedProblem,1.555419356,14.44849293,802731.2704,818470.4519,-0.145538754,7.727090662,0,3.10053767,1.520065891,1.729451023,818026.8996,11.92422102,2.510107167,0.026426185,0.620143997,814607.5211,3781.467483,3862.930876,0.220358479,4,UndecidedProblem,30.63300969,-0.849397343,2.036061381,2.437756056,2.434015023,0.999155414,0.259247644,1.11748239659,5.97414020214,4.19698214412,2.59406869394,1.60291345018,40.0786837533
HA5 4-fold,1,24,11,,5.010367222,0.854166667,3.375192478,12121.59313,UndecidedProblem,6.160104583,0.829902252,3149.704497,UndecidedProblem,1.542831209,14.39085895,854712.4487,866834.0419,UndecidedProblem,7.913980069,0,UndecidedProblem,1.460755488,3.052132132,866797.0002,11.81466093,2.510107167,0.035966287,0.703950563,863239.9384,3504.557178,3594.103443,0.21664725,2,UndecidedProblem,24.69227021,-0.870962019,2.064568815,2.35397619,2.336483042,0.999344603,0.243466712,0.984444130631,4.93242660401,4.08355970251,2.14173973253,1.94181996999,87.4621139498
HA5 8-fold,1,24,12,,7.510941583,0.861111111,4.42910011,53575.23581,2,3.783329197,0.804372699,3759.146174,UndecidedProblem,0.908049282,10.51662353,684090.5879,737665.8237,0.325386451,7.135502564,0,2.476948065,1.102548733,2.122405078,737605.6784,12.21361178,2.178148639,0.027878619,0.722291491,732419.4484,5226.382921,5246.37533,0.414321131,2,UndecidedProblem,-8.979236915,-0.844583433,1.985924612,11.78477462,2.508567338,0.998335741,0.220822205,0.95944644044,7.20634616616,4.72896409125,3.12911253416,1.5998515571,39.7971119814
HA5 8-fold,1,24,13,,7.346503806,0.875,4.15329293,51339.68625,1,3.993290573,0.842184669,3675.124813,UndecidedProblem,UndecidedProblem,10.64884243,766283.9809,817623.6671,0.503814659,7.241969353,0,2.438861106,UndecidedProblem,3.443681584,817386.1063,12.09346664,1.677970417,0.009440127,0.782997434,812222.3031,5489.653434,5401.36407,0.434486841,1,0.987882058,-9.157733323,-0.847334225,2.020564995,11.94215913,2.409307127,0.999004269,0.262814944,0.88506037173,6.50209938946,4.71045321026,2.82331714696,1.88713606329,77.1145028889
HA5 8-fold,1,24,14,,5.84629975,0.840277778,3.712644646,14601.0879,UndecidedProblem,5.68721195,0.87973566,2754.712184,UndecidedProblem,1.793101696,10.912205,737725.8357,752326.9236,UndecidedProblem,7.509235787,0,UndecidedProblem,0.825823724,2.252840147,752009.0175,11.71806926,1.510040889,0.039583715,0.654403558,748197.3863,4279.364807,4129.537248,0.209555489,4,0,-9.494297097,-0.847140873,2.058712081,12.20474286,2.440600457,0.998781853,0.231994568,1.05897957236,6.19111200913,4.16438521547,2.68828137609,1.47610383938,29.9298016965
HA5 8-fold,1,24,15,,7.179124361,0.930555556,4.724219868,51785.56983,1,4.051665017,0.908123907,8088.64019,UndecidedProblem,UndecidedProblem,10.76054029,806993.5213,858779.0912,0.565277586,6.696979391,0,2.636881739,UndecidedProblem,2.348216267,857724.4531,13.13749945,0.677804139,0.017066532,0.797590124,850501.7704,8318.985709,8277.320756,0.363047678,1,0.921262688,-9.219300339,-0.884468184,1.883473484,12.00389317,2.429260759,0.999053603,0.246829638,0.868867328152,6.23770660201,4.71420875943,2.708513505,2.00569525443,101.320017104
HA5 16-fold,1,24,16,,6.511028222,0.868055556,5.078212412,16049.33246,4,5.458570438,0.742534389,4265.479365,UndecidedProblem,0.951111073,12.17223495,689699.8904,705749.2229,0.499984077,7.370303941,0,2.294715325,1.097994625,1.683985011,705480.0338,12.27456659,0.177311222,0.016111177,0.709625546,701483.7435,4230.800035,4265.479365,0.237095219,4,UndecidedProblem,23.54601405,-0.796575219,1.964752741,3.257919943,2.553399225,0.999252601,0.214572181,0.976571381775,6.35848382753,4.2054569735,2.7609569377,1.4445000358,27.8291560324
HA5 16-fold,1,24,17,,8.346460917,0.868055556,6.348133965,93051.12295,1,3.135201844,1.120264728,26759.95211,6.40541939,UndecidedProblem,6.40541939,724493.4051,817544.528,0.597180585,4.882382691,0,2.568089562,UndecidedProblem,1.856555488,817315.0914,14.76655495,3.678288528,0.014475176,1.03096536,789826.1524,27672.17906,27718.37562,0.311640697,1,0.981785079,14.33373916,-0.77510811,1.581084431,3.82903826,2.521312012,0.999665806,0.241528643,0.672185532984,5.61037028003,4.96872161861,2.43611388625,2.53260773236,340.884875212
HA5 16-fold,1,24,18,,7.010943389,0.875,4.725731488,24397.32861,2,4.940639887,0.82659091,3626.311527,UndecidedProblem,1.482133699,10.91885685,724846.3362,749243.6648,0.548607527,7.285603412,0,2.550802947,1.013286008,2.520108018,749210.6688,12.13466991,2.510107167,0.012551245,0.730008749,744441.4905,4723.551307,4802.174263,0.296646867,2,UndecidedProblem,-8.780330167,-0.81233547,1.993432616,11.93423075,3.134699679,0.999120831,2.826491994,0.949303691153,6.65551443765,4.38734227579,2.8899324523,1.49740982349,31.4347364448
HA5 16-fold,1,24,19,,8.179155333,0.854166667,3.981241554,70033.29061,2,3.563748387,1.1755652,6241.207888,UndecidedProblem,2.058654828,12.45069069,758098.9528,828132.2434,0.410931792,6.630019147,0,2.653088739,1.22175367,2.570456636,828116.9806,12.82108524,2.178148639,0.030172512,0.876260025,819771.1118,8386.65717,8361.1316,0.458058351,2,UndecidedProblem,-9.999558196,-0.943066299,1.926958456,12.7508139,2.683066298,0.998964933,0.273619568,0.790861137366,6.46857608935,4.84530453275,2.80876078565,2.0365437471,108.778670641
HA5 32-fold,1,24,20,,7.179124361,0.909722222,5.015449462,17483.40537,1,5.270022236,0.918045101,3416.498567,UndecidedProblem,UndecidedProblem,11.96834541,657139.0579,674622.4633,-0.34327362,7.392763829,0,2.954945573,UndecidedProblem,3.390600454,674510.4166,12.04237506,1.009694444,0.026071927,0.816502524,670608.0957,4105.275253,4014.367561,0.300231071,1,0.938562546,-7.995021378,-0.845689001,1.991431028,11.278128,2.357637435,0.999101527,0.233328322,0.848742018096,6.09322449832,4.24262602723,2.64577702923,1.596848998,39.5229176987
HA5 32-fold,1,24,21,,7.346503806,0.923611111,5.112233198,23930.12186,4,4.970366273,0.852664537,3880.745199,UndecidedProblem,0.589162499,11.55492134,726265.0206,750195.1424,0.591655454,7.430276531,0,2.500239159,1.706629082,1.109450837,750166.7534,12.16940754,0.845140528,0.03370811,0.755047143,745845.6545,4440.738672,4349.487989,0.321039649,4,UndecidedProblem,-11.20141786,-0.957449721,2.00131847,14.08031845,2.373406204,0.998879139,0.238050181,0.917823484831,6.74279372455,4.37894491019,2.92783053606,1.45111437413,28.2562402243
HA5 32-fold,1,24,22,,7.179124361,0.840277778,5.701824742,16293.69396,2,5.418728539,0.680423102,3655.729968,UndecidedProblem,2.199790762,10.85569129,680684.8092,696978.5031,0.583676169,7.574810841,0,2.315330216,1.03559449,2.255013708,696849.9024,11.9576388,0.177311222,0.025247348,0.582229144,693322.7731,3593.923259,3655.729968,0.220116172,2,UndecidedProblem,36.32457883,-0.782200647,2.004684939,3.519331136,2.524869485,0.999251517,0.225692341,1.19025302519,8.5449744889,4.21201955482,3.71036669079,0.501652864023,3.17433577761
HA5 32-fold,1,24,23,,7.679024111,0.881944444,5.237727277,32716.35702,2,4.594014951,0.801770244,3969.850804,UndecidedProblem,1.863359014,12.57803181,757418.5336,790134.8906,0.519126821,7.375821864,0,2.363297349,1.096507132,2.439168239,790079.4076,12.20006534,3.510059417,0.031313999,0.692515681,785377.6227,4677.965924,4757.267977,0.332623226,2,0,28.26159629,-0.880065302,1.999691174,3.137577511,2.543856838,0.999045004,0.260086755,1.00069936178,7.68439452698,4.51476493882,3.33668889578,1.17807604304,15.0687088951
HA5 64-fold,1,24,24,,7.346503806,0.895833333,5.946651684,8545.235964,1,6.273263697,0.724142444,2215.18584,UndecidedProblem,UndecidedProblem,11.89301237,652398.6709,660943.9069,0.73149246,7.726957743,0,2.377699247,UndecidedProblem,3.366614978,660843.8549,11.43390133,2.345529417,0.031558193,0.663903666,657824.1658,3083.427852,3119.741048,0.171445357,1,0.999160147,13.77465538,-0.817381262,2.065790157,3.63173561,2.375702329,0.999124875,0.287934873,1.04382613847,7.66847269911,3.93172405962,3.32977537955,0.601948680068,3.99897491678
HA5 64-fold,1,24,25,,9.515039361,0.902777778,4.717317218,73351.89222,2,3.381385989,1.342198007,5681.102958,UndecidedProblem,1.384368271,12.69376658,691029.1917,764381.084,0.345302811,6.586804642,0,2.762197855,0.96249913,1.410075848,764436.4337,12.81448106,2.010097222,0.01028409,0.822840743,756428.9414,8029.848378,7952.142578,0.449939852,2,0,-9.076829686,-1.021860623,1.919789696,12.0101087,2.465126599,0.997249897,0.255210726,0.842204285453,8.01360692609,4.86541132159,3.47963826578,1.38577305581,24.3093337268
HA5 64-fold,1,24,26,,8.179155333,0.923611111,5.925552793,18037.07424,1,5.277508721,0.671208548,1776.932638,UndecidedProblem,UndecidedProblem,11.65244664,681570.5283,699607.6025,-0.04092115,8.314895495,0,2.889214752,UndecidedProblem,2.786837726,699498.126,11.19887927,1.177710472,0.012795624,0.576027711,697410.6455,2239.621971,2196.957043,0.302979592,1,0.94567998,-7.707804379,-0.84351562,2.104785438,11.19430691,2.321599023,0.998317109,0.277063257,1.20306712119,9.84007286026,4.25616609282,4.27271943563,-0.0165533428069,0.962601772848
HA5 64-fold,1,24,27,,8.011009639,0.944444444,4.02457962,25392.14854,3,4.935598707,1.169040343,3009.571361,4.424099847,1.521496433,4.424099847,751682.4402,777074.5887,0.639542639,8.012351249,0,2.695638131,0.709864567,1.71687487,776870.4269,12.12714309,0.177311222,0.034492087,0.668260406,774065.0174,2966.978909,3009.571361,0.35418762,3,UndecidedProblem,-10.87384954,-0.971846665,2.013005812,13.89330724,2.48842268,0.998103458,0.244894681,1.03702088853,8.30758433386,4.40469944997,3.60728803034,0.797411419635,6.27207755243
HA5 128-fold,1,24,28,,9.179088833,0.861111111,6.580443753,28556.98237,1,4.473005902,0.895476854,3719.105437,UndecidedProblem,UndecidedProblem,13.150691,605635.7498,634192.7322,0.687647759,7.239269488,0,2.445332811,UndecidedProblem,4.01403396,634328.2023,12.10142307,5.178466667,0.023395109,0.847053598,629995.297,4161.158292,4197.43518,0.401464835,1,0.978928076,23.16403936,-0.779316516,1.966154499,4.198407129,2.393804943,0.998078259,0.274589342,0.818130047067,7.50968837897,4.45571231342,3.26082864914,1.19488366428,15.6633143617
HA5 128-fold,1,24,29,,8.846674111,0.868055556,6.472334099,33478.08857,2,4.405564636,0.842063245,4792.538134,UndecidedProblem,0.610549595,12.50547266,676047.0009,709525.0895,0.433333577,6.961543426,0,2.468618154,1.385479228,1.310187286,709437.1844,12.46266196,3.510059417,0.010623541,0.75679123,703832.1788,5621.899252,5692.910676,0.333947174,2,UndecidedProblem,-6.459614045,-0.959064621,1.947907624,9.811765081,3.042521842,0.999277346,0.487235284,0.91570828589,8.10097278601,4.524760654,3.51757394095,1.00718671305,10.1668569518
HA5 128-fold,1,24,30,,9.179088833,0.902777778,6.909251048,28147.71337,1,4.502040208,0.872292531,4637.968168,UndecidedProblem,UndecidedProblem,13.01615204,609663.6672,637811.3805,0.763643919,6.756804037,0,2.479970324,UndecidedProblem,2.581707415,637805.5332,12.4166138,2.678047194,0.014609164,0.781755756,631913.5597,5803.73199,5897.820819,0.305168281,1,0.971662762,24.90471912,-0.830209783,1.924451676,4.046138831,2.409694815,0.999423614,0.304555034,0.886466130478,8.1369513591,4.44944311993,3.53319642167,0.916246698261,8.24606394498
HA5 128-fold,1,24,31,,9.011071639,0.930555556,5.07970143,37559.11307,UndecidedProblem,4.262288229,1.178857129,3705.786036,UndecidedProblem,0.954546209,14.9428986,683202.9759,720762.0889,UndecidedProblem,7.281770527,0,UndecidedProblem,1.49729624,2.086344746,720323.0134,12.26815605,1.009694444,0.016728956,0.959892878,716130.1739,4778.111838,4631.915042,0.492890982,8,UndecidedProblem,-8.77719254,-1.167910371,1.996446356,11.36952821,2.594921431,0.996953995,0.269438429,0.721955559712,6.50559326874,4.57471532818,2.82483424609,1.74988108209,56.2187366755
HA5 256-fold,1,24,32,,8.679149306,0.9375,7.245082501,9715.446567,1,5.936560418,0.787324977,2744.546536,7.483527473,UndecidedProblem,7.483527473,585323.6811,595039.1277,0.746444753,7.693597849,0,2.478103409,UndecidedProblem,3.232616205,595060.9091,11.75025311,0.677804139,0.028624409,0.707706853,592164.7635,2904.809926,2874.364213,0.218126833,1,0.95962171,38.79212897,-0.824337476,2.002163463,4.222457767,2.37804183,0.999036488,0.274892206,0.979219004398,8.49878794244,3.98746276758,3.69031174227,0.297151025318,1.98221621897
HA5 256-fold,1,24,33,,11.35425711,0.958333333,5.471887842,83743.16361,2,3.011046249,1.253621999,3328.050676,UndecidedProblem,1.49194631,15.03159563,591351.3877,675094.5513,0.677456134,7.593436501,0,2.710919295,1.201408201,2.330955372,675072.0268,12.07579176,0.845140528,0.01708256,1.076747198,671599.0261,3525.636035,3495.525269,0.83410902,2,UndecidedProblem,-12.56289969,-1.202906716,2.01863879,15.27543063,2.599847604,0.997112281,0.293432204,0.643605111104,7.30765790879,4.92294936344,3.17310373808,1.74984562536,56.214147045
HA5 256-fold,1,24,34,,9.011071639,0.805555556,6.904969904,15025.26628,1,5.37539583,0.7116804,1923.639365,UndecidedProblem,UndecidedProblem,12.84024706,608677.3427,623702.609,0.573472941,7.284583794,0,2.30115307,UndecidedProblem,3.125842592,623326.4204,11.54615083,5.178466667,0.031465775,0.632019328,619702.2467,3854.007861,4000.362365,0.211953591,1,1.019977069,22.11327827,-0.756523476,2.030810093,4.44656511,2.347123365,0.991152314,0.281861063,1.09648545432,9.88050897998,4.17682217737,4.29027745549,-0.113455278111,0.770095741618
HA5 256-fold,1,24,35,,8.511040639,0.819444444,4.767940643,10400.76534,3,5.990368655,1.151276052,1028.433232,UndecidedProblem,1.996322905,13.63184166,650819.1847,661219.95,0.397592822,8.260128389,0,2.521712945,0.851946137,2.288225029,661220.1778,10.51870482,4.345784972,0.04443871,0.767920077,659063.2014,2166.081011,2156.748652,0.301868977,3,UndecidedProblem,27.1495608,-1.065235874,2.185591846,2.98574451,2.482817669,0.997075314,0.275138004,0.902437663444,7.68068362774,4.01706529802,3.33507756307,0.681987734955,4.80825769109
HA5 512-fold,1,24,36,,8.846674111,0.8125,7.610788266,3670.205473,1,7.309467905,0.558287271,802.7394463,UndecidedProblem,UndecidedProblem,12.89969858,578512.7284,582182.9338,0.575866754,7.580722386,0,2.320204768,UndecidedProblem,4.328438773,582194.5825,10.3024575,4.345784972,0.046744657,0.529387797,579141.8062,3153.370313,3041.127604,0.033317592,1,0.958362045,33.97691645,-0.678226173,2.164938452,5.020977464,2.223596186,0.990293105,0.233795873,1.30905926417,11.5808207021,3.5646903785,5.02858041775,-1.46389003925,0.034364494572
HA5 512-fold,1,24,37,,9.179088833,0.902777778,5.823039746,16828.4345,3,5.224518307,1.086118745,1982.910755,UndecidedProblem,1.480229385,14.78520089,612359.5783,629188.0128,0.397510846,7.520940481,0,2.73142485,1.516523979,3.429657988,629192.0074,11.30647295,2.010097222,0.006923034,1.007283705,625762.2936,3570.871189,3425.719183,0.396520617,3,UndecidedProblem,-9.327242466,-1.16968601,2.095841077,12.18662954,2.745646544,0.99745643,0.311508957,0.687988891868,6.31511115458,4.22604371671,2.74212381875,1.48391989796,30.4733288236
HA5 512-fold,1,24,38,,10.51502822,0.909722222,7.880258782,13005.0172,2,5.277705224,0.65307792,796.4742596,UndecidedProblem,0.967114134,13.93136633,491491.8941,504496.9113,0.739207907,8.23187498,0,2.547760895,0.861528526,2.951567543,504449.0745,10.63886083,1.009694444,0.034367898,0.571239066,502818.8136,1865.883308,1678.097622,0.292572016,2,UndecidedProblem,-6.59719459,-0.833746303,2.11583265,11.14621669,2.4219955,0.990927896,0.285192732,1.21315232316,12.7563309132,4.11411093092,5.53900604135,-1.42489511043,0.0375928186429
HA5 512-fold,1,24,39,,3.00994825,0.951388889,5.270396846,2600.831501,1,7.983201011,1.057545673,1118.42269,UndecidedProblem,UndecidedProblem,14.97307107,655504.1563,658104.9878,0.621276633,9.03083432,0,2.38834986,UndecidedProblem,1.9151605,658111.3543,10.89918319,0.677804139,0.048160936,0.581011742,656846.8067,1286.621891,1258.181126,0.111516658,1,1.04741763,-20.46812636,-1.501339675,2.20694139,22.34786545,2.501599751,0.983925033,0.314279896,1.19274697894,3.59010668196,3.41511221665,1.55888262352,1.85622959313,71.8173859091
HA5 1024-fold,1,24,40,,11.01859839,0.930555556,7.766531395,11819.82524,1,5.113444441,0.912599963,1122.83916,UndecidedProblem,UndecidedProblem,UndecidedProblem,397357.1744,409176.9996,0.648317653,8.509429956,0,2.093177777,UndecidedProblem,2.202225547,409210.0884,10.36652664,0.177311222,0.043786215,0.625042705,408054.1604,1052.59143,1122.83916,0.36514877,1,1.178506359,-10.8660354,2.273727429,1.535543677,27.6613836,2.466823321,-5.214700961,0.256846182,1.10872424309,12.2165871599,4.07261105541,5.30464053837,-1.23202948296,0.0586098374685
HA5 1024-fold,1,24,41,,11.01859839,0.881944444,9.337308297,44033.69419,1,3.780336864,1.426594148,19401.36896,9.439286155,UndecidedProblem,9.439286155,561000.4884,605034.1826,0.40793221,4.923275958,0,3.028763863,UndecidedProblem,1.681636446,605031.7817,14.3273553,4.010306667,0.013437157,1.283237104,585094.1358,19918.47556,19940.04671,0.255543815,1,1.13229168,-12.12208633,-0.988805434,1.597606496,16.62908579,2.609795914,0.999347854,0.276493122,0.54004049434,5.95048932147,4.64378512196,2.58379909747,2.05998602449,114.811667473
HA5 1024-fold,1,24,42,,12.35397717,0.770833333,9.067988234,41987.92329,1,3.559353517,1.001263657,4281.088735,UndecidedProblem,UndecidedProblem,UndecidedProblem,453002.2404,494990.1637,0.710653027,6.759040372,0,2.494871861,UndecidedProblem,3.915215478,495124.3563,12.14398698,6.679198194,0.002618858,0.951935759,490420.0956,4540.779322,4570.068135,0.5173437,1,1.010109589,34.50863591,-0.850656787,1.909674128,4.971559339,2.520093989,0.999600683,0.254491137,0.727990301287,8.99357556208,4.6231243951,3.90515656191,0.717967833186,5.22357498204
HA5 1024-fold,1,24,43,,11.51866667,0.895833333,9.245302126,28338.77059,3,4.425131814,1.093066399,6772.575079,9.137860579,1.261911613,8.232643619,580466.5178,608805.2884,0.474659693,6.469954162,0,3.020202673,1.321799398,1.464491352,608801.211,12.87473463,1.009694444,0.019163193,1.002820168,601937.3223,6875.918569,6867.966101,0.353284762,3,0,-9.585165695,-1.062694245,1.854775936,13.72360835,2.868575787,0.998768087,0.181376708,0.691051119746,7.95998750028,4.45238100549,3.45635584033,0.996025165159,9.90889360234
HA5 2048-fold,1,24,44,,12.186565,0.861111111,8.70978344,27830.12475,1,4.16314281,1.076873602,2986.103178,8.928187088,UndecidedProblem,8.928187088,470762.6893,498592.814,-1.652308169,7.174876843,0,3.133660128,UndecidedProblem,3.213050668,498702.1938,11.69536308,6.511028222,0.007996303,0.970782677,495142.2279,3406.154647,3450.586113,0.497066976,1,1.021205489,35.14138438,-1.010292611,1.987761444,4.261183201,2.504941643,0.999192851,0.294283968,0.71385699026,8.69946461251,4.44451515309,3.77744881134,0.667066341749,4.64586238845
HA5 2048-fold,1,24,45,,11.85419158,0.9375,7.131797168,43210.23075,1,3.971357012,1.313435835,3537.901354,5.620648818,UndecidedProblem,5.620648818,634562.6217,677772.8525,0.596816087,7.470535965,0,2.75719421,UndecidedProblem,2.999288415,679447.3361,12.06186563,0.677804139,0.0052017,1.235639991,673951.3974,3892.982556,3821.455094,0.731975187,1,0.958088181,-9.308087651,-1.391532683,2.04254247,11.96177148,2.631793469,0.99708846,0.25669052,0.560842968055,6.64833998962,4.63558658552,2.88681719046,1.74876939507,56.0750145661
HA5 2048-fold,1,24,46,,10.01507008,0.805555556,8.449383793,6339.156434,UndecidedProblem,6.673966957,0.941751023,2108.127266,9.186217089,2.242767315,8.918789439,640946.0976,647285.254,UndecidedProblem,8.262295863,0,UndecidedProblem,0.770142886,2.243864569,649777.8614,11.5977798,0.177311222,0.020401429,0.611655596,645177.1268,1954.76375,2108.127266,0.172521013,2,0,47.42637859,-0.900456905,2.026646939,4.736531487,2.543680859,0.99777879,0.263545004,1.13299053345,11.3469795925,3.80203146917,4.92704281046,-1.12501134129,0.0749874626641
HA5 2048-fold,1,24,47,,11.35425711,0.895833333,7.248332582,28115.6237,3,5.139223084,1.062825698,1934.917584,UndecidedProblem,1.527105018,UndecidedProblem,962734.6295,990850.2532,0.468218832,8.692203256,0,2.883876373,2.553313095,2.602655073,993543.9033,11.14648809,3.345551667,0.005008774,0.994072042,988454.7646,2402.905582,2395.488643,0.599082502,3,0,-8.897450508,-1.337915834,2.210435611,11.68342801,2.575054806,0.998328306,0.314117728,0.697132572611,7.91542246918,4.44894772208,3.4370049801,1.01194274197,10.2788077187
HA5 undiluted,1,25,0,,4.178394028,0.854166667,2.306186595,12499.27477,1,6.22432108,0.705249287,1932.742162,UndecidedProblem,UndecidedProblem,8.664652803,922028.391,934527.6657,0.691012458,8.917444377,0,2.579156579,UndecidedProblem,3.984047996,937875.0947,11.32893771,0.177311222,0.051445921,0.631805172,932594.9236,1792.117257,1932.742162,0.294917687,1,0.89613981,-10.51179147,-0.829226745,2.144665824,12.44892732,2.311284886,0.998271134,0.209087485,1.09685711785,4.58310123078,4.09688481521,1.99005698253,2.10682783267,127.887421964
HA5 control,1,25,1,,3.00994825,0.979166667,1.55448358,16235.65138,1,6.240294827,0.810434862,4539.285527,UndecidedProblem,UndecidedProblem,UndecidedProblem,1211163.001,1227398.653,0.928556717,8.078922951,0,2.697015987,UndecidedProblem,3.763878596,1228599.339,12.10782787,0.177311222,0.03229622,0.701757843,1222859.367,4560.597583,4539.285527,0.225973242,1,0.851668986,48.73624648,-0.997959057,2.065485663,0.940552533,2.296964872,0.997785001,0.177643276,0.987520135204,2.9723845028,4.21046971736,1.29065762171,2.91981209565,831.40397324
HA5 undiluted,1,25,2,,4.178394028,1.0,2.386093294,12224.67468,2,6.070705384,0.877393702,2968.225369,UndecidedProblem,0.993168195,9.295490316,809453.4522,821678.1269,0.875752656,8.112828916,0,2.745901863,0.84450071,2.716457834,821877.604,11.72886447,0.177311222,0.022606702,0.710571253,818709.9015,2898.159902,2968.225369,0.252930667,2,UndecidedProblem,-7.726282103,-0.861898941,2.054317229,9.711732083,2.368691737,0.998758771,0.178672215,0.975271652314,4.07506924771,4.08723731061,1.7694612452,2.31777606541,207.862461274
HA5 control,1,25,3,,4.678461722,0.986111111,1.856093649,69940.19305,2,4.084885442,0.783726584,5706.114924,UndecidedProblem,1.617856317,10.15741511,1116920.846,1186861.039,1.428772304,7.700426511,0,3.012358606,1.222405826,2.672362951,1186848.368,12.56169931,0.177311222,0.008064983,0.734193209,1181154.924,5697.277568,5706.114924,0.452732112,2,UndecidedProblem,2.278534088,-0.977860081,2.015085057,1.173714501,2.397724932,0.998469468,0.176480958,0.943893230699,4.41596834948,4.84472682672,1.91748517129,2.92724165543,845.749316405
HA5 2-fold,1,25,4,,6.179220528,0.951388889,3.009261418,53274.02405,1,3.895124578,0.897920566,4648.018977,UndecidedProblem,UndecidedProblem,9.575617714,739345.6302,792619.6542,0.697671207,7.413868972,0,2.53758743,UndecidedProblem,3.312733095,791566.7084,12.41585862,0.177311222,0.006203584,0.80247109,787971.6352,4578.052985,4648.018977,0.480591911,1,0.950856891,-9.61665351,-0.838014315,1.964067767,11.91313427,2.412882495,0.998956881,0.216707909,0.863582512362,5.33626678801,4.72651550243,2.31709369866,2.40942180377,256.697597357
HA5 control,1,25,5,,4.510389417,0.972222222,2.026679336,61010.06369,1,4.258864169,0.773886119,6601.854703,UndecidedProblem,UndecidedProblem,7.622301359,1107002.033,1168012.097,0.727432321,7.466968113,0,2.742078915,UndecidedProblem,2.649792137,1167339.474,12.77441395,0.177311222,0.009832744,0.700262177,1161410.242,6588.941269,6601.854703,0.385547822,1,0.88221229,1.657230564,-0.973594487,1.985754434,1.311495241,2.41909572,0.998284685,0.191673124,0.989629345639,4.46361372732,4.78540147836,1.93817356809,2.84722791027,703.441376966
HA5 2-fold,1,25,6,,6.010929361,0.958333333,4.003074074,39756.72742,1,4.196409147,0.834581406,7592.623998,UndecidedProblem,UndecidedProblem,9.420521077,689122.6378,728879.3652,0.883666158,6.584937683,0,2.545518375,UndecidedProblem,2.896220531,728877.2255,13.00167264,0.177311222,0.013440481,0.749040681,721286.7412,7585.228901,7592.623998,0.309599159,1,0.941618787,20.56305635,-0.760186815,1.857557733,2.740438834,2.396907924,0.999037722,0.234028228,0.925183394679,5.56121203138,4.59941062819,2.41476857637,2.18464205182,152.982604989
HA5 control,1,25,7,,4.345784972,1.0,1.9225745,54106.78537,1,4.487175832,0.764477108,6060.872388,UndecidedProblem,UndecidedProblem,7.589450461,1159355.417,1213462.203,0.644973141,7.64538799,0,2.666000493,UndecidedProblem,2.695030582,1214205.483,12.65320109,0.177311222,0.009096272,0.703074129,1207401.33,5939.534061,6060.872388,0.381257067,1,0.893289711,16.16880169,-0.987571164,2.009619403,1.05516923,2.38151081,0.998543089,0.183219635,0.985671313188,4.28351558018,4.73325173209,1.85997202787,2.87327970422,746.929658183
HA5 4-fold,1,25,8,,6.846513861,0.951388889,4.405528579,54394.92431,1,3.831368659,0.852146574,7400.5742,UndecidedProblem,UndecidedProblem,UndecidedProblem,719915.7881,774310.7125,0.59601718,6.70913158,0,2.453171117,UndecidedProblem,2.221915389,774000.7094,13.10260298,0.177311222,0.021714235,0.771846229,766910.1383,7213.410581,7400.5742,0.381377802,1,0.979870374,-6.932915233,-0.797808532,1.859067886,9.819331177,2.4037897,0.998919179,0.267981425,0.897847231693,6.14712351684,4.73555837678,2.66918085838,2.0663775184,116.513840714
HA5 control,1,25,9,,4.678461722,0.993055556,2.453757198,76838.92669,1,4.044953281,0.824234432,11874.39089,UndecidedProblem,UndecidedProblem,7.809758335,1191494.851,1268333.778,0.783512376,6.738937137,0,2.63503167,UndecidedProblem,2.6919966,1269241.283,13.6121225,0.177311222,0.005517995,0.767040112,1256459.387,11807.68068,11874.39089,0.355887314,1,0.928034784,30.8376894,-0.932901699,1.880785302,1.441831704,2.445401048,0.998087516,0.191943199,0.903472959443,4.22686365762,4.88558128987,1.83537284308,3.05020844679,1122.5571148
HA5 4-fold,1,25,10,,6.679198194,0.868055556,4.364401049,38575.85665,2,4.244839131,0.743941566,4534.243936,UndecidedProblem,1.612384818,9.752692203,692798.0877,731373.9443,0.339589117,7.242713029,0,2.630947846,1.096880927,1.791778974,731000.8673,12.28475451,2.510107167,0.006703537,0.626761473,726544.8508,4759.306781,4829.09348,0.324661349,2,0,-5.125708239,-0.754357187,1.967003413,8.05541965,2.351860631,0.999221063,0.227889206,1.10568378858,7.38508116379,4.58631557917,3.20672217273,1.37959340645,23.9658814361
HA5 control,1,25,11,,4.510389417,0.951388889,1.93073081,64136.38362,1,4.351630597,0.768037226,6277.135571,UndecidedProblem,UndecidedProblem,7.750471991,1245274.083,1309410.466,0.698473025,7.704595333,0,2.727518964,UndecidedProblem,2.876582607,1311355.798,12.74827427,0.177311222,0.013770285,0.696509564,1303133.331,6114.870549,6277.135571,0.400180154,1,0.879155556,15.71465134,-0.986794618,2.011886656,1.086478965,2.397913451,0.99837715,0.180044038,0.994961212047,4.48766252114,4.80710446825,1.94861594492,2.85848852333,721.919085249
HA5 8-fold,1,25,12,,7.510941583,0.8125,4.334623213,56821.63441,2,3.718745964,0.881601664,4700.226227,UndecidedProblem,1.04942046,10.72512357,691292.4014,748114.0358,0.383248597,6.828909894,0,2.55323301,1.100782831,2.362848317,747738.1177,12.53088058,2.178148639,0.020090838,0.793958258,741533.5026,6580.453347,6580.533239,0.422240808,2,UndecidedProblem,-8.307655962,-0.865720933,1.945392347,11.07916331,2.539630169,0.997857961,0.22458908,0.872841856631,6.55586419635,4.75451372156,2.84666269924,1.90785102232,80.881839954
HA5 control,1,25,13,,3.00994825,0.916666667,2.030804454,18461.72936,1,6.142562421,0.788708435,7874.864362,UndecidedProblem,UndecidedProblem,7.745904823,1285809.514,1304271.243,0.502748833,7.257046966,0,2.469295035,UndecidedProblem,3.528416846,1305026.255,12.87361738,1.177710472,0.032986871,0.638874091,1295744.58,8562.761933,8526.663076,0.128890035,1,0.933324971,18.17772105,-0.927643019,1.995493619,1.264213857,2.304654716,0.998123106,0.195378732,1.08472077638,3.26495340261,4.26627238013,1.41769578924,2.8485765909,705.629275778
HA5 8-fold,1,25,14,,5.510712528,0.902777778,3.886875525,9497.810205,4,6.134810571,0.855566171,2539.944017,UndecidedProblem,1.489508929,9.202379519,657901.0897,667398.8999,0.661500699,7.678166978,0,2.434670016,0.610394075,1.710678767,667421.8459,11.52912424,1.510040889,0.039121001,0.582245007,664140.3309,3304.902882,3258.568946,0.160263967,4,UndecidedProblem,-7.469599587,-0.844365462,2.055482524,10.19460111,2.431434345,0.999162729,0.248611441,1.19022059729,6.55896355656,3.97762348681,2.84800849178,1.12961499504,13.4776754789
HA5 control,1,25,15,,4.678461722,0.944444444,1.840371587,82049.29731,2,4.043189513,0.844905043,8000.272211,UndecidedProblem,1.805612582,8.608091844,1270634.188,1352683.485,0.969635733,7.335960847,0,2.707156988,0.986110967,2.454295416,1353064.87,12.92118541,0.677804139,0.005675773,0.786371501,1344311.047,8502.925146,8372.437722,0.442001486,2,UndecidedProblem,39.49334165,-1.02878255,1.99873137,0.973082395,2.446769551,0.99893659,0.208796654,0.881262862551,4.12295456947,4.914074866,1.79025382956,3.12382103645,1329.90627885
HA5 16-fold,1,25,16,,6.679198194,0.833333333,4.77671315,19815.32167,2,5.173958779,1.009768194,5923.222935,4.741096278,1.052116334,4.741096278,695533.5816,715348.9033,0.555640308,6.916120875,0,2.129395699,1.108401948,2.116069877,714888.7302,12.61472434,0.177311222,0.020141098,0.643557847,709425.6803,5832.926433,5923.222935,0.197626551,2,UndecidedProblem,14.30252977,-0.757411125,1.917916766,3.467045403,2.523664646,0.999347478,0.24201873,1.07682627635,7.19233612024,4.2970011268,3.1230291447,1.1739719821,14.9269810716
HA5 control,1,25,17,,3.345551667,0.930555556,1.668842027,22488.66215,1,5.851118855,0.760904321,4853.155558,UndecidedProblem,UndecidedProblem,7.731397608,1275664.404,1298153.066,0.780677527,8.063321684,0,2.548049141,UndecidedProblem,4.289720326,1299875.013,12.16969802,0.177311222,0.026953033,0.702974233,1293299.911,4811.26093,4853.155558,0.27037347,1,0.922623131,29.99579265,-0.975130306,2.087818793,1.000831928,2.350889077,0.998794283,0.201133628,0.985811381795,3.29808291171,4.35196362004,1.4320811601,2.91988245993,831.538688023
HA5 16-fold,1,25,18,,6.010929361,0.868055556,4.90746605,8595.691094,2,6.205993858,0.704027719,2773.444441,UndecidedProblem,1.69074138,11.99343214,625961.9877,634557.6788,0.64643999,7.806935896,0,2.350086993,1.075692878,2.271297769,634292.0689,11.52112461,2.845433861,0.053744936,0.573321547,631724.0091,2833.686205,2833.669691,0.163499449,2,0.830222499,26.78175287,-0.817178526,2.04649705,3.076910293,2.57087729,0.999527853,0.207153291,1.20874577909,7.26568549354,3.93428079973,3.15487863376,0.779402165968,6.01730695045
HA5 control,1,25,19,,4.678461722,0.861111111,1.762247413,77727.6908,1,4.108334442,0.819764856,6599.876203,UndecidedProblem,UndecidedProblem,8.024600739,1262898.392,1340626.083,0.699677499,7.66625223,0,2.507230993,UndecidedProblem,3.959770269,1340425.035,12.6283411,0.177311222,0.004625966,0.781249523,1334026.207,6607.90842,6599.876203,0.473335027,1,0.96535357,36.62498711,-0.996798573,2.038623592,1.037660129,2.420364389,0.9987826,0.207255206,0.887040541591,4.1499852197,4.89057576551,1.80199097686,3.08858478865,1226.26628707
HA5 32-fold,1,25,20,,7.010943389,0.847222222,5.102792683,16694.44067,2,5.39488374,0.931932499,4010.227841,5.36237777,1.508642614,4.816620745,685720.4374,702414.878,1.26859179,7.351471511,0,3.02792718,1.09700319,2.903676122,701563.5115,12.21038478,0.677804139,0.035594675,0.828817375,698113.7709,4369.54187,4301.10718,0.281527154,2,0,-7.07839176,-0.861808798,1.979173509,10.33996895,2.561659827,0.999458616,0.259505962,0.836131119959,5.86206794781,4.22257187305,2.54540510109,1.67716677196,47.5517792867
HA5 control,1,25,21,,3.178060528,0.909722222,1.772231378,24930.28741,1,5.829344363,0.867665579,8162.138764,UndecidedProblem,UndecidedProblem,8.163128897,1392607.986,1417538.274,0.764147784,7.361799718,0,2.599959549,UndecidedProblem,4.077659993,1420116.614,12.94694695,0.677804139,0.004777815,0.7980411,1408920.159,8735.821983,8618.114434,0.214689301,1,0.957265609,22.89464599,-1.035194529,2.00254711,0.989065295,2.488851862,0.998486432,0.211268452,0.868376327986,2.75975253142,4.39672728532,1.19832936666,3.19839791866,1579.05740512
HA5 32-fold,1,25,22,,7.179124361,0.881944444,5.870628337,13942.04226,2,5.51503096,0.653059782,3376.214029,6.200210645,1.539859111,6.200210645,623610.7334,637552.7757,0.552167471,7.490015167,0,2.253938545,0.991578418,1.915485051,636730.3724,11.86840811,3.510059417,0.047154118,0.613761034,634006.3007,3475.237456,3546.475039,0.212879761,2,UndecidedProblem,42.79352829,-0.784992057,1.999138123,3.54047662,2.376395741,0.999547693,0.233226393,1.12910393722,8.10597758178,4.1443263948,3.51974710455,0.624579290251,4.21288195394
HA5 control,1,25,23,,3.510059417,0.9375,1.853958969,26527.9619,1,5.760124988,0.749526261,5786.835462,UndecidedProblem,UndecidedProblem,7.79644209,1411191.943,1437719.904,0.737633853,7.956792299,0,2.734534547,UndecidedProblem,3.456406427,1438546.662,12.55548987,0.177311222,0.013377753,0.673228056,1431933.069,5690.353826,5786.835462,0.257588424,1,0.860210996,40.29963238,-1.021276493,2.05545043,0.971469387,2.352276687,0.998077362,0.201890575,1.02936886516,3.61314587873,4.42370388513,1.5688866169,2.85481726822,715.842152344
HA5 64-fold,1,25,24,,8.511040639,0.826388889,6.05426638,31108.84847,2,4.521941472,0.755288925,3319.365765,6.528390431,1.774718094,6.528390431,683591.4399,714700.2883,0.63634541,7.473091336,0,2.464959585,1.070569783,2.116087473,714645.6836,11.96409755,2.678047194,0.019109425,0.662513892,710677.7582,3997.198397,4022.530121,0.337440091,2,UndecidedProblem,-8.411282522,-0.894860374,2.017336492,11.77258238,2.530066851,0.999126266,0.289373368,1.04601580188,8.90268299888,4.49288393549,3.8656895349,0.627194400594,4.23832641218
HA5 control,1,25,25,,3.678288528,0.902777778,2.317731132,29383.53427,1,5.62175941,0.748033371,8394.515312,2.314257925,UndecidedProblem,2.314257925,1417462.248,1446845.782,0.581707877,7.417955513,0,2.426934458,UndecidedProblem,3.424537095,1450755.527,12.91710726,0.677804139,0.011059888,0.683942487,1438385.3,8429.389131,8460.482403,0.215616781,1,0.964313334,29.50150357,-0.956702311,2.006612929,1.282807669,2.340325259,0.99752047,0.199498941,1.01324309159,3.72700043988,4.46810403181,1.61832411632,2.84977991549,707.587114322
HA5 64-fold,1,25,26,,8.179155333,0.847222222,6.278820402,16902.95687,1,5.155630461,0.735403686,2850.21535,UndecidedProblem,UndecidedProblem,11.92460585,585604.0452,602507.002,0.480784912,7.243923289,0,2.357695385,UndecidedProblem,2.167395278,602550.7578,11.83653993,1.677970417,0.030245707,0.703298646,598532.1231,4048.0249,3974.878904,0.25588441,1,0.993790378,-5.949571521,-0.793502336,1.994870576,9.798995203,2.343054987,0.998732116,0.297338549,0.985356653168,8.05938512466,4.22796268331,3.49951590302,0.728446780288,5.35114575253
HA5 control,1,25,27,,3.178060528,0.902777778,1.549931841,18596.97321,2,6.299774311,0.704003321,3726.02609,UndecidedProblem,1.524857965,7.635617676,1446489.636,1465086.609,0.96502932,8.607776953,0,2.815507846,0.855461064,2.952624722,1466512.261,11.82676599,0.509624889,0.017923227,0.621451692,1461331.14,3795.355561,3755.469507,0.250120613,2,UndecidedProblem,32.55900533,-1.066859435,2.150665354,0.714261425,2.460724676,0.998399037,0.217500023,1.11513092477,3.54395357556,4.26944226545,1.53884219521,2.73060007024,537.774332937
HA5 128-fold,1,25,28,,8.679149306,0.805555556,6.009565123,27802.3763,2,4.57092522,1.257020111,6565.988501,UndecidedProblem,1.374681387,14.22778642,632993.7923,660796.1686,0.518492897,6.53279731,0,2.665188014,1.213289913,3.101687306,660220.1278,12.90145775,4.678461722,0.019232361,1.028246675,653659.4336,6996.994834,7136.734991,0.347801123,2,0,33.97186917,-0.93146625,1.868160029,3.646376657,3.139936208,0.998723135,8.879893166,0.673962792051,5.8494236989,4.44408191714,2.53991476287,1.90416715426,80.1986678171
HA5 control,1,25,29,,3.345551667,0.902777778,2.09599776,21554.37167,2,6.099591221,0.75155158,6796.069019,UndecidedProblem,0.88176043,7.882755078,1456516.594,1478070.966,0.887456456,7.764799319,0,2.674167372,0.932858169,3.041343039,1481606.9,12.69905355,0.177311222,0.029098798,0.677643656,1471274.897,6758.129312,6796.069019,0.198839551,2,UndecidedProblem,23.87710254,-1.03357531,2.039786339,1.061264481,2.453917847,0.997260058,0.222986603,1.02266138532,3.42136650244,4.33353536729,1.48561289728,2.84792247,704.567278801
HA5 128-fold,1,25,30,,8.679149306,0.875,7.095038711,13969.18186,2,5.357534939,0.617558437,2369.332696,7.148451355,1.074381862,6.166079461,558760.4997,572729.6816,0.065475315,7.385892701,0,2.973208434,0.922659791,2.021098086,572636.8805,11.49591886,1.677970417,0.043476999,0.550804124,569305.3608,3466.488845,3424.320795,0.196963645,2,0,30.8470164,-0.753555646,2.0259802,4.251998823,2.406506742,0.998916704,0.289673142,1.25816051443,10.9197629556,4.14517097132,4.74153840887,-0.596367437548,0.253298467623
HA5 control,1,25,31,,3.845753861,0.847222222,1.883558324,32452.59223,1,5.49194148,0.78506254,5796.787878,1.66567727,UndecidedProblem,1.66567727,1428003.527,1460456.119,0.469357979,7.789725821,0,2.350864518,UndecidedProblem,3.713776079,1460456.336,12.44627653,0.845140528,0.01232639,0.732270459,1453856.067,6770.256069,6600.052385,0.291744266,1,1.005995937,25.09673329,-1.056416636,2.073823629,0.968281247,2.364960153,0.997577716,0.198849777,0.946371646545,3.63951241364,4.51124939285,1.58033539455,2.93091399831,852.931194556
HA5 256-fold,1,25,32,,11.186771,0.840277778,7.540117731,68857.60163,3,3.214738603,0.804323673,3000.754372,UndecidedProblem,0.993879303,15.05674407,570412.8625,639270.4641,-0.212850856,7.512849544,0,3.057950033,0.969248074,3.128439243,638251.2551,11.80414356,0.845140528,0.056121494,0.64491655,635770.2745,3616.100917,3500.189631,0.472067277,3,0,-5.414470379,-0.767992533,2.011607636,9.997923299,2.542655898,0.999285112,0.253337063,1.07455763075,12.0208301415,4.83795189178,5.21963966197,-0.381687770189,0.415252475177
HA5 control,1,25,33,,3.845753861,0.895833333,1.649684692,36570.74665,1,5.396970911,0.785598765,5316.003964,UndecidedProblem,UndecidedProblem,8.038973404,1504362.967,1540933.714,0.694309429,8.11392581,0,2.531822738,UndecidedProblem,3.908121182,1549772.575,12.2814223,0.677804139,0.015249977,0.729693152,1535371.484,5652.071171,5562.229521,0.342027743,1,0.94265871,44.56905098,-1.084349047,2.100767342,0.777038035,2.386644755,0.997939246,0.196423343,0.94971427113,3.65236732504,4.56313382724,1.58591720584,2.9772166214,948.891642201
HA5 256-fold,1,25,34,,0.344954222,0.805555556,UndecidedProblem,1997.51423,1,8.072490009,0.398922344,1012.27722,10.06271558,2.352693555,0.976681866,535716.6966,537714.2108,-1.125618475,9.053091352,0,3.101447169,0.377869238,2.359353969,537353.6607,12.51355739,0.177311222,0.899851506,0.16098342,536701.9336,246.6023996,1012.27722,0.035715534,2,6.639125524,-10.60593683,-0.440349321,1.855276452,17.67326342,2.154682102,0.968706309,0.206087742,4.30479113936,1.48495587835,3.30048988185,0.644791957599,2.65569792425,452.582674202
HA5 control,1,25,35,,3.845753861,0.888888889,2.046263307,33491.8724,1,5.524715954,0.708798191,5705.327727,UndecidedProblem,UndecidedProblem,7.831786865,1508367.083,1541858.955,0.645316366,8.078145322,0,2.484772698,UndecidedProblem,3.195550333,1541173.489,12.38615076,0.177311222,0.018959891,0.647770909,1536153.628,5624.868113,5705.327727,0.286955991,1,0.931455213,23.40085368,-1.055121419,2.089778464,0.927720732,2.314454483,0.997176238,0.199658645,1.06982266473,4.11427464347,4.52493942793,1.78648486473,2.7384545632,547.588808079
HA5 512-fold,1,25,36,,8.511040639,0.833333333,5.901906603,7792.482848,1,6.222241913,0.945997777,1175.020035,UndecidedProblem,UndecidedProblem,14.42207465,573985.5395,581778.0224,0.545540849,7.274793818,0,2.599077079,UndecidedProblem,3.415898214,581436.9224,10.90279569,4.010306667,0.0064527,0.79686518,578021.1524,3945.945907,3756.869933,0.15019761,1,0.92052979,22.36008211,-1.022909585,2.117615075,3.374481803,2.392527876,0.995042242,0.336590908,0.869657775736,7.40169267131,3.89167585503,3.21393515906,0.677740695969,4.76146609254
HA5 control,1,25,37,,3.845753861,0.902777778,1.565320839,29706.00283,UndecidedProblem,5.780765254,0.726497336,3669.005145,UndecidedProblem,2.265472158,9.395617114,1603451.074,1633157.077,UndecidedProblem,8.454970066,0,UndecidedProblem,0.923198382,2.533552443,1633681.35,11.81441975,1.009694444,0.010037887,0.584022707,1628503.056,4835.422991,4654.021174,0.271492445,3,UndecidedProblem,22.79926356,-1.041395478,2.160861926,0.868555983,2.365260048,0.996281347,0.193304422,1.1865976985,4.56336268047,4.47284421809,1.98148618344,2.49135803464,309.997388076
HA5 512-fold,1,25,38,,9.515039361,0.729166667,8.27345961,3598.467252,3,7.354968613,0.488460228,616.96353,UndecidedProblem,1.659030376,28.84011698,585494.3459,589092.8132,0.643387367,9.146079171,0,2.306904749,1.1553138,2.570266408,589072.7119,10.13512661,2.010097222,0.024875131,0.463260304,588053.0378,1070.458346,1039.775431,0.148685789,5,0,23.0463108,-0.817753368,2.197568452,4.662403928,2.479961846,0.99079068,0.305596007,1.49591923594,14.2337304108,3.55611755473,6.18051689571,-2.62439934099,0.00237465574704
HA5 control,1,25,39,,3.178060528,0.916666667,1.461930817,15144.52596,1,6.766886739,0.675875261,2649.038959,UndecidedProblem,UndecidedProblem,7.580001912,1634124.754,1649269.28,0.303946228,8.913007903,0,2.447876141,UndecidedProblem,4.517970162,1652355.649,11.30895203,0.845140528,0.012047634,0.628418039,1645847.84,3560.192501,3421.439298,0.235761841,1,0.919136285,33.38531393,-1.063207518,2.218705925,0.709810578,2.249931782,0.996360389,0.189548387,1.10276910749,3.50466697202,4.180255684,1.52178331395,2.65847237005,455.48320726
HA5 1024-fold,1,25,40,,0.509624889,0.9375,3.538889172,1801.861896,2,8.362807208,1.646336985,1427.604596,UndecidedProblem,1.656306462,15.41739257,591365.5988,593167.4607,0.697643579,8.698699197,0,2.587926113,1.071439099,1.783795938,592273.0434,11.31698685,0.177311222,0.050480657,0.991518875,591739.8561,1336.337573,1427.604596,0.065170411,2,0,-9.931698769,-1.417888569,2.12364977,12.1240731,2.540257992,0.993395879,0.331413981,0.698927693131,0.356190948031,3.25572150135,0.154663894065,3.10105760728,1261.99492165
HA5 control,1,25,41,,3.178060528,0.965277778,2.382901113,13365.00117,2,7.034801251,0.442417998,3805.432209,UndecidedProblem,1.574739076,6.199374836,1739123.557,1752488.558,0.959670415,8.84712899,0,2.457403092,0.738678033,2.108224492,1763307.986,11.77055783,0.177311222,0.044799282,0.420916479,1748683.126,3725.542475,3805.432209,0.137435367,2,UndecidedProblem,23.55071157,-1.017535611,2.16816464,0.961446407,2.279309077,0.994171892,0.183114257,1.6464073862,5.2323823271,4.12596900111,2.27198537868,1.85398362243,71.4469382396
HA5 1024-fold,1,25,42,,11.85419158,0.875,5.338989177,61882.23384,3,3.115157758,1.798075232,4285.014245,4.702109517,1.155361443,4.702109517,474311.7157,536193.9495,0.376593863,6.892742059,0,2.863179847,2.659599941,1.656131624,535222.3473,12.15406199,3.345551667,0.008305222,1.193845579,531681.6305,4502.22381,4512.319025,0.763120984,3,UndecidedProblem,-8.417889239,-1.348947294,1.975672101,10.93967088,2.482119613,0.998734393,0.352178162,0.580477083628,6.88108655712,4.79156598258,2.9878795298,1.80368645278,63.6335940106
HA5 control,1,25,43,,4.345784972,0.979166667,2.159283411,53327.8592,1,5.076036184,0.813605563,8396.781286,UndecidedProblem,UndecidedProblem,8.316702381,1745515.305,1798843.165,0.660479298,7.743017283,0,2.611199417,UndecidedProblem,2.92673695,1800702.789,12.99635845,0.177311222,0.018695766,0.748587527,1790446.383,8335.557905,8396.781286,0.344362239,1,0.925350945,22.56272393,-1.171964935,2.030712812,0.825732657,2.416275849,0.996636042,0.191819411,0.925743450171,4.02308197368,4.72695414966,1.74688752657,2.9800666231,955.139098231
HA5 2048-fold,1,25,44,,11.35425711,0.805555556,9.547149994,10214.4267,2,5.469239724,0.839785822,2326.84881,9.998128426,1.637351278,9.430676784,442286.2226,452500.6493,0.709755387,7.079768187,0,2.474195528,1.039894562,2.110321438,453234.4864,11.43354424,6.179220528,0.011290623,0.769679882,449155.6454,3342.33582,3345.003834,0.217477036,2,0,33.94108224,-0.838473442,1.993686249,5.232496262,2.466517512,0.998057797,0.26820017,0.900374319515,10.223081519,4.00921399622,4.4390280152,-0.429814018979,0.371694368348
HA5 control,1,25,45,,4.678461722,0.972222222,2.365095266,76789.12467,1,4.571417575,0.82923321,10998.38331,UndecidedProblem,UndecidedProblem,UndecidedProblem,1748928.171,1825717.296,0.722403696,7.34809096,0,2.539272042,UndecidedProblem,3.099841591,1827248.504,13.3364807,0.677804139,0.013758771,0.767661192,1814511.628,11256.41313,11205.66772,0.366615726,1,0.966191628,29.16858445,-1.146945898,1.983234036,0.954968293,2.453423388,0.99644434,0.156926501,0.902742000276,4.22344389313,4.88529971703,1.83388792581,3.05141179123,1125.67181249
HA5 2048-fold,1,25,46,,12.35397717,0.840277778,9.68301327,24865.93869,1,4.677231426,0.742445857,2058.966629,UndecidedProblem,UndecidedProblem,UndecidedProblem,611331.3508,636197.2895,0.969983138,8.033521619,0,3.10215023,UndecidedProblem,2.552077761,638642.6245,11.22342511,7.346503806,0.020036344,0.688108757,633769.2215,2427.813479,2428.06795,0.395918587,1,1.046186454,23.95261831,-0.920274945,2.074660888,4.764835248,2.467323024,0.998690196,0.257009451,1.00710824118,12.4417922192,4.39560485851,5.4024282324,-1.00682337389,0.0984411381177
HA5 control,1,25,47,,3.345551667,0.826388889,1.938935173,21001.42077,2,5.920350986,0.730673114,5540.915585,UndecidedProblem,1.20567758,7.716675308,1250895.476,1271896.897,0.803448813,7.842641624,0,2.670299255,0.964129448,3.097409426,1272876.836,12.38935382,0.177311222,0.007210841,0.660905598,1266355.982,5541.789795,5540.915585,0.222650715,2,UndecidedProblem,22.99836235,-1.004853349,2.073972556,1.040785032,2.516443185,0.997939024,0.281616991,1.04856125004,3.50801583804,4.32224867624,1.52323744596,2.79901123029,629.522461274
HA5 undiluted,1,26,0,,4.010306667,0.895833333,2.109741699,8676.222495,1,6.965201502,0.634011107,1034.145778,UndecidedProblem,UndecidedProblem,8.698371118,1075413.578,1084089.801,0.677977633,10.03382898,0,2.534179446,UndecidedProblem,4.455041756,1082864.332,10.45631858,0.177311222,0.07950344,0.524997024,1083055.655,974.7205499,1034.145778,0.279744497,1,0.899025572,-7.317404696,-0.865301329,2.256931561,9.073146437,2.278292127,0.997659248,0.21120971,1.32000748256,5.29363480779,3.93833068063,2.29858220052,1.63974848011,43.6263099061
HA5 undiluted,1,26,1,,3.678288528,0.958333333,2.394137569,8600.828554,1,6.968123196,0.75666147,2633.47746,UndecidedProblem,UndecidedProblem,UndecidedProblem,1068247.123,1076847.952,0.581560168,8.413100006,0,2.394285143,UndecidedProblem,3.812041921,1076847.3,11.41268541,1.009694444,0.028782101,0.637909494,1073688.884,3273.319528,3159.067663,0.164156845,1,0.948285327,32.69513064,-0.944776606,2.132552396,1.57699388,2.270465471,0.998093409,0.154902392,1.08636100657,3.99594922772,3.93454029067,1.73510604764,2.19943424303,158.282989068
HA5 undiluted,1,26,2,,4.678461722,0.930555556,2.772493327,19622.41363,1,5.556208864,0.700682978,2985.291405,UndecidedProblem,UndecidedProblem,8.488057419,903667.2135,923289.6271,0.452691673,7.962617695,0,2.358031041,UndecidedProblem,2.73978913,922624.6448,11.65413416,1.009694444,0.021910842,0.612889363,919588.3535,3794.452894,3701.273571,0.256918576,1,0.970287389,31.72326673,-0.877143699,2.079181908,1.803897756,2.287967782,0.998323946,0.189308918,1.13070978522,5.28998244883,4.29275242617,2.29699628694,1.99575613923,99.0275738837
HA5 undiluted,1,26,3,,4.510389417,0.944444444,2.954415818,19384.90541,1,5.609617887,0.810203236,5108.359332,UndecidedProblem,UndecidedProblem,8.919616784,927128.8597,946513.7652,0.492591275,7.303590813,0,2.443979276,UndecidedProblem,3.413570602,946150.4416,12.42894443,1.009694444,0.01520911,0.743790024,940522.383,6124.237447,5991.382182,0.220891724,1,0.975110484,24.03938405,-0.907859705,1.990469344,1.876859552,2.383149816,0.998395166,0.193079141,0.931714566798,4.20239552175,4.28746368618,1.82474838113,2.46271530504,290.211959166
HA5 2-fold,1,26,4,,6.010929361,0.986111111,3.340387551,48713.26998,1,4.072467525,0.883120949,5961.419287,UndecidedProblem,UndecidedProblem,9.503485377,770849.3932,819562.6632,0.755890375,7.103054604,0,2.64465469,UndecidedProblem,2.679781509,819886.0114,12.72307426,0.177311222,0.007906022,0.806408374,813601.2439,5965.570382,5961.419287,0.418050016,1,0.914158239,-9.572804236,-0.843887053,1.925259071,11.90400313,2.417632874,0.998941573,0.20813651,0.859366075978,5.16558877794,4.68764728347,2.24298253493,2.44466474855,278.397126623
HA5 2-fold,1,26,5,,6.346647194,0.916666667,4.215692172,73779.72738,1,3.520036586,1.021819878,17627.33289,UndecidedProblem,UndecidedProblem,9.803388021,772616.355,846396.0824,0.760659814,5.562449177,0,2.527370187,UndecidedProblem,2.178310959,846350.3552,14.16960742,0.677804139,0.01963282,0.931761972,828485.5048,17989.16595,17910.57764,0.328699956,1,0.984708618,34.84085233,-0.823517761,1.698604576,2.658037679,2.488723203,0.99886942,0.221970322,0.743752182237,4.72033270042,4.86793704615,2.04964511525,2.8182919309,658.100060767
HA5 2-fold,1,26,6,,6.010929361,0.930555556,3.538753597,52482.10098,1,3.962207659,0.912144885,7910.006297,UndecidedProblem,UndecidedProblem,9.562731696,765520.2782,818002.3791,0.827327445,6.628634878,0,2.490857232,UndecidedProblem,3.542824139,816836.445,13.02577021,0.677804139,0.005736829,0.864420168,809735.5942,8330.252077,8266.784916,0.395164526,1,0.984524442,34.45858181,-0.81567886,1.880650368,2.440305381,2.452309827,0.999140978,0.21766531,0.801693465347,4.81892278938,4.72001121253,2.09245453295,2.62755667958,424.186340671
HA5 2-fold,1,26,7,,4.845858389,0.965277778,3.089825264,16195.77037,1,5.799668438,0.73824809,3045.111953,UndecidedProblem,UndecidedProblem,9.049706056,885948.0432,902143.8136,0.757256132,8.205282566,0,2.68599806,UndecidedProblem,3.295546002,901790.618,11.77562879,0.344954222,0.044296315,0.624445495,899087.2066,3070.669533,3056.606976,0.26149733,1,0.844956844,19.36167604,-0.870720099,2.070301409,2.069049386,2.269552445,0.998540118,0.23105201,1.10978460978,5.37785906131,4.20940161054,2.33515373917,1.87424787137,74.8596636341
HA5 4-fold,1,26,8,,6.679198194,0.895833333,5.607774471,72610.98457,1,3.478036342,1.056801541,36156.14963,5.628286547,UndecidedProblem,5.628286547,736476.7001,809087.6847,0.705043971,4.483983108,0,2.645701158,UndecidedProblem,1.62922007,808770.7122,15.16245982,0.177311222,0.013815452,0.937913541,772931.535,36048.87171,36156.14963,0.167809925,1,0.955782348,14.37064424,-0.779649308,1.485611575,3.356394776,2.528714464,0.998355853,0.306366884,0.738874074961,4.93508638707,4.86100232562,2.14289465353,2.71810767209,522.52571969
HA5 4-fold,1,26,9,,5.346070972,0.986111111,4.111334819,15897.16554,1,5.740686463,0.791681599,5362.015445,UndecidedProblem,UndecidedProblem,9.788179533,834141.1805,850038.3461,0.933552616,7.308608739,0,2.627093657,UndecidedProblem,3.255184771,849830.0506,12.54479303,0.177311222,0.03314366,0.680143126,844676.3306,5332.114027,5362.015445,0.188444655,1,0.896735829,15.67566141,-0.807682359,1.958517538,2.718403728,2.35580901,0.998963166,0.257281769,1.01890318891,5.44712876154,4.20131969664,2.36523176793,1.83608792872,68.5627026746
HA5 4-fold,1,26,10,,5.346070972,0.930555556,3.814796892,15784.83514,1,5.634386174,0.841082088,4452.333599,UndecidedProblem,UndecidedProblem,UndecidedProblem,768293.2149,784078.05,0.620777467,7.460291769,0,2.349586236,UndecidedProblem,3.549924152,783466.9322,12.42188042,0.177311222,0.024183773,0.731674449,779625.7164,4370.14665,4452.333599,0.233633984,1,1.019117084,16.87973864,-0.794575763,1.961604204,2.730264428,2.394503474,0.99905553,0.228520172,0.947142545359,5.06349126809,4.19824005039,2.19865013812,1.99958991227,99.9056183788
HA5 4-fold,1,26,11,,5.510712528,0.916666667,3.621633513,16814.95109,1,5.697087482,0.754692374,2974.281635,UndecidedProblem,UndecidedProblem,UndecidedProblem,855533.1668,872348.1179,0.60286963,8.196218897,0,2.389689897,UndecidedProblem,3.578009959,872232.1397,11.87170804,0.177311222,0.020177788,0.709211252,869373.8362,2904.986193,2974.281635,0.306800707,1,0.988391728,21.31173769,-0.835053817,2.055992559,2.503264869,2.361949727,0.999240511,0.272985835,0.977141857304,5.38474787468,4.22569560841,2.33814497381,1.8875506346,77.1881504378
HA5 8-fold,1,26,12,,5.84629975,0.875,4.041380617,16128.64619,UndecidedProblem,5.54496914,0.865107539,3607.725182,UndecidedProblem,1.5405413,10.72521786,736879.9798,753008.626,UndecidedProblem,7.058819636,0,UndecidedProblem,0.911286643,2.0156996,747774.5563,12.1927778,2.345529417,0.012688042,0.754947629,747360.7714,5633.435943,5647.854589,0.201263692,4,UndecidedProblem,-7.451682603,-0.816299039,1.986816288,10.32688763,2.534150582,0.998582185,0.218595706,0.917944468437,5.36657851634,4.20759791501,2.33025554335,1.87734237166,75.3949698126
HA5 8-fold,1,26,13,,6.010929361,0.881944444,4.239775171,15085.27416,1,5.764055298,0.741146557,2901.565047,UndecidedProblem,UndecidedProblem,10.13701294,804712.5264,819797.8005,0.445775408,7.860004024,0,2.166131388,UndecidedProblem,3.231297541,819267.2368,11.72096978,2.510107167,0.032815194,0.643286276,816269.1409,3485.800313,3528.659651,0.235700449,1,1.064172034,31.63543029,-0.811286513,2.065489459,2.822060727,2.305136446,0.99939975,0.262723726,1.07728087145,6.47545922023,4.17855320746,2.81174955286,1.3668036546,23.2703896086
HA5 8-fold,1,26,14,,7.346503806,0.895833333,4.096967574,54257.73043,1,3.799401316,0.938685222,4983.058687,UndecidedProblem,UndecidedProblem,10.8212135,701174.2829,755432.0133,0.504862597,6.951085703,0,2.243100431,UndecidedProblem,2.921033377,755136.5303,12.56362923,2.510107167,0.010065742,0.83880391,749326.6701,6073.214631,6105.343258,0.450943704,1,0.897416169,-11.92619299,-0.892397062,1.941994717,14.56961045,2.431096101,0.997938825,0.230356991,0.826176406355,6.06950811371,4.73446162351,2.63547898989,2.09898263363,125.597973913
HA5 8-fold,1,26,15,,7.179124361,0.909722222,4.063883677,49877.30942,1,4.124311799,0.832448169,3738.215928,UndecidedProblem,UndecidedProblem,10.51723849,819973.1175,869850.4269,0.675415876,7.549340839,0,2.598586654,UndecidedProblem,3.899991606,869609.0554,12.08499533,1.009694444,0.013780925,0.791222761,865206.7014,4794.634347,4643.725512,0.461863962,1,0.918533593,-7.600524462,-0.84217345,2.029299557,10.36266158,2.386889135,0.999361294,0.237528798,0.875859535593,6.28790452879,4.69790301787,2.73031026,1.96759275787,92.8095694312
HA5 16-fold,1,26,16,,6.679198194,0.854166667,5.291656321,20546.91331,2,5.149463994,0.83667369,6479.63468,UndecidedProblem,2.13543178,10.90121969,708725.377,729272.2903,0.623030386,6.814401291,0,2.451563806,1.081441502,2.271495624,729155.068,12.78916936,0.177311222,0.034057127,0.716557249,722792.6556,6407.802608,6479.63468,0.209670159,2,UndecidedProblem,22.23817777,-0.74970479,1.890034212,3.515764485,2.606348858,0.99895032,0.234218738,0.967124400691,6.45961555047,4.31274658859,2.80486997415,1.50787661444,32.201537971
HA5 16-fold,1,26,17,,8.011009639,0.868055556,4.873977285,55640.73634,1,3.83602577,0.910787724,5168.878622,UndecidedProblem,UndecidedProblem,11.42205467,738964.9884,794605.7247,0.640545658,7.264244052,0,2.352620027,UndecidedProblem,3.867440558,794505.8685,12.45786859,0.177311222,0.023758782,0.801964661,789436.8461,5134.246959,5168.878622,0.468343585,1,1.028134014,17.73459389,-0.822188714,1.962513609,3.17890653,2.418808671,0.999583674,0.232585713,0.864127852137,6.9225365528,4.74539286874,3.00587779106,1.73951507768,54.892761275
HA5 16-fold,1,26,18,,6.179220528,0.9375,4.715338503,12968.3842,1,5.845122506,0.884131504,4183.432036,UndecidedProblem,UndecidedProblem,11.23190823,732523.7599,745492.1441,0.546829362,7.322410211,0,2.412738125,UndecidedProblem,3.503779071,745536.2061,12.1766452,2.678047194,0.024021406,0.791218115,740834.375,4637.674644,4657.76912,0.205618882,1,0.973634373,1.850522868,-0.828105629,1.988384198,3.233920595,2.34912477,0.99967591,0.253740574,0.875864678604,5.41216100178,4.11288586839,2.35004819878,1.76283766962,57.9212158321
HA5 16-fold,1,26,19,,6.010929361,0.909722222,4.101226118,16418.65796,4,5.663939976,0.934449185,3924.947283,UndecidedProblem,0.945570878,11.24732603,816022.3802,832441.0381,0.549548912,7.248670084,0,2.626641697,1.229356636,1.911028328,832843.6454,12.21409351,1.510040889,0.035899058,0.869609745,826967.2705,5620.505897,5473.767646,0.240696495,4,UndecidedProblem,-9.95921677,-0.94750643,2.010531758,12.5795753,2.605697168,0.999063819,0.231143231,0.79690919287,4.79016486547,4.21533765556,2.07996737537,2.13537028019,136.574707854
HA5 32-fold,1,26,20,,7.846507194,0.895833333,5.218671202,26813.98888,1,4.666512175,0.915568677,3667.778524,UndecidedProblem,UndecidedProblem,UndecidedProblem,654145.9529,680959.9418,0.541070825,7.298441787,0,2.386893337,UndecidedProblem,3.718433855,680571.9742,12.03798269,1.009694444,0.013609776,0.837191618,676634.0897,4451.660026,4325.852085,0.378453079,1,1.001367424,-6.288687095,-0.822248302,1.991609534,9.712232137,2.390157232,0.99962083,0.23049696,0.827767484887,6.49508352512,4.42836142494,2.82027074473,1.6080906802,40.5593214019
HA5 32-fold,1,26,21,,9.011071639,0.958333333,3.807812039,75568.72637,3,3.333013118,1.360641414,4995.437043,UndecidedProblem,1.335741551,13.59212202,685947.2642,761515.9906,0.688951627,7.026781659,0,2.702813458,1.062504929,1.462257351,761664.0454,12.54642604,1.009694444,0.01782238,0.909273622,755676.0695,5985.344182,5839.921036,0.569941755,3,UndecidedProblem,-7.852744909,-0.995157429,1.952215328,10.62013352,2.56935632,0.998840029,0.232524427,0.762146820531,6.86775959924,4.87834210271,2.98209274826,1.89624935445,78.7497809536
HA5 32-fold,1,26,22,,7.346503806,0.958333333,5.649656783,17434.21369,1,5.32422658,0.728990553,3415.191926,UndecidedProblem,UndecidedProblem,11.20785144,681046.2589,698480.4726,0.765412238,7.589120062,0,2.514209852,UndecidedProblem,3.057643629,698539.5833,11.95575892,3.678288528,0.014776717,0.689408609,694853.0221,3531.721076,3627.450457,0.271432216,1,0.929558128,26.87450263,-0.746574057,2.002043988,3.712575977,2.337104203,0.998590657,0.286793555,1.00520937939,7.38477453153,4.2414023648,3.20658902802,1.03481333678,10.8346113373
HA5 32-fold,1,26,23,,6.846513861,0.916666667,4.889749564,16457.41122,2,5.573453102,0.840573232,3254.101073,UndecidedProblem,1.844280919,11.46003512,767221.363,783678.7743,0.414504594,7.758991764,0,2.281508484,1.167604823,2.477942864,783717.4589,11.90481407,3.510059417,0.042460475,0.724295087,780060.9387,3565.450975,3617.835592,0.275042886,2,UndecidedProblem,33.01875007,-0.894857279,2.0366427,3.017179238,2.408427691,0.99908835,0.242660503,0.956792352231,6.55069210165,4.21636152096,2.84441689173,1.37194462923,23.5474904388
HA5 64-fold,1,26,24,,8.011009639,0.916666667,6.244936199,16129.8628,1,5.333306993,0.689462669,2739.947244,6.520586515,UndecidedProblem,6.520586515,634173.5814,650303.4442,0.728594055,7.538908294,0,2.371282361,UndecidedProblem,2.765104867,650309.5406,11.63548006,2.845433861,0.021328335,0.641199808,646806.5819,3494.993028,3496.862236,0.246754172,1,0.981420128,28.90984352,-0.777082016,2.034206441,3.826557957,2.327224239,0.999348275,0.278579253,1.08078634983,8.65818986619,4.20763067331,3.7595266462,0.448104027117,2.80610570758
HA5 64-fold,1,26,25,,7.679024111,0.868055556,5.174068506,19820.83333,2,5.194952425,0.914542121,2961.343673,UndecidedProblem,1.610235516,12.37061452,706215.6015,726036.4349,0.439531387,7.012349452,0,2.477385704,1.202124874,2.622591044,726174.1578,12.02800114,2.678047194,0.027656532,0.833475005,720412.6216,5783.012542,5623.813245,0.263606294,2,UndecidedProblem,-8.056849702,-0.964015839,2.013401725,11.08436072,2.649511215,0.997773048,0.268297276,0.831458647041,6.38479099793,4.29712190964,2.77237993831,1.52474197132,33.4766484252
HA5 64-fold,1,26,26,,8.346460917,0.881944444,5.949808572,22530.18613,1,4.925989197,0.760860934,2556.941989,UndecidedProblem,UndecidedProblem,12.02506539,662382.6194,684912.8056,0.712693215,7.307801781,0,2.495336241,UndecidedProblem,2.930257516,684816.0286,11.84015955,2.510107167,0.00874353,0.699553276,680589.9796,4340.505029,4322.825928,0.288995793,1,0.944766904,-8.048578745,-0.810870912,2.018374419,11.7727872,2.357511096,0.998157445,0.270170283,0.990632198826,8.26827293063,4.3527647796,3.59021838064,0.762546398957,5.78823825164
HA5 64-fold,1,26,27,,7.846507194,0.909722222,5.682423543,28439.82877,3,4.71401422,0.968179294,6047.845375,UndecidedProblem,1.441067844,13.13619411,717985.9975,746425.8263,0.607654663,6.762340479,0,2.535205272,1.139296911,1.76765096,746205.1804,12.76435058,1.009694444,0.019268431,0.810917449,739550.0881,6981.961682,6875.738207,0.288127185,3,UndecidedProblem,-8.568968552,-0.99445524,1.917866775,11.56358209,2.598251974,0.998821175,0.24037737,0.854587604268,6.70552778479,4.45392697727,2.91164905983,1.54227791744,34.8560297371
HA5 128-fold,1,26,28,,8.511040639,0.875,6.048464195,16607.65164,2,5.257987348,0.91690864,2886.056583,UndecidedProblem,1.47833277,13.71627426,618899.0509,635506.7025,0.112038603,7.782663946,0,2.904841023,0.959001803,1.702697091,635510.688,11.69985673,0.177311222,0.050337813,0.602059926,632620.6459,2886.345096,2886.056583,0.264486689,2,UndecidedProblem,26.11097501,-0.80805933,2.022426692,3.957411865,2.383991077,0.999402322,0.296977949,1.15104820978,9.79661809085,4.22030822656,4.25385066906,-0.033542442504,0.925672917022
HA5 128-fold,1,26,29,,8.679149306,0.888888889,5.271123251,26229.74514,5,4.708899575,1.140782677,3370.617053,UndecidedProblem,1.048823464,12.61423997,659754.4176,685984.1627,0.253951656,7.42591896,0,2.68553227,1.748540772,1.364088968,685925.4923,12.06361764,3.845753861,0.033825207,0.751950863,681994.9267,3887.431346,3989.236068,0.352045776,5,UndecidedProblem,-7.468271608,-1.02287154,2.001854098,10.54885845,2.52663682,0.998178877,0.236790227,0.921602772334,7.99872806191,4.41879407081,3.47317762133,0.945616449485,8.82300345891
HA5 128-fold,1,26,30,,8.679149306,0.888888889,6.931587568,13542.09656,1,5.586593143,0.618036623,1883.105014,UndecidedProblem,UndecidedProblem,12.08994954,637213.6556,650755.7521,0.725020847,8.04658536,0,2.417166836,UndecidedProblem,3.070416353,650892.5413,11.12489811,2.845433861,0.037405866,0.5663748,648294.5093,2438.615193,2461.242805,0.243241459,1,0.936376233,43.89322712,-0.762104873,2.09545087,4.167351092,2.263377575,0.99898182,0.261816054,1.22357138771,10.6195587605,4.13168590615,4.61118487212,-0.479498965969,0.331513359126
HA5 128-fold,1,26,31,,8.346460917,0.923611111,5.160042416,22658.76265,2,4.968177736,1.279953693,5045.45622,UndecidedProblem,1.667746773,12.21470987,686603.2703,709262.0329,0.592919761,6.805218686,0,2.553738967,0.808077214,2.286333863,709261.0487,12.57038652,1.677970417,0.046228271,0.710190131,702919.9522,6393.22037,6342.080658,0.228383386,2,UndecidedProblem,-10.45926335,-1.022958622,1.935674302,13.60626996,2.661916719,0.998415015,0.270760141,0.97579502974,8.14443507873,4.35523619022,3.53644597426,0.818790215954,6.58855561075
HA5 256-fold,1,26,32,,10.01507008,0.888888889,7.409091959,26758.90657,1,4.414293033,0.853685584,3253.659001,UndecidedProblem,UndecidedProblem,13.72108563,543803.2669,570562.1734,0.383898847,6.935320665,0,2.863498161,UndecidedProblem,2.87735704,570465.7862,11.94722325,1.845573139,0.006652196,0.752767311,565900.2684,4764.086459,4661.905073,0.327812255,1,0.994420083,8.234200094,-0.846714683,1.969291867,4.231581516,2.423912868,0.998864104,0.285624963,0.920603206161,9.21990562558,4.42746836319,4.00343275101,0.424035612184,2.65482324878
HA5 256-fold,1,26,33,,9.011071639,0.930555556,7.129121042,16059.89772,2,5.312797365,0.883604034,3736.651389,UndecidedProblem,0.538125284,13.60435779,622283.1648,638343.0625,0.454109854,7.416442191,0,2.770102793,1.369893489,1.825743718,638105.7417,12.15870759,0.177311222,0.024295926,0.743610448,634606.4111,3736.514626,3736.651389,0.271910872,2,UndecidedProblem,-15.89584923,-1.028235565,1.978180165,19.30705078,2.466520274,0.998080351,0.338620034,0.931939568445,8.39777421447,4.20574277508,3.64644994115,0.559292833926,3.62487332191
HA5 256-fold,1,26,34,,11.01859839,0.840277778,8.050070741,87764.67843,1,2.870226339,1.422851318,20853.26006,UndecidedProblem,UndecidedProblem,UndecidedProblem,553952.9775,641717.6559,0.638179824,4.94359383,0,2.614601394,UndecidedProblem,2.401229307,641795.3586,14.56663241,0.177311222,0.005921568,1.328901584,620864.3959,20435.24817,20853.26006,0.469330198,1,1.01111971,21.9697759,-0.859384755,1.553060677,4.566408054,2.643675003,0.999319611,0.267704056,0.521483312492,5.74601518743,4.94331976591,2.49501310787,2.44830665804,280.741527166
HA5 256-fold,1,26,35,,9.850454889,0.875,4.488818956,40265.47862,UndecidedProblem,4.070198431,1.302301034,2205.394065,UndecidedProblem,1.175794744,15.22920424,636105.0593,676370.5379,UndecidedProblem,6.933170648,0,UndecidedProblem,1.411939195,1.333771919,676506.6913,11.8415361,4.010306667,0.030283798,0.936696873,670835.86,5552.264441,5534.677904,0.457216329,7,0,27.47715779,-1.124373212,2.033176051,2.874466154,2.610937517,0.993619348,0.278342122,0.739833792527,7.28769939865,4.60493286575,3.16443742885,1.4404954369,27.5737248066
HA5 512-fold,1,26,36,,9.011071639,0.743055556,7.669233343,2973.597514,1,7.520784417,0.52732363,503.3041373,UndecidedProblem,UndecidedProblem,12.9020042,543115.977,546089.5745,0.542293374,7.723146592,0,2.311040782,UndecidedProblem,4.533462348,546367.6611,9.882190606,6.346647194,0.036019671,0.487159866,543505.1426,2657.567713,2584.431944,0.025748675,1,0.960302743,35.21789978,-0.669664661,2.199860938,5.140923269,2.219298803,0.983559642,0.249226533,1.42253097672,12.8185285399,3.47328218501,5.56601326093,-2.09273107592,0.00807735041575
HA5 512-fold,1,26,37,,0.677804139,0.902777778,6.429322563,2128.359157,2,8.12429347,0.976295752,1509.080712,UndecidedProblem,1.535279942,UndecidedProblem,591754.7101,593883.0693,0.669015878,8.620365125,0,2.945859533,1.272684656,2.021277232,593917.4604,11.62272385,0.177311222,0.055078232,0.716849241,592373.9886,1519.407558,1509.080712,0.068964503,2,0,-9.803316509,-1.095891661,2.0391352,13.16510958,2.664611199,0.995637289,0.29941098,0.966730464879,0.655253910392,3.32804491626,0.284521889011,3.04352302725,1105.40907906
HA5 512-fold,1,26,38,,10.18306933,0.854166667,7.716367924,14300.2977,2,5.348608986,0.737391746,1543.263553,UndecidedProblem,1.631394866,14.00945276,568388.7005,582688.9982,0.628815609,8.115757801,0,2.554770452,0.708239879,2.044322191,582543.4554,11.12202919,1.510040889,0.017901029,0.583197024,580588.3647,2180.505692,2100.633478,0.280209314,2,UndecidedProblem,4.53663927,-0.787741257,2.076697767,4.714331914,2.385426934,0.995164301,0.273466917,1.18827766858,12.1003138824,4.15534507859,5.25415279306,-1.09880771447,0.0796511931045
HA5 512-fold,1,26,39,,10.51502822,0.854166667,5.876097725,25290.11723,3,4.605788399,0.996741604,1031.716122,UndecidedProblem,1.779636566,15.79098683,590498.0002,615788.1174,1.380672205,7.93823491,0,2.839661282,1.120581815,3.009299425,615939.4079,10.57573556,3.678288528,0.030115658,0.897394305,613277.4772,2588.858987,2510.64023,0.508063567,3,UndecidedProblem,54.15223374,-1.090102232,2.169681215,3.192023884,2.480022436,0.996507193,0.332817298,0.77223578993,8.1200811236,4.40295084248,3.52587109145,0.877079751033,7.53493917786
HA5 1024-fold,1,26,40,,10.85017486,0.868055556,8.2682065,13761.01553,1,5.173142794,0.680236734,990.4716257,UndecidedProblem,UndecidedProblem,14.35057335,482741.7111,496502.7266,0.644020679,8.969470279,0,2.312635252,UndecidedProblem,3.012571583,496504.6122,10.10631313,0.177311222,0.019165316,0.621423166,495512.255,942.7876698,990.4716257,0.404091715,1,1.005343511,-0.680774547,3.578002961,1.599746425,32.48780312,2.324992845,-10.47060929,0.236991954,1.11518211408,12.0999209385,4.13865048498,5.25398217045,-1.11533168547,0.0766775653021
HA5 1024-fold,1,26,41,,10.85017486,0.895833333,6.874614024,28826.58717,1,4.445696279,1.210929681,3382.052788,7.289911443,UndecidedProblem,7.289911443,599349.1531,628175.7402,0.349645298,7.457474746,0,2.644427845,UndecidedProblem,1.164051838,629023.4231,11.9744428,4.010306667,0.026139945,0.721250101,624601.7154,3554.309431,3574.024865,0.373318008,1,1.075202809,-7.590307438,-1.098314527,2.005411598,11.09853553,2.50797993,0.997576242,0.301769926,0.960831754532,10.4251925477,4.45979322855,4.52678790608,-0.0669946775338,0.857048348663
HA5 1024-fold,1,26,42,,1.845573139,0.868055556,6.677358451,584.9446412,2,9.802295434,0.796661069,312.099038,UndecidedProblem,2.235969428,UndecidedProblem,521690.6339,522275.5785,1.16133058,10.60928592,0,2.43078524,0.529766436,2.598197123,522310.5101,9.98830386,1.177710472,0.167263185,0.431274224,521941.24,334.352718,334.3385275,0.067690959,2,UndecidedProblem,-9.275826208,-1.079330877,2.21856435,12.85034878,2.34354759,0.979693585,0.302735963,1.6068662615,2.96558921019,2.76711476667,1.28770699531,1.47940777136,30.158363492
HA5 1024-fold,1,26,43,,11.51866667,0.965277778,7.695803441,42201.62892,1,3.965174727,1.148459563,4180.646341,UndecidedProblem,UndecidedProblem,UndecidedProblem,616920.2766,659121.9055,0.471961968,7.300675503,0,2.812400431,UndecidedProblem,2.101752702,658724.6022,12.45457919,0.177311222,0.017265328,1.043448755,654941.2592,4188.520448,4180.646341,0.590422259,1,0.912445192,-10.04012913,-1.36434712,1.990505981,12.72421548,2.529614962,0.992856571,0.278955181,0.664143779634,7.65005081856,4.62532921441,3.32177629985,1.30355291455,20.1165228351
HA5 2048-fold,1,26,44,,8.511040639,0.833333333,7.593138071,1612.519185,4,8.259935951,0.781982888,507.6481905,UndecidedProblem,2.153945559,UndecidedProblem,492690.626,494303.1452,0.328972891,9.927351342,0,3.040626302,0.258049656,2.196508967,495105.648,9.022432254,0.177311222,0.288272092,0.286738092,493795.497,500.2284181,507.6481905,0.089561906,4,0,22.68464602,-1.045031787,2.296391418,3.5884162,2.521236143,0.997075038,0.282679622,2.41683968519,20.5698207786,3.20750489037,8.93175022951,-5.72424533914,1.88692509709e-06
HA5 2048-fold,1,26,45,,13.19110942,0.861111111,9.437011754,55695.13375,1,3.625312274,0.703333866,1384.160607,UndecidedProblem,UndecidedProblem,UndecidedProblem,631602.7225,687297.8562,-0.697047353,8.61853179,0,3.068824321,UndecidedProblem,3.914164447,689134.3134,10.65718945,2.845433861,0.056503042,0.613665598,685549.184,1761.570437,1748.672185,0.520416453,1,1.099403631,-5.87119064,-0.928239681,2.167841217,10.4874754,2.502986198,0.998521967,0.236622664,1.12927953312,14.8964498871,4.74581725123,6.46828045468,-1.72246320345,0.018946840388
HA5 2048-fold,1,26,46,,6.010929361,0.895833333,7.844305146,1452.353243,2,8.692609935,0.890692765,1024.888848,7.881003631,2.240997264,7.881003631,599456.4827,600908.836,0.462373558,9.195534872,0,2.251561676,0.968321405,2.365973858,603205.7401,10.24293231,0.177311222,0.022573236,0.748366942,599883.9471,1003.351126,1024.888848,0.07245569,2,UndecidedProblem,-11.41377464,-1.172477576,2.208421099,14.75074421,2.575710531,0.997154549,0.256985596,0.926016317808,5.56621867348,3.16207225881,2.41694254167,0.745129717133,5.56070322186
HA5 2048-fold,1,26,47,,11.35425711,0.909722222,7.069428838,24833.76943,2,5.281576833,1.029470767,1403.966145,UndecidedProblem,1.433377447,UndecidedProblem,941118.5639,965952.3333,0.59592879,9.109988219,0,2.773540486,1.497052635,3.126355229,967912.1943,10.77856542,3.678288528,0.017206886,0.968465457,964204.1942,1735.017859,1748.139081,0.628642684,2,0.917697029,-9.778317507,-1.386004127,2.257729621,12.37808847,2.54992284,0.996571376,0.278207682,0.715565015759,8.12470916785,4.39504264458,3.52788066342,0.867161981165,7.36481735857
HA5 undiluted,1,27,0,,3.00994825,0.986111111,2.604568888,6142.340339,2,7.583996001,0.664097811,2093.352161,UndecidedProblem,1.96517593,7.950050659,1172397.206,1178539.546,1.199185928,9.13696942,0,2.81951157,0.672558972,2.715136194,1180861.141,11.17334683,0.177311222,0.051013106,0.547695094,1176446.194,2079.04382,2093.352161,0.152183986,2,UndecidedProblem,9.461720149,-1.02170137,2.177082407,1.312703415,2.269927246,0.997207779,0.189690228,1.26530255172,3.80849520126,3.78833387646,1.65371046516,2.1346234113,136.340038187
HA5 control,1,27,1,,3.00994825,1.0,1.939274864,13009.21914,2,6.649747299,0.645858719,4142.966046,UndecidedProblem,0.608268542,UndecidedProblem,1293235.747,1306244.966,0.923776601,8.300545766,0,2.733690679,0.828537183,3.022240687,1310070.734,12.03397967,0.177311222,0.030466393,0.545254188,1302102.0,4095.37194,4142.966046,0.160515034,2,UndecidedProblem,24.73783357,-0.948182577,2.084867223,1.062563624,2.331299543,0.99667868,0.135436467,1.27096685409,3.82554445827,4.11425122943,1.66111352943,2.45313770001,283.881897869
HA5 undiluted,1,27,2,,4.345784972,0.930555556,3.196717185,16481.86207,2,5.86931274,0.555404475,3885.827108,UndecidedProblem,1.074299764,7.592265479,947004.2611,963486.1232,0.704021281,7.953898365,0,2.314464952,0.943750297,1.612409371,963320.041,11.86806786,0.177311222,0.062190801,0.53638611,959600.2961,3859.923639,3885.827108,0.197117031,2,UndecidedProblem,28.83541934,-0.896460361,2.061407182,1.7701073,2.298052361,0.998015194,0.181995228,1.29197976435,5.61466624405,4.21700627539,2.43797926359,1.77902701179,60.121112982
HA5 control,1,27,3,,3.178060528,0.979166667,1.91268245,18851.33206,1,5.998658837,0.749866993,5742.785832,UndecidedProblem,UndecidedProblem,7.651572132,1186512.864,1205364.196,0.912704563,7.713502642,0,2.765915,UndecidedProblem,3.704585574,1206153.941,12.55051333,0.177311222,0.008345927,0.659557372,1199621.41,5658.454714,5742.785832,0.199278805,1,0.845553793,34.54708697,-0.923407944,2.014152118,1.205308368,2.33872992,0.997886102,0.170849054,1.05070465348,3.33920298582,4.27534204345,1.44993616406,2.82540587939,668.968824934
HA5 2-fold,1,27,4,,4.845858389,0.923611111,3.282338401,16666.89587,1,5.558107681,0.85183342,4775.02491,UndecidedProblem,UndecidedProblem,9.44882276,768590.1702,785257.0661,0.431796544,7.321653364,0,2.570444255,UndecidedProblem,3.553914884,785636.5595,12.28156871,1.510040889,0.026810874,0.760009204,780348.2748,4868.979507,4908.791349,0.234361971,1,0.9256416,1.206283859,-0.84370192,1.977709843,2.511702661,2.379310134,0.99927887,0.198522761,0.911831062509,4.41860420361,4.22185472208,1.91862970196,2.30322502012,201.013404953
HA5 control,1,27,5,,4.345784972,0.923611111,1.865028038,58914.99948,1,4.36071683,0.764752708,6152.144861,1.857763027,UndecidedProblem,1.857763027,1151494.843,1210409.843,0.480241641,7.57236893,0,2.365557766,UndecidedProblem,3.607637999,1209314.398,12.50099288,1.009694444,0.014655014,0.704534341,1204050.353,6365.940236,6359.489583,0.388216367,1,1.013137579,32.27625385,-0.943884279,2.025976261,1.103133411,2.396635467,0.998255344,0.157691616,0.983628419044,4.27463760151,4.77022587818,1.85611706536,2.91410881283,820.557109815
HA5 2-fold,1,27,6,,6.010929361,0.881944444,3.130763374,48362.92274,1,4.110463446,0.832663947,4360.232288,UndecidedProblem,UndecidedProblem,9.341768403,787019.4982,835382.4209,0.504294943,7.276396054,0,2.44728091,UndecidedProblem,3.498991729,834994.4233,12.26796201,1.177710472,0.012609966,0.769324666,829993.8716,5519.954057,5388.549288,0.416689712,1,0.975180189,0.094501543,-0.844651063,1.993289564,2.86970942,2.38653986,0.999031656,0.218253392,0.900790044343,5.41458532564,4.68451253891,2.35110087956,2.33341165935,215.482328235
HA5 control,1,27,7,,4.345784972,0.951388889,1.956411459,59874.25341,1,4.337911226,0.780022085,7100.644638,UndecidedProblem,UndecidedProblem,7.611124616,1150951.107,1210825.361,0.591155077,7.341333671,0,2.513978817,UndecidedProblem,2.854565824,1211753.993,12.7791621,0.677804139,0.01427573,0.704507461,1203358.813,7577.081976,7466.548071,0.364045073,1,0.953266183,28.63507896,-0.967737685,1.990227249,1.087611445,2.396490989,0.998551222,0.207624972,0.983665948713,4.27480069739,4.77724011111,1.85618788423,2.92105222688,833.781446503
HA5 4-fold,1,27,8,,7.010943389,0.916666667,5.20048167,86023.78811,1,3.128005893,1.243314347,31250.29718,UndecidedProblem,UndecidedProblem,10.74213362,666018.3293,752042.1174,0.859665136,4.588871646,0,2.664564882,UndecidedProblem,2.212060834,751583.8132,14.98957796,0.177311222,0.006267758,1.152746531,720791.8202,31242.04028,31250.29718,0.291980364,1,0.967439919,33.51958795,-0.77424847,1.499662775,3.309480516,2.577806433,0.999014619,0.239374684,0.601172921682,4.21478932091,4.93461856306,1.83012997,3.10448859306,1272.00433988
HA5 control,1,27,9,,4.345784972,0.979166667,1.781736313,59203.68393,1,4.436955114,0.780416823,6131.397852,UndecidedProblem,UndecidedProblem,UndecidedProblem,1223142.578,1282346.262,0.787613076,7.708354138,0,2.67616799,UndecidedProblem,3.331846805,1282793.355,12.6412503,0.177311222,0.00827124,0.71445551,1276214.864,6094.256228,6131.397852,0.400492543,1,0.889369055,16.71025259,-0.96596925,2.020453286,1.072782728,2.380100997,0.99854092,0.18945517,0.969969424688,4.21527854911,4.7723487314,1.83034240083,2.94200633057,874.996529671
HA5 4-fold,1,27,10,,6.679198194,0.930555556,4.048055861,45388.78315,1,4.126017232,0.827057244,4988.496633,UndecidedProblem,UndecidedProblem,10.04805064,747118.9143,792507.6974,0.833780987,7.311676037,0,2.556939282,UndecidedProblem,3.09608895,792220.2765,12.49502858,0.177311222,0.010641007,0.772730814,787519.2008,4931.794653,4988.496633,0.420975543,1,0.927685487,-7.383116538,-0.784850208,1.951752829,10.20720406,2.372035464,0.999135859,0.228424532,0.896819419447,5.99003464671,4.65694853969,2.60097031989,2.05597821979,113.757023436
HA5 control,1,27,11,,4.510389417,0.979166667,2.245091081,70698.58914,1,4.20080934,0.764008815,8970.884087,UndecidedProblem,UndecidedProblem,7.548387642,1229412.206,1300110.795,0.763188761,7.179168689,0,2.748467824,UndecidedProblem,2.497442193,1301145.275,13.29764197,0.177311222,0.017107051,0.711546509,1291139.911,8767.963624,8970.884087,0.36458975,1,0.863888458,11.88835484,-0.971188869,1.933883096,1.211374528,2.37436963,0.997869169,0.196497715,0.973934930795,4.3928258047,4.84941074711,1.90743630252,2.94197444459,874.932289628
HA5 8-fold,1,27,12,,7.510941583,0.923611111,4.481366798,50306.1103,1,3.735806322,0.89201151,4741.516758,UndecidedProblem,UndecidedProblem,10.7953279,619903.2661,670209.3764,0.574818755,7.143119425,0,2.361792909,UndecidedProblem,3.842423878,670281.782,12.29839432,0.177311222,0.016124528,0.814220262,665467.8597,4708.899461,4741.516758,0.472459274,1,1.023214835,-0.233061358,-0.775015167,1.9482825,3.913504958,2.416621542,0.999619864,0.197515741,0.851121044689,6.39272044672,4.7016207387,2.77582303375,1.92579770496,84.29420226
HA5 control,1,27,13,,4.345784972,1.0,2.197092701,60211.10683,1,4.482469723,0.764599231,8584.76458,UndecidedProblem,UndecidedProblem,7.549606863,1285756.017,1345967.124,0.719358148,7.292648884,0,2.687681695,UndecidedProblem,2.707524666,1346714.554,13.15980914,0.177311222,0.007703742,0.711624328,1337382.359,8498.551285,8584.76458,0.344919328,1,0.882627728,41.546239,-0.977449266,1.960897475,1.179536468,2.372222389,0.998059919,0.198135255,0.973828427069,4.23204894366,4.77967661069,1.83762437849,2.9420522322,875.089015063
HA5 8-fold,1,27,14,,7.510941583,0.847222222,4.767935848,60165.38658,1,3.684953703,0.924482505,7662.973176,UndecidedProblem,UndecidedProblem,10.81579283,713633.8711,773799.2577,0.492414136,6.56174613,0,2.272223126,UndecidedProblem,2.79230786,773595.6613,13.05723012,2.510107167,0.009035189,0.852764111,765608.0884,8051.257826,8191.169253,0.41958714,1,1.069661324,-7.039133368,-0.793054007,1.866203656,10.18453416,2.430509198,0.99929886,0.220535282,0.812651460188,6.10377764481,4.77934671151,2.65035937682,2.1289873347,134.582110538
HA5 control,1,27,15,,4.510389417,0.951388889,1.398977911,78006.85884,1,4.134083952,0.896608826,6710.404609,UndecidedProblem,UndecidedProblem,8.146567126,1291663.523,1369670.381,1.007415931,7.623735977,0,2.610789657,UndecidedProblem,3.415155086,1369965.044,12.62019013,0.845140528,0.013988308,0.76013886,1362725.852,6975.290586,6944.529966,0.452421611,1,0.862746836,27.21189419,-1.015328382,2.037685321,0.876863716,2.252450517,0.998725675,0.199455292,0.911675532547,4.11201167374,4.8921327902,1.78550224652,3.10663054368,1278.29339138
HA5 16-fold,1,27,16,b,6.846513861,0.944444444,4.57465169,21279.02863,3,4.935525747,0.906878133,3766.647986,UndecidedProblem,1.372627695,11.2441989,629889.036,651168.0647,0.545017477,7.433604925,0,2.349929632,0.958578568,2.66525652,651055.8563,12.01660795,0.177311222,0.018473629,0.710255597,647401.4167,3751.895432,3766.647986,0.307112959,3,UndecidedProblem,24.13356986,-0.836897849,1.983866613,3.034333772,2.49749972,0.999450186,0.196868443,0.975705088319,6.68017841142,4.32795179889,2.90064195025,1.42730984864,26.7491415321
HA5 control,1,27,17,,4.510389417,0.972222222,1.699343877,68952.43105,2,4.323749694,0.78923623,5882.921603,UndecidedProblem,0.783157052,7.796509692,1311838.526,1380790.957,0.754691012,7.874746396,0,2.824615713,1.062191941,3.076475533,1380790.957,12.61330103,0.177311222,0.007478528,0.727437616,1374908.036,5804.533452,5882.921603,0.440978393,2,UndecidedProblem,18.62178112,-1.021117843,2.041361553,0.942676051,2.546532555,0.998403962,0.21369679,0.952659011244,4.29686312232,4.83854958267,1.86576774743,2.97278183524,939.251365756
HA5 16-fold,1,27,18,,6.846513861,0.881944444,5.490455246,20334.8372,2,5.213939593,0.650562658,4786.257263,UndecidedProblem,2.007982951,11.80052432,734397.421,754732.2582,0.667304315,7.182470886,0,2.401499539,1.049785104,2.098920685,754249.771,12.34226644,2.845433861,0.013017879,0.581511466,749536.4426,5138.477864,5195.815642,0.201573107,2,0,16.99454602,-0.798151724,1.965490287,3.270165465,2.531380727,0.999385116,0.254950637,1.19172198747,8.15914110569,4.30824069981,3.54283156999,0.765409129815,5.82651850104
HA5 control,1,27,19,,4.678461722,0.965277778,1.659110877,87071.38899,1,4.038557591,0.833985676,7042.486346,UndecidedProblem,UndecidedProblem,7.871229574,1343806.084,1430877.473,0.718453845,7.666599562,0,2.529166737,UndecidedProblem,4.074160982,1431330.036,12.72776954,0.177311222,0.003711434,0.784923465,1423834.987,6967.815127,7042.486346,0.484551355,1,0.970000438,23.6853874,-1.012809366,2.030318227,0.95760435,2.453292843,0.998575231,0.194879916,0.8828886266,4.13056064434,4.93987547252,1.79355651078,3.14631896173,1400.61560818
HA5 32-fold,1,27,20,,7.510941583,0.861111111,5.889384193,23860.21791,3,4.697587642,1.088949037,8975.770221,UndecidedProblem,1.301959798,12.46396748,595280.2532,619140.4711,0.793118579,6.036228904,0,2.516005846,0.841112274,1.646386743,618846.3544,13.19375945,2.510107167,0.020018169,0.769787685,609706.3112,9464.485311,9434.159895,0.18241923,3,UndecidedProblem,13.98376921,-0.762949285,1.793228914,3.885603644,2.446971016,0.999530831,0.212859132,0.900248228835,6.76171185698,4.37767440567,2.93604509639,1.44162930928,27.6458093851
HA5 control,1,27,21,,4.845858389,0.923611111,2.79413514,104937.9079,1,3.766578705,0.906247911,21894.30731,UndecidedProblem,UndecidedProblem,8.035371055,1323250.727,1428188.635,0.487168189,5.921680695,0,2.477926182,UndecidedProblem,2.280731424,1429153.661,14.38651398,1.177710472,0.006067655,0.855915942,1404628.267,23707.53979,23560.3674,0.318900178,1,0.99419672,19.46139501,-0.988789162,1.784793935,1.45764282,2.463546082,0.997592437,0.217965166,0.809658946626,3.92349259874,5.02093240161,1.70364420266,3.31728819895,2076.29089244
HA5 32-fold,1,27,22,c,9.346490556,0.840277778,5.323256935,95607.33703,3,2.990720933,1.134875625,8363.69479,7.148679846,1.159695361,7.579834658,664347.7585,759955.0955,0.675141118,6.455102915,0,2.632855851,0.981240832,2.248975943,759879.6317,13.07558316,2.010097222,0.012535742,0.964564436,751293.292,8481.346275,8661.803531,0.567078226,3,UndecidedProblem,1.984747952,-0.900539169,1.866422713,3.355683679,2.472001359,0.999629193,0.262160948,0.718458999871,6.71507025717,4.98049122187,2.91579255631,2.06469866557,116.064302435
HA5 control,1,27,23,,4.678461722,0.958333333,1.687185026,89998.95826,1,3.995099513,0.873691107,8383.508846,UndecidedProblem,UndecidedProblem,8.009332207,1345101.395,1435100.354,0.784684212,7.419381712,0,2.647726334,UndecidedProblem,3.895549454,1436765.602,12.99294457,0.177311222,0.002289258,0.824062839,1426716.845,8339.105904,8383.508846,0.480284481,1,0.931252082,23.64596411,-1.051294609,1.998443524,0.909976733,2.465700661,0.998463027,0.216267058,0.84095528545,3.93437711289,4.9542374825,1.70837043547,3.24586704703,1761.4367255
HA5 64-fold,1,27,24,,7.679024111,0.847222222,6.052410378,11771.27116,1,5.67420757,0.715001284,2429.58505,UndecidedProblem,UndecidedProblem,11.71292106,589305.6374,601076.9086,0.526545228,7.357681663,0,2.391166964,UndecidedProblem,3.115177507,601168.15,11.6518991,4.510389417,0.048812899,0.6676484,597412.1348,3581.911264,3664.773723,0.198093721,1,0.979670334,22.89861202,-0.725050077,2.013097087,4.054229793,2.342555338,0.9969111,0.285232139,1.03797148319,7.97060804598,4.07082336411,3.46096745375,0.609855910369,4.0724514015
HA5 control,1,27,25,,3.345551667,0.986111111,2.034960668,26531.32479,1,5.849395057,0.782792978,8411.2412,UndecidedProblem,UndecidedProblem,7.729981725,1503154.72,1529686.045,0.774409514,7.506701161,0,2.691824013,UndecidedProblem,3.313427236,1529504.751,13.00785843,0.177311222,0.02490159,0.69208106,1521274.804,8374.336389,8411.2412,0.201953094,1,0.868201278,27.42452446,-1.022705909,2.003197447,1.042120085,2.337045049,0.997560714,0.176589451,1.00132779244,3.34999386521,4.42375893617,1.45462173913,2.96913719704,931.402066237
HA5 64-fold,1,27,26,,8.179155333,0.840277778,5.156770201,29127.49012,1,4.713779181,1.133538954,5176.398659,UndecidedProblem,UndecidedProblem,13.17844386,735222.0174,764349.5076,0.616630016,6.820547077,0,2.264508747,UndecidedProblem,2.288041606,764269.3805,12.58628541,2.510107167,0.018331351,0.793727591,757587.0783,6764.013324,6762.429227,0.290000815,1,1.100083265,-8.221375269,-0.913905133,1.941606129,11.57975198,2.491148175,0.999194982,0.285103955,0.873095515209,7.14118383944,4.46430306362,3.10081799368,1.36348506994,23.0932506819
HA5 control,1,27,27,,3.510059417,0.9375,1.929604621,31127.44032,1,5.563860011,0.799556283,7913.952909,UndecidedProblem,UndecidedProblem,7.807402477,1441294.106,1472421.547,0.669291469,7.53957657,0,2.480429536,UndecidedProblem,3.814195286,1474611.543,12.82863427,0.177311222,0.013263439,0.749097362,1464507.594,7913.939822,7913.952909,0.257780543,1,0.970816807,24.50791328,-1.007925462,2.020156364,1.025817743,2.408042683,0.997870076,0.206575597,0.92511339,3.24720296636,4.49314340913,1.40998826156,3.08315514758,1211.03068548
HA5 128-fold,1,27,28,,9.179088833,0.736111111,7.914365385,28278.11006,1,4.317851632,0.982264733,11487.55197,8.008694229,UndecidedProblem,8.008694229,535688.3005,563966.4105,0.757695837,5.514744149,0,2.554526642,UndecidedProblem,2.123133102,563650.375,13.52254215,5.346070972,0.024753187,0.831140924,551631.1072,12324.79074,12335.30326,0.17643461,1,0.939374509,10.80950761,-0.701254587,1.711673215,4.948919861,2.399657209,0.999595835,0.281890596,0.833793620298,7.65346570911,4.45145038045,3.32325910078,1.12819127966,13.433564957
HA5 control,1,27,29,,3.510059417,0.944444444,1.856559471,29440.46831,1,5.631785421,0.812322132,7244.383312,UndecidedProblem,UndecidedProblem,8.01953048,1430318.173,1459758.642,0.747181378,7.654651253,0,2.692029138,UndecidedProblem,3.571686662,1460049.055,12.7562442,0.177311222,0.015657698,0.757313288,1452514.258,7231.526667,7244.383312,0.266487772,1,0.882274231,46.00276931,-1.07639656,2.035288094,0.886757653,2.375107939,0.997953889,0.205089479,0.915077037444,3.21197477256,4.46894471405,1.39469160771,3.07425310634,1186.46001428
HA5 128-fold,1,27,30,,8.679149306,0.847222222,6.96132253,37647.0423,1,4.291010595,1.226062776,14231.57329,UndecidedProblem,UndecidedProblem,13.99798161,699329.6668,736976.7092,0.606362311,5.648253372,0,2.556667883,UndecidedProblem,2.239267792,736649.224,13.91969272,3.345551667,0.009514846,1.080246742,722282.0311,14520.92397,14694.67803,0.255459195,1,0.976666252,-5.644058898,-0.897467561,1.719687542,9.548476002,2.497011239,0.999614234,0.280162216,0.641520101895,5.56784874715,4.57573086199,2.41765034614,2.15808051586,143.906534848
HA5 control,1,27,31,,3.510059417,0.909722222,1.904166261,25838.65408,1,5.817219439,0.727582044,5575.708444,UndecidedProblem,UndecidedProblem,7.746782645,1431053.587,1456892.241,0.726809025,8.029523333,0,2.568934446,UndecidedProblem,3.343222984,1457832.743,12.35406317,0.177311222,0.004014138,0.64872806,1451316.532,5573.589257,5575.708444,0.250266709,1,0.891552467,25.99022832,-1.042433028,2.084763014,0.910675685,2.290339842,0.997646996,0.202357135,1.06824421931,3.74960068165,4.41226988777,1.62813750831,2.78413237946,608.320398183
HA5 256-fold,1,27,32,,8.846674111,0.833333333,7.040563907,7181.522198,2,6.199221483,0.900404794,2245.174141,UndecidedProblem,1.536693425,13.98387165,520495.4275,527676.9497,0.609744447,7.363412874,0,2.598225287,0.923352184,2.30405726,527741.6272,11.29118007,3.345551667,0.06995514,0.582764211,524472.4519,3181.277012,3204.497801,0.123246275,2,0,36.41803806,-0.768021372,2.035959521,4.569749573,2.344132891,0.998241764,0.289930114,1.18916019021,10.5201126686,3.85621650721,4.56800376403,-0.711787256816,0.194183687147
HA5 control,1,27,33,,3.345551667,0.930555556,2.010105163,23441.80352,1,6.062274817,0.651873471,5611.318241,1.795815476,UndecidedProblem,1.795815476,1543011.97,1566453.774,0.516739625,7.926594574,0,2.402053094,UndecidedProblem,2.651056455,1567318.345,12.38201741,0.845140528,0.015555031,0.579390625,1560015.42,6620.411422,6438.354018,0.190751059,1,0.942802165,22.45778588,-1.024030665,2.088331471,0.944158161,2.264660857,0.996958508,0.224816897,1.196084248,4.00156164976,4.36999102154,1.73754305244,2.6324479691,428.990790673
HA5 256-fold,1,27,34,f,8.511040639,0.854166667,5.907671306,18719.89226,1,5.160494138,1.2191507,4274.769464,5.772544305,UndecidedProblem,5.772544305,650805.223,669525.1153,0.333321651,7.291147746,0,2.466615613,UndecidedProblem,3.783433133,668484.1167,12.28336406,0.177311222,0.013936394,1.137321891,665250.3458,4205.325967,4274.769464,0.414649269,1,1.042236121,-8.659442736,-1.067026899,1.971494758,11.83585741,2.570795889,0.999442944,0.261658817,0.609326177122,5.18599985589,4.27230334488,2.25184535644,2.02045798844,104.823338761
HA5 control,1,27,35,,3.00994825,0.909722222,1.744551482,19032.81954,1,6.36314115,0.717179925,5541.410887,UndecidedProblem,UndecidedProblem,7.570780013,1547716.384,1566749.204,0.821690331,8.1433052,0,2.590523404,UndecidedProblem,2.717885939,1567293.862,12.3232858,0.177311222,0.019332891,0.618787468,1561207.793,5490.34912,5541.410887,0.19433423,1,0.876737974,25.24612661,-1.090113847,2.100023798,0.731825932,2.271210241,0.997650005,0.225242747,1.11993218324,3.37093791507,4.27950312985,1.4637159857,2.81578714415,654.315403247
HA5 512-fold,1,27,36,,10.35042817,0.791666667,6.935772121,13078.2634,1,5.182444855,0.643029182,333.3550403,UndecidedProblem,UndecidedProblem,UndecidedProblem,461842.8007,474921.0641,0.50093473,7.98761957,0,2.368101831,UndecidedProblem,4.882863705,475044.9691,9.477017927,5.678955056,0.03218875,0.563309117,473049.9152,1932.364371,1871.148896,0.274574421,1,0.973079273,38.7557441,-0.766273269,2.227756822,4.608192254,2.304350807,0.98458233,0.299215272,1.23023039941,12.7334113817,4.11655007993,5.52905400854,-1.41250392861,0.038680855556
HA5 control,1,27,37,,3.345551667,0.902777778,1.962124754,18704.01391,2,6.429241646,0.569114159,3463.048641,UndecidedProblem,1.720988482,8.248838299,1593163.72,1611867.734,0.693236843,8.692683879,0,2.406579237,0.767354743,2.459302299,1616496.566,11.65587447,0.845140528,0.011597905,0.531985122,1607972.165,4025.895955,3895.568193,0.211530108,2,0,29.65199381,-1.012445652,2.173715083,0.86476514,2.347437533,0.996690091,0.190151755,1.30266800958,4.35814313099,4.2719348168,1.89237652236,2.37955829444,239.639439118
HA5 512-fold,1,27,38,g,8.346460917,0.847222222,4.615284157,7527.36101,UndecidedProblem,6.294649067,0.988117329,558.7440154,UndecidedProblem,2.61231633,15.06320891,583382.0768,590909.4378,UndecidedProblem,8.201893102,0,UndecidedProblem,1.093232802,2.885945222,589831.6894,10.13906451,3.845753861,0.005414553,0.781945628,588902.6332,2087.178901,2006.80457,0.259684477,4,UndecidedProblem,22.71681057,-1.096547778,2.213206953,2.911727177,2.526452735,0.994658922,0.26236583,0.886250878814,7.39705832268,3.87664274517,3.21192284962,0.664719895546,4.62082898278
HA5 control,1,27,39,,3.845753861,0.958333333,2.046149162,34648.29305,1,5.599241863,0.715175328,6016.120432,UndecidedProblem,UndecidedProblem,7.747222226,1645012.55,1679660.843,0.641678259,8.021774559,0,2.451004525,UndecidedProblem,3.351102167,1679660.843,12.45242,0.845140528,0.017997836,0.656176018,1673197.952,6578.802466,6462.891087,0.276154852,1,0.946702954,23.18302939,-1.077816969,2.089043175,0.8853822,2.320373225,0.996661737,0.188919928,1.05611906103,4.06157395663,4.53968184393,1.76360137066,2.77608047327,597.14592542
HA5 1024-fold,1,27,40,,10.01507008,0.826388889,8.89479039,5786.197617,2,6.315122639,0.628606523,1670.419997,UndecidedProblem,2.017395698,14.03459734,454931.1896,460717.3872,0.554506812,8.107527347,0,2.616002995,1.057889916,3.539915393,460367.0409,8.443630413,0.177311222,0.010962835,0.559685946,459046.9672,1659.646713,1670.419997,0.177844952,2,UndecidedProblem,-23.05232721,2.66840845,1.861316462,22.44368158,2.586501993,-68.08218797,0.26397408,1.23819439268,12.4006036154,3.7623932621,5.38454347172,-1.62215020962,0.023869855524
HA5 control,1,27,41,,3.178060528,0.930555556,1.957014557,17087.23404,1,6.654048798,0.599308511,4048.344565,UndecidedProblem,UndecidedProblem,7.173959544,1703751.008,1720838.242,0.915664112,8.731563689,0,2.656844757,UndecidedProblem,2.679762437,1719931.28,11.94169379,0.177311222,0.043101721,0.530755079,1716789.897,3933.458987,4048.344565,0.194520041,1,0.834173042,43.96002305,-1.07993571,2.151604689,0.774250315,2.216268272,0.996014139,0.208599901,1.30568698712,4.1495522757,4.23267176791,1.80180298554,2.43086878237,269.69244612
HA5 1024-fold,1,27,42,,11.85419158,0.902777778,5.44295007,71199.85714,4,3.192509999,1.517970051,3208.944557,UndecidedProblem,1.119330501,15.25242597,579709.318,650909.1752,0.237948384,7.419521532,0,2.549178978,1.288020379,1.230658375,650695.2175,11.98026704,3.510059417,0.002481921,0.993125233,647107.0898,3787.633414,3802.085324,0.71092868,4,UndecidedProblem,-7.412720492,-1.199020611,2.01780598,10.38161623,2.650847587,0.998592465,0.364551789,0.697797193116,8.27182161118,4.85247912224,3.59175927537,1.26071984687,18.227195296
HA5 control,1,27,43,,4.345784972,0.986111111,1.961672771,60228.28555,1,4.938952223,0.82344149,8132.27879,UndecidedProblem,UndecidedProblem,8.342240224,1787224.155,1847452.44,0.701755006,7.827661835,0,2.692076649,UndecidedProblem,3.122858491,1851521.843,12.92065833,0.177311222,0.014176695,0.756080325,1839320.161,8129.817978,8132.27879,0.375269516,1,0.890031532,34.01823584,-1.18768203,2.042823479,0.694042422,2.396033104,0.996890435,0.190305596,0.916569281181,3.98321300795,4.77980050078,1.72957577419,3.05022472659,1122.59919535
HA5 2048-fold,1,27,44,,11.85419158,0.888888889,5.503510635,68039.05142,1,3.135008166,2.131089214,7767.729874,5.232387811,UndecidedProblem,5.232387811,529669.879,597708.9304,0.335860579,6.239045648,0,2.67357553,UndecidedProblem,2.461076981,597705.2895,13.02214597,4.510389417,0.005607794,1.307288356,589795.772,7818.626751,7913.158422,0.68748824,1,0.960928947,-8.617350704,-1.359142483,1.859456413,11.25457142,2.569116118,0.998968395,0.324515638,0.530104928128,6.28396537553,4.83275825018,2.72859981569,2.10415843449,127.10377065
HA5 control,1,27,45,,4.345784972,1.0,2.049686999,59634.17445,1,4.916920294,0.805071567,8264.307906,UndecidedProblem,UndecidedProblem,UndecidedProblem,1741871.798,1801505.972,0.672753861,7.768093713,0,2.633128894,UndecidedProblem,2.967668923,1804714.098,12.96564138,0.177311222,0.005358812,0.744970824,1793241.664,8195.785143,8264.307906,0.365380138,1,0.923478502,26.82873342,-1.168177624,2.034271083,0.764383796,2.431637927,0.997273283,0.151070749,0.930237772641,4.04261333273,4.77549521144,1.75536835985,3.0201268516,1047.43444494
HA5 2048-fold,1,27,46,,10.51502822,0.861111111,7.974303101,10210.60156,2,6.025343307,1.01900004,1798.750436,UndecidedProblem,1.512853424,UndecidedProblem,654848.7417,665059.3433,1.497863992,8.097481307,0,3.057551914,1.650513368,2.56660102,667430.9485,11.1795641,2.345529417,0.028016675,0.942950307,662631.1926,2464.675217,2428.150696,0.337229763,2,UndecidedProblem,-9.95517221,-1.186386149,2.118967837,13.39606959,2.563134534,0.998657665,0.310368869,0.734927381491,7.72778215603,4.0090513294,3.35552850892,0.653522820487,4.50321643318
HA5 control,1,27,47,,4.510389417,0.819444444,1.281323219,68644.79302,2,4.278617356,0.883100778,5475.742733,UndecidedProblem,1.013668594,8.46497522,1263648.262,1332293.055,0.787370562,7.922892815,0,2.738988583,1.148509774,3.408828669,1334385.258,12.40565816,0.344954222,0.006921502,0.768874917,1326803.067,5504.00755,5489.987734,0.477018778,2,UndecidedProblem,24.92926804,-1.100956015,2.083155837,0.702229199,2.624122093,0.998645383,0.354797035,0.901316956344,4.06529046126,4.83660759986,1.76521513732,3.07139246254,1178.67063157
HA5 undiluted,1,28,0,,2.845433861,0.756944444,2.397187438,1346.85162,UndecidedProblem,9.546798059,0.545138204,641.6437937,UndecidedProblem,2.288932224,11.63277746,1006030.845,1007377.697,UndecidedProblem,9.530350002,0,UndecidedProblem,0.361873318,3.393437851,1004401.68,9.631628597,2.178148639,0.300462457,0.304219273,1006015.402,1423.357816,1362.29484,UndecidedProblem,3,UndecidedProblem,30.89027181,-0.830727156,2.326781303,1.752708195,2.187982067,0.994879175,0.204215084,2.27796218552,6.48179073675,3.12931975299,2.81449880015,0.314820952834,2.06452883428
HA5 undiluted,1,28,1,,5.010367222,1.0,3.24959549,17430.805,1,5.929996395,0.502753525,1534.622742,UndecidedProblem,UndecidedProblem,UndecidedProblem,1045302.359,1062733.164,0.536141634,9.435679648,0,2.44595765,UndecidedProblem,2.709626924,1062931.094,10.8984911,0.177311222,0.027845656,0.450285386,1061198.541,1447.614122,1534.622742,0.274302411,1,0.910271365,29.91970818,-0.865463941,2.183486606,1.874274333,2.226485208,0.996305689,0.143849012,1.53902396468,7.71107522651,4.24131744442,3.3482740888,0.893043355621,7.81705838392
HA5 undiluted,1,28,2,,5.346070972,0.986111111,3.406360783,35401.58819,1,4.791051318,0.764793711,6108.003957,UndecidedProblem,UndecidedProblem,8.881488073,944704.0857,980105.6739,0.639770006,7.3260925,0,2.522612075,UndecidedProblem,2.704860374,979834.1392,12.75412508,0.177311222,0.011964448,0.701237989,973997.6699,6008.978986,6108.003957,0.307681681,1,0.938702851,17.01351094,-0.906376019,1.942981229,2.007704816,2.367983148,0.99653073,0.170765166,0.988252220888,5.2832665111,4.54902274583,2.29408011772,2.25494262811,179.863329341
HA5 undiluted,1,28,3,,5.510712528,1.0,2.70063213,36015.64434,1,4.785679865,0.674919296,2009.286294,UndecidedProblem,UndecidedProblem,8.654581105,957384.8644,993400.5087,0.883406325,8.949548533,0,2.582999093,UndecidedProblem,3.646058603,993735.0588,11.2276062,0.177311222,0.028132166,0.582914888,991391.2224,1989.226729,2009.286294,0.415298409,1,0.889711371,13.80539724,-0.900506912,2.146475251,1.774437837,2.298123665,0.99770733,0.171534939,1.18885280556,6.55142604953,4.55649118895,2.84473558382,1.71175560513,51.4938786393
HA5 2-fold,1,28,4,,5.84629975,0.944444444,3.77628045,26705.20328,2,4.937936422,0.725323741,3994.569577,UndecidedProblem,1.572489652,11.88134211,791878.0736,818583.2769,0.759012396,7.678945326,0,2.647305982,1.162899683,2.313085449,818247.8686,12.0264638,0.177311222,0.020221973,0.54756208,814588.7073,3963.655978,3994.569577,0.261278997,2,UndecidedProblem,19.89358297,-0.758294505,2.01395272,2.622118833,2.370442638,0.99850741,0.199431699,1.26560991952,7.39913495608,4.42659588817,3.21282455757,1.2137713306,16.3595491405
HA5 2-fold,1,28,5,,5.84629975,0.923611111,3.717881505,33131.93678,2,4.690739207,0.710840407,4214.836042,UndecidedProblem,1.13744558,9.061457378,822525.6927,855657.6295,0.390182487,7.413844399,0,2.384011056,1.029816891,2.181720075,855565.1932,12.18287147,1.345317167,0.013031434,0.659008416,850639.8626,5037.175666,5017.766872,0.31051184,2,UndecidedProblem,-0.92948486,-0.829483081,2.003745554,3.6116513,2.477129273,0.998646466,0.16712725,1.05157989363,6.14785126925,4.520246824,2.66949686029,1.85074996371,70.9169360448
HA5 2-fold,1,28,6,,2.845433861,0.875,3.115149578,7340.75459,1,6.915510265,0.878209181,4573.815585,UndecidedProblem,1.522576826,9.699919899,878828.6066,886169.3612,0.72642446,7.343694311,0,2.915329079,0.683371566,2.705146412,885640.0992,12.29233542,2.345529417,0.073265811,0.545590857,880713.7368,5483.352066,5455.624408,0.048452453,2,0.833321219,0.568763833,-1.01424613,2.005581933,2.195972047,2.429405582,0.99707748,0.218293025,1.27018257566,3.61422051043,3.86574070534,1.56935323944,2.2963874659,197.87342265
HA5 2-fold,1,28,7,,5.84629975,0.895833333,4.054816948,33008.29882,2,4.868912071,0.626617071,4563.22363,UndecidedProblem,1.327005155,11.89086312,931512.7772,964521.076,0.459777453,7.526516824,0,2.562663221,1.170593828,1.84456592,964264.4117,12.21655117,1.845573139,0.021140724,0.549018611,959289.839,5277.860983,5231.236987,0.254271843,2,UndecidedProblem,42.83633818,-0.849528281,2.023279667,2.32796605,2.297814074,0.998266765,0.19930783,1.26225229184,7.37950525825,4.51862314226,3.20430102399,1.31432211827,20.6215885917
HA5 4-fold,1,28,8,,7.010943389,0.930555556,4.21563992,60128.3882,1,3.637797376,0.938035103,7659.482687,3.985125428,UndecidedProblem,3.985125428,688326.6058,748454.994,0.683945208,6.564865123,0,2.410589866,UndecidedProblem,2.763696684,748087.8883,13.00952865,0.845140528,0.013552725,0.833348678,740549.2205,7938.8568,7905.773559,0.417288783,1,1.010350777,-0.594183269,-0.80109428,1.863155321,3.879956225,2.435541345,0.999211558,0.196203426,0.831584687532,5.83019316745,4.77907956232,2.53156455382,2.2475150085,176.813332043
HA5 4-fold,1,28,9,,6.846513861,1.0,4.602579417,53543.76036,2,4.102435496,0.740373846,6475.226179,UndecidedProblem,1.24588041,9.74924134,866196.0986,919739.8589,0.68655614,7.150151467,0,2.633495554,1.213748085,1.746330736,920043.8805,12.85071203,0.177311222,0.019695563,0.65489061,913264.6327,6472.302483,6475.226179,0.344270334,2,0,1.117099269,-0.867326448,1.930733856,2.915810589,2.385079401,0.998798118,0.233606838,1.05819199332,7.24492614984,4.72870886828,3.1458645896,1.58284427868,38.2687501674
HA5 4-fold,1,28,10,,6.679198194,0.979166667,4.097349072,42780.84147,1,4.306852497,0.693843845,3199.959168,UndecidedProblem,UndecidedProblem,9.594091665,803941.6792,846722.5207,0.432180466,8.047691955,0,2.393524748,UndecidedProblem,2.260151975,847344.1173,11.94880991,0.177311222,0.012247718,0.636484028,843522.5615,3183.057708,3199.959168,0.407691205,1,0.974621617,1.823432167,-0.834899663,2.032179213,2.694473137,2.33278096,0.998191313,0.2067834,1.08879401448,7.27227101517,4.6312493226,3.15773817419,1.4735111484,29.7516563083
HA5 4-fold,1,28,11,,6.511028222,1.0,4.270609659,39878.85738,1,4.563901007,0.663597593,3799.073554,UndecidedProblem,UndecidedProblem,9.462152078,903342.8922,943221.7496,0.647831527,7.955805531,0,2.434182083,UndecidedProblem,2.540575844,943380.2395,12.18780665,0.177311222,0.032871593,0.576917596,939422.676,3736.183266,3799.073554,0.337720327,1,0.963359018,26.61065038,-0.851947135,2.025039226,2.550322512,2.344991261,0.99849301,0.20041695,1.20121141183,7.82112140301,4.60074270629,3.39605792575,1.20468478054,16.0208214592
HA5 8-fold,1,28,12,a,5.678955056,0.979166667,4.372091823,9892.054336,1,6.211466153,0.743106438,2945.405809,UndecidedProblem,UndecidedProblem,10.20728447,723141.9515,733034.0059,0.753607426,7.959269899,0,2.443682672,UndecidedProblem,3.913779357,733325.7388,11.74665135,0.177311222,0.030391578,0.689610225,730088.6001,2894.742617,2945.405809,0.211728889,1,0.953306646,43.33385006,-0.752334957,2.035171289,3.056149165,2.329578932,0.999306128,0.208373326,1.00491549411,5.70686992614,3.99528649323,2.47801559971,1.51727089352,32.9056817835
HA5 8-fold,1,28,13,,7.346503806,0.909722222,4.600754214,53180.40286,2,4.106730578,0.748787106,4052.789741,UndecidedProblem,0.978982729,11.26654659,863041.5875,916221.9903,0.481038527,7.820638049,0,2.321812647,1.055952108,2.192239076,916037.237,12.01046694,0.177311222,0.041892657,0.622933561,912169.2006,4015.417073,4052.789741,0.396581375,2,0,24.48755452,-0.829320242,2.044965065,2.833426504,2.439257028,0.999610126,0.211228718,1.11247818931,8.17282525184,4.72575162294,3.54877344847,1.17697817446,15.0306642736
HA5 8-fold,1,28,14,,6.679198194,0.888888889,4.69989651,35797.68295,1,4.515351731,0.957191841,8645.861621,UndecidedProblem,UndecidedProblem,UndecidedProblem,782876.7528,818674.4357,0.569003555,6.439396332,0,2.499025388,UndecidedProblem,3.181691295,818716.2542,13.17082548,2.510107167,0.008524923,0.889791896,809241.2197,9432.32327,9433.216005,0.29667292,1,0.993500557,0.436219266,-0.817760044,1.848125316,3.514019147,2.482783115,0.999177578,0.138862913,0.778833795987,5.20198528358,4.5538549173,2.25878648875,2.29506842855,197.273354058
HA5 8-fold,1,28,15,,7.679024111,0.930555556,5.120147482,80804.56102,1,3.555530864,0.903572282,11236.28631,UndecidedProblem,UndecidedProblem,10.7487909,869269.1819,950073.7429,0.606032618,6.327928896,0,2.44344675,UndecidedProblem,2.266952963,950470.7506,13.51885428,1.510040889,0.015541352,0.808981987,938247.1157,11858.80932,11826.62721,0.384939565,1,1.005959343,-5.817995458,-0.798206955,1.836244161,9.007142094,2.458008087,0.999398958,0.227725696,0.856632176162,6.57809913501,4.90743587525,2.85631747069,2.05111840456,112.491162421
HA5 16-fold,1,28,16,,6.679198194,0.9375,5.116699968,21351.78226,1,5.139828474,0.943317114,6687.552781,UndecidedProblem,UndecidedProblem,11.49208312,731443.1298,752794.9121,0.55084127,6.814634694,0,2.409153498,UndecidedProblem,2.743253773,752475.9357,12.80829075,0.177311222,0.011150122,0.850741787,746107.3593,6662.650684,6687.552781,0.248530602,1,0.977754579,15.90912921,-0.796501414,1.891464979,3.349567087,2.355560865,0.99900357,0.230355397,0.814583238521,5.4407628956,4.32943413198,2.36246760556,1.96696652642,92.6758390018
HA5 16-fold,1,28,17,,5.678955056,0.9375,4.457551146,8740.476133,4,6.619182007,0.962843574,3958.331927,UndecidedProblem,1.26589718,11.81196638,850485.5474,859226.0235,0.561935012,7.762001284,0,2.424240585,0.725149923,1.373941935,859463.6721,12.07944132,0.177311222,0.02483026,0.690746546,855267.6916,3874.606401,3958.331927,0.14190109,4,UndecidedProblem,30.84583255,-0.812812232,2.025170291,3.147542107,2.314218407,0.99933239,0.218487036,1.00326234567,5.69748177041,3.94153509125,2.47393911003,1.46759598122,29.3491806361
HA5 16-fold,1,28,18,,7.010943389,0.944444444,4.950958626,24626.72042,1,5.001193959,0.832988314,4377.128524,UndecidedProblem,UndecidedProblem,11.09819937,764080.7891,788707.5095,0.604580428,7.493361823,0,2.349347355,UndecidedProblem,3.508890725,788938.4311,12.18868719,0.177311222,0.016154663,0.793035504,784330.3809,4317.744475,4377.128524,0.340994092,1,1.006997591,24.37889669,-0.820500244,1.990810316,3.134761967,2.365787128,0.99942785,0.218212393,0.873857471077,6.12656525978,4.39140657999,2.6602541293,1.73115245069,53.84587649
HA5 16-fold,1,28,19,,7.179124361,0.902777778,4.600519806,32111.16589,1,4.769568578,0.911733278,4542.635622,UndecidedProblem,UndecidedProblem,11.42036066,843758.0907,875869.2566,0.512075213,7.359459316,0,2.42532866,UndecidedProblem,3.353485535,875929.5787,12.27929263,2.678047194,0.039790379,0.818283125,870535.6463,5319.515227,5333.610251,0.364593486,1,0.994949171,23.70396062,-0.905937191,2.004889825,2.817577834,2.41307874,0.999632669,0.229199441,0.846895137915,6.07996551581,4.50665607419,2.64001976371,1.86663631048,73.5590836555
HA5 32-fold,1,28,20,,7.679024111,0.902777778,6.088317235,25690.28323,1,4.789200564,0.810505584,6482.649902,UndecidedProblem,UndecidedProblem,11.46728567,684642.596,710332.8793,0.740992115,6.627316642,0,2.434727843,UndecidedProblem,2.119997023,710027.5227,12.76748817,2.345529417,0.024842925,0.689804745,703147.6469,7170.808558,7185.232365,0.222229688,1,0.972310254,22.80862861,-0.771568069,1.88800419,3.744486954,2.367310848,0.999464094,0.270825797,1.00463211514,7.71459423481,4.4097688923,3.34980209935,1.05996679294,11.4806583465
HA5 32-fold,1,28,21,,8.346460917,0.930555556,5.724900363,37064.3993,3,4.453743073,0.704867897,2791.833502,UndecidedProblem,1.176425197,13.30418811,775143.5276,812207.9268,0.654087,7.884862637,0,2.735067262,1.296515038,2.052666646,812131.9699,11.66419455,1.177710472,0.021005802,0.633864907,808771.6586,3531.621705,3436.268241,0.37374957,3,UndecidedProblem,-10.61049618,-0.89172608,2.074763666,13.72406413,2.362372702,0.998797796,0.220250458,1.09329289624,9.12512642932,4.56895696594,3.96227808481,0.606678881127,4.04276857422
HA5 32-fold,1,28,22,,7.179124361,0.902777778,5.960173782,16981.90014,1,5.449208207,0.847728678,6158.85484,5.977294052,UndecidedProblem,5.977294052,724945.4922,741927.3923,0.820946569,6.9089393,0,2.5647846,UndecidedProblem,2.600666138,741669.7138,12.60856436,1.677970417,0.036158628,0.73678854,735753.4376,6201.212852,6173.954696,0.189970472,1,0.917264368,26.14725976,-0.788337205,1.917029543,3.662352226,2.352585526,0.999513813,0.252779197,0.94056837529,6.75245733623,4.22998628274,2.93202663319,1.29795964955,19.8591039716
HA5 32-fold,1,28,23,,8.679149306,0.958333333,4.867524242,50586.1038,2,4.017290099,0.793073154,1799.466623,5.104614333,1.091275885,3.605575119,768549.9695,819136.0733,0.588388204,8.830389976,0,2.290831171,1.086444478,2.884029693,820160.1753,11.17734046,0.177311222,0.036178928,0.680703268,817336.6066,1788.410941,1799.466623,0.556091607,2,0,-7.540549705,-0.877130319,2.133330152,10.62885593,2.500824498,0.99922488,0.23607468,1.01806474653,8.83593593833,4.70403123084,3.83670687726,0.867324353576,7.36757140399
HA5 64-fold,1,28,24,,7.679024111,0.868055556,5.81927407,20530.67372,2,5.208582312,1.040095743,6891.901674,UndecidedProblem,1.618400507,12.78855552,738645.7485,759176.4222,0.6655267,6.606433774,0,2.470594696,0.777274314,1.758185656,759030.4832,12.88098079,4.510389417,0.021996893,0.699410852,751385.1571,7696.429836,7791.265096,0.173557117,2,0,23.78324084,-0.771709053,1.885634342,3.946828975,2.414007694,0.998953671,0.231429452,0.990833925465,7.60863760364,4.3124032011,3.3037940094,1.00860919171,10.2002118479
HA5 64-fold,1,28,25,,9.179088833,0.930555556,5.498245155,57305.62007,2,3.879407722,0.891445352,3341.889272,UndecidedProblem,1.582894919,12.51733987,786058.8596,843364.4797,0.629139028,7.752740328,0,2.609576089,1.035212556,3.296215213,843387.6493,11.90284733,3.678288528,0.006463175,0.774529096,839454.1991,3907.807031,3910.280557,0.509626369,2,0,30.71342729,-0.853831796,2.049835963,3.444588303,2.438204166,0.999220038,0.239228892,0.894737206877,8.21287230411,4.75819721613,3.56616252892,1.19203468721,15.5608991193
HA5 64-fold,1,28,26,,8.179155333,0.902777778,5.628389835,27935.82018,2,4.72203665,0.995060253,5207.116988,UndecidedProblem,1.515787817,12.63566896,709350.3693,737286.1895,0.698916285,6.990913162,0,2.59383474,0.84478935,2.247174549,737098.0408,12.48934063,2.845433861,0.009288237,0.747528877,731489.7469,5728.923637,5796.442606,0.293999252,2,0,13.02387162,-0.792144701,1.939241237,3.793781319,2.437745044,0.999476692,0.222124475,0.927054487555,7.58252265587,4.44616142653,3.29245447498,1.15370695155,14.2464596228
HA5 64-fold,1,28,27,,7.510941583,0.9375,5.387784077,22603.50544,3,5.198919938,0.916369935,4555.197772,UndecidedProblem,0.933696089,13.45906895,807642.2095,830245.7149,0.600856571,7.256703293,0,2.499509817,1.229181201,2.227961458,830219.1425,12.37359966,1.177710472,0.022770043,0.845744888,824816.6969,5519.862934,5429.018003,0.301427353,3,UndecidedProblem,-10.0964486,-1.038303249,1.993380711,12.8697551,2.654842099,0.999288106,0.260686947,0.81939602572,6.15443568252,4.35417579646,2.67235591946,1.68181987699,48.0639962378
HA5 128-fold,1,28,28,,8.511040639,0.833333333,6.101857305,18918.8182,1,5.066057361,1.124318426,4877.604858,6.340463695,UndecidedProblem,6.340463695,614847.6088,633766.427,0.379715913,6.749027317,0,2.878386279,UndecidedProblem,2.155015998,633738.7822,12.41553513,2.845433861,0.025304996,0.670451765,627874.3344,5955.776753,5892.092624,0.198828231,1,1.09000318,21.08601579,-0.861134333,1.922803775,3.879513531,2.423511688,0.999325076,0.257371452,1.03363140524,8.79727889571,4.27689400388,3.81992136158,0.456972642305,2.86399755122
HA5 128-fold,1,28,29,,8.511040639,0.930555556,6.502805317,39941.77902,2,4.212162845,1.383177848,13831.29751,UndecidedProblem,1.563645232,14.30732875,700370.184,740311.963,0.552908711,5.636408932,0,2.656525365,1.232260452,1.827949265,740450.6485,13.93692976,4.178394028,0.026179258,0.927148947,725429.0957,14622.06077,14882.86735,0.231038836,2,0,-5.963143345,-0.966655731,1.718828477,9.549533278,2.729995054,0.998819183,0.245033146,0.747452717541,6.36160045472,4.60142740458,2.76231022784,1.83911717674,69.0426062169
HA5 128-fold,1,28,30,,8.346460917,0.902777778,6.646102874,10722.10756,1,5.964278473,0.594511267,1459.751572,UndecidedProblem,UndecidedProblem,11.80443328,658710.5306,669432.6381,0.722918932,8.195362327,0,2.316957659,UndecidedProblem,3.447505527,669547.7576,10.88719646,3.678288528,0.032867845,0.547851295,667148.8438,2263.561476,2283.794364,0.214578626,1,0.966660495,25.20598808,-0.712964265,2.123206952,4.297403826,2.239711436,0.997333426,0.258148427,1.2649417941,10.5577872468,4.03028015958,4.58436267771,-0.554082518131,0.27920132943
HA5 128-fold,1,28,31,,8.179155333,0.861111111,5.837846024,24385.72904,4,5.003757672,1.049990757,5215.632264,UndecidedProblem,1.183966736,UndecidedProblem,757992.7473,782378.4763,0.46815602,6.768980956,0,2.588506817,1.072420533,1.651677609,782590.2034,12.5244427,3.345551667,0.016606708,0.901366707,775204.6545,7322.858222,7173.821831,0.276407262,4,UndecidedProblem,-6.966760799,-1.07746015,1.962484709,9.93600238,2.700171824,0.998954004,0.238425022,0.768832479188,6.28840027233,4.38713574387,2.7305255199,1.65661022396,45.3534390227
HA5 256-fold,1,28,32,,9.346490556,0.868055556,7.397542188,16218.89045,1,5.252311906,0.641631401,1968.167628,UndecidedProblem,UndecidedProblem,12.69085728,601974.8037,618193.6942,0.35407199,7.792833509,0,2.801190907,UndecidedProblem,2.666468944,618281.2845,11.26739522,2.678047194,0.017050724,0.586171503,615405.982,2806.592249,2787.712184,0.259319054,1,0.994951422,32.22295053,-0.82503048,2.067254712,4.141335423,2.319052276,0.998503152,0.246720704,1.18224785144,11.0498683784,4.21002114039,4.7980322963,-0.588011155916,0.258219385982
HA5 256-fold,1,28,33,,9.515039361,1.0,5.989638813,37549.59632,3,4.23569658,1.057174513,3651.913129,UndecidedProblem,1.161277287,13.93087888,669869.8528,707419.4492,0.659171744,7.597769626,0,2.586109326,1.131042836,2.084947355,707518.7876,12.23752171,0.177311222,0.01702156,0.922022095,703767.536,3600.421143,3651.913129,0.526426943,3,UndecidedProblem,-8.752141893,-1.130626586,1.991262301,11.63193807,2.614381291,0.99761406,0.247186966,0.751608886336,7.15158813756,4.57460527245,3.10533570889,1.46926956356,29.4624978311
HA5 256-fold,1,28,34,,9.515039361,0.875,7.240666392,22397.37914,1,4.947489473,0.717647257,2494.310144,UndecidedProblem,UndecidedProblem,12.98920013,668701.0983,691098.4774,0.518623103,8.114106629,0,2.330281636,UndecidedProblem,2.886323976,691106.1659,11.52502054,0.177311222,0.023488552,0.652758789,688604.1673,2459.810765,2494.310144,0.355993279,1,1.0036682,23.95877672,-0.797767267,2.053490358,4.251881654,2.338829575,0.998684651,0.248450989,1.06164790376,10.1016215918,4.35019720174,4.38628814232,-0.0360909405748,0.920256851253
HA5 256-fold,1,28,35,,9.346490556,0.888888889,6.289267759,31124.08198,UndecidedProblem,4.543567208,1.039213051,4061.371861,UndecidedProblem,1.223228992,13.98261479,694725.3937,725849.4757,UndecidedProblem,7.027566149,0,UndecidedProblem,1.726315462,1.726766894,725855.5222,12.39954982,4.010306667,0.018285197,0.97796254,720286.1003,5487.794371,5563.375325,0.415640409,4,0,-7.176504353,-1.094569281,1.967741719,10.24245698,2.533073254,0.997686276,0.341795251,0.708616098936,6.62307367653,4.49309655056,2.875846147,1.61725040357,41.4238445728
HA5 512-fold,1,28,36,,10.35042817,0.8125,7.840593662,17819.74527,1,4.948947246,0.743966472,1715.090996,UndecidedProblem,UndecidedProblem,UndecidedProblem,532586.1278,550405.8731,0.701579414,7.144443285,0,2.428906667,UndecidedProblem,3.643496918,550573.0154,11.19924458,5.346070972,0.038692073,0.703639817,546515.4993,3967.663867,3890.373769,0.268649571,1,0.97499764,27.15776955,-0.784364279,2.050929892,4.745462447,2.368178269,0.993906917,0.262762695,0.984878887262,10.1939181788,4.25090149159,4.42636481926,-0.175463327673,0.667631274139
HA5 512-fold,1,28,37,,9.850454889,0.881944444,6.712016913,18493.67701,5,5.199280803,0.822870505,1316.312057,UndecidedProblem,1.577534449,UndecidedProblem,660964.5258,679458.2028,0.227202364,8.064025624,0,2.547210168,1.364140809,1.788934083,679574.3576,10.85671227,4.010306667,0.014711612,0.793703966,676919.282,2592.169472,2538.920764,0.390034353,5,0,48.1303925,-1.071684978,2.154550267,3.223527503,2.754304419,0.99736454,0.265421435,0.873121503339,8.60064398126,4.26702326845,3.73453928843,0.532483980024,3.40787753808
HA5 512-fold,1,28,38,,9.515039361,0.805555556,7.969434696,5140.584853,2,6.771196052,0.579914919,810.7413326,UndecidedProblem,1.057459228,UndecidedProblem,556354.1012,561494.6861,0.534870806,7.972645701,0,2.110965688,0.793600089,3.614768274,561626.513,10.23430059,6.679198194,0.013183458,0.550639145,559259.3638,2308.270253,2235.322294,0.120407454,2,0,29.57596486,-0.705211217,2.164162066,5.082941028,2.368114227,0.991640453,0.257317866,1.25853747648,11.975033626,3.71101253222,5.19975407122,-1.488741539,0.0324532698534
HA5 512-fold,1,28,39,,6.010929361,0.881944444,4.740641245,3536.26063,UndecidedProblem,7.552349956,1.274905528,1707.656613,6.929402656,1.288091299,6.929402656,660249.8189,663786.0796,UndecidedProblem,7.410511534,0,UndecidedProblem,1.234860548,1.353720647,664175.9167,11.40443901,4.010306667,0.005241511,1.022850913,659884.4873,3966.892804,3901.592301,UndecidedProblem,5,UndecidedProblem,15.00389961,-1.204299052,2.088340714,2.714173239,2.65207933,0.995055057,0.322564495,0.677518093001,4.07251339783,3.54854426596,1.76835145368,1.78019281228,60.282716184
HA5 1024-fold,1,28,40,,10.01507008,0.791666667,8.214278331,7110.769999,2,6.263860466,0.626988531,953.1579074,UndecidedProblem,2.188767563,UndecidedProblem,539309.1462,546419.9162,0.532346316,8.137573099,0,2.066109857,1.179244536,4.0493418,546727.8506,10.46033333,3.510059417,0.019365961,0.582946321,544479.5981,1981.818091,1940.318059,0.192780293,2,0,12.00775131,-0.775465503,2.137779266,4.909303582,2.563466324,0.996655019,0.226723581,1.18878870152,11.9058021561,3.85191663142,5.16969264267,-1.31777601125,0.048108740682
HA5 1024-fold,1,28,41,,11.186771,0.9375,6.253076203,32949.85369,2,4.162573609,1.388645908,3342.83592,UndecidedProblem,1.48299183,UndecidedProblem,557133.0145,590082.8682,0.487441824,7.46370122,0,2.807871648,1.020998924,2.008782569,590566.6364,12.07687552,0.177311222,0.014956675,0.783050127,586740.0322,3293.153651,3342.83592,0.441278065,2,0,-7.752280206,-1.12653373,1.979470737,11.21367628,2.64381976,0.996302895,0.262126096,0.885000814258,9.90030144392,4.5178534905,4.29887166475,0.21898182575,1.65570067466
HA5 1024-fold,1,28,42,,10.35042817,0.847222222,8.228061681,10502.99703,2,5.745277092,0.829186681,1767.431233,8.53931876,0.758895336,7.223462382,552893.2905,563396.2875,0.475659129,7.679976589,0,2.345205285,1.103580379,3.367726428,564309.3592,11.15373702,5.84629975,0.028769145,0.778715781,560648.9586,2718.629617,2747.328944,0.262235986,2,0,17.39499817,-0.850807208,2.065746061,4.652228515,2.51760256,0.997515838,0.228721767,0.889926744659,9.21112284716,4.02131324268,3.99961912599,0.021694116686,1.05122121442
HA5 1024-fold,1,28,43,,10.85017486,0.9375,7.901762346,17430.69788,2,5.087348461,0.940165252,1993.837105,UndecidedProblem,1.322854581,UndecidedProblem,575166.0458,592596.7437,0.73358214,7.982179765,0,2.62875337,1.425036573,2.100564892,592735.2384,11.18214277,1.009694444,0.005518678,0.884526163,590253.1425,2406.230751,2343.601248,0.437261027,2,0,-7.658728341,-1.135947465,2.097883275,11.0898852,2.482271143,0.998806569,0.313270029,0.783470324552,8.50079001901,4.24131477548,3.69118107642,0.55013369906,3.54922636579
HA5 2048-fold,1,28,44,,11.186771,0.895833333,8.346140731,10867.09977,1,5.291264295,0.925623696,1308.283225,8.573279913,UndecidedProblem,8.573279913,414675.3823,425542.4821,-0.144003877,8.345484456,0,3.078430767,UndecidedProblem,3.135860955,426843.9835,10.53120846,0.177311222,0.003942665,0.851551858,424234.1988,1291.707954,1308.283225,0.44389278,1,1.048789019,41.12062815,-1.041018,2.105183469,3.975891752,2.485478409,0.999734168,0.318297977,0.813808335323,9.10388748515,4.0361136543,3.95305579034,0.0830578639654,1.2107594404
HA5 2048-fold,1,28,45,,11.51866667,0.9375,8.02754357,17326.06611,1,5.082698129,0.998232792,1547.039909,UndecidedProblem,UndecidedProblem,UndecidedProblem,569817.8467,587143.9129,0.270180509,8.568059936,0,3.079746934,UndecidedProblem,3.622937461,589181.0929,10.88598937,0.177311222,0.006439363,0.939956815,585596.8729,1523.585363,1547.039909,0.556057428,1,0.921606942,-10.3386539,-1.213806389,2.141249225,13.66342535,2.524869491,0.99729315,0.286600435,0.737267913739,8.49234334485,4.23869996718,3.68751339333,0.551186573843,3.5578413137
HA5 2048-fold,1,28,46,,10.68304719,0.805555556,8.68458263,8183.905716,1,6.122446725,0.946036326,1923.773635,UndecidedProblem,UndecidedProblem,UndecidedProblem,561981.3231,570165.2288,0.45716167,7.71603296,0,2.981839389,UndecidedProblem,4.287169735,572916.0833,11.13483218,7.179124361,0.010392312,0.898640739,567453.5181,2721.052239,2711.710734,0.24974331,1,1.009545562,31.28646446,-0.971382067,2.066478789,4.421064475,2.533905075,0.998504371,0.280223813,0.771164682308,8.23838869236,3.91296061737,3.57724215908,0.335718458295,2.16629929459
HA5 2048-fold,1,28,47,,6.010929361,0.875,6.15595942,3768.943505,3,7.849155526,1.211432924,1455.921455,UndecidedProblem,1.403459464,UndecidedProblem,865293.2983,869062.2418,0.345013534,8.326663795,0,2.442170817,1.227510319,2.286762114,872324.5174,10.94810666,3.00994825,0.01397905,1.084591644,866355.3225,2717.511665,2706.919343,0.096252114,3,0,0.200617604,-1.617128085,2.252893403,2.47424797,2.773670347,0.994869587,0.310510734,0.63895015588,3.84068425219,3.57621962759,1.66768747381,1.90853215378,81.0087915785
HA5 undiluted,1,29,0,,4.510389417,0.75,3.620621809,11241.65549,1,6.08071658,0.485125285,3001.298746,UndecidedProblem,UndecidedProblem,UndecidedProblem,749624.6597,760866.3152,0.646409276,7.438373426,0,2.31436773,UndecidedProblem,3.267927861,768251.9725,11.73929815,2.178148639,0.065561646,0.439671566,756479.6465,4395.573191,4386.668714,0.109538658,1,0.930700367,34.33132977,-0.642213362,2.085702136,2.667548193,2.153982895,0.994658439,0.197773494,1.57617652264,7.10916990702,4.05083027184,3.08691702433,0.963913247514,9.2026572573
HA5 control,1,29,1,,3.00994825,0.965277778,1.475398589,8455.755141,2,7.160381995,0.585244204,1407.299984,UndecidedProblem,1.078923036,UndecidedProblem,1201145.306,1209601.062,0.76522496,9.487528614,0,2.4363692,0.778803319,3.843027623,1211089.162,10.45681787,0.845140528,0.03326076,0.544111388,1207916.017,1739.25811,1685.044839,0.221942311,2,UndecidedProblem,22.34234097,-0.896154895,2.248473175,0.955448959,2.326070225,0.997240846,0.163751851,1.27363627243,3.83357926934,3.92715239832,1.66460237488,2.26255002345,183.041692752
HA5 undiluted,1,29,2,,5.346070972,1.0,3.061227148,24552.97918,2,5.054965916,0.612062227,1868.412681,UndecidedProblem,0.903564063,UndecidedProblem,791654.4874,816207.4666,0.594211997,8.770978956,0,2.660368014,0.928848559,2.283553821,816878.5331,11.36926402,0.177311222,0.013563561,0.580266403,814339.0539,1762.042221,1868.412681,0.370688545,2,0,-10.07873842,-0.839956618,2.091779919,12.11937241,2.39695977,0.99682336,0.135968542,1.19427903531,6.38470048316,4.39010419556,2.77234063533,1.61776356023,41.4728193725
HA5 control,1,29,3,,4.178394028,1.0,1.550134594,36977.66424,UndecidedProblem,5.048944039,0.647695258,2211.661331,UndecidedProblem,1.640732228,UndecidedProblem,1187139.751,1224117.416,UndecidedProblem,9.112395746,0,UndecidedProblem,1.363281264,2.964098862,1224337.515,11.27109953,0.177311222,0.001848293,0.598364361,1221905.754,2129.114468,2211.661331,0.415997213,3,UndecidedProblem,-0.348556486,-0.924597879,2.164631776,1.940521895,2.299164144,0.996643439,0.131079608,1.15815721184,4.83923717744,4.56793947471,2.10127537014,2.46666410456,292.862728725
HA5 2-fold,1,29,4,,5.678955056,0.965277778,4.118096358,31604.27782,1,4.833124816,0.743898024,7369.321285,UndecidedProblem,UndecidedProblem,9.345662402,869264.2467,900868.5245,0.722507737,6.933641007,0,2.51643547,UndecidedProblem,2.337778772,900430.0982,13.1353118,0.177311222,0.007135352,0.671201101,893499.2032,7242.176709,7369.321285,0.246022854,1,0.930323718,22.47319061,-0.805737539,1.862169802,2.600265242,2.341099603,0.996922902,0.184226398,1.03247744822,5.86339302475,4.49974587084,2.54598047102,1.95376539983,89.9011815967
HA5 control,1,29,5,,3.178060528,0.986111111,1.923764757,15172.54705,1,6.239966461,0.716702339,4462.067434,UndecidedProblem,UndecidedProblem,7.684975936,1131595.463,1146768.01,0.966479884,8.005645533,0,2.825311408,UndecidedProblem,3.421252746,1146780.747,12.21448926,0.177311222,0.013131441,0.612060994,1142305.943,4364.736998,4462.067434,0.190840564,1,0.799786104,22.97452917,-0.915254135,2.048061259,1.228606557,2.259644805,0.997779082,0.154980637,1.13224009828,3.59832756456,4.18105849291,1.56245226425,2.61860622866,415.533678572
HA5 2-fold,1,29,6,,5.84629975,0.902777778,3.928943556,25873.18929,UndecidedProblem,4.875797457,0.693556506,3940.352232,UndecidedProblem,1.563402086,13.35068019,733772.8071,759645.9964,UndecidedProblem,7.152684289,0,UndecidedProblem,1.463813501,2.198330256,759438.9268,12.17697928,2.345529417,0.011824218,0.592330403,754307.2569,5355.264485,5338.739532,0.235763189,3,UndecidedProblem,29.58982934,-0.805781733,1.979453977,2.486498988,2.378696633,0.99772643,0.183834502,1.16995514073,6.83990844676,4.41284996585,2.96999932556,1.4428506403,27.7236648661
HA5 control,1,29,7,,3.178060528,0.902777778,1.691352962,17876.43831,1,6.075240454,0.772621618,4892.744511,UndecidedProblem,UndecidedProblem,8.515775568,1187466.429,1205342.867,0.398997643,7.819137608,0,2.4615068,UndecidedProblem,4.323591032,1200321.502,12.19140673,1.009694444,0.023570134,0.695712252,1200005.641,5407.102411,5337.2266,0.213061195,1,0.947522179,42.25044297,-0.934490441,2.060736811,1.100981233,2.332332286,0.997914431,0.178008878,0.996101474435,3.16567077779,4.25228099453,1.37458566122,2.87769533331,754.562700384
HA5 4-fold,1,29,8,,6.511028222,0.909722222,2.594333983,36400.44241,2,4.596798496,1.007118423,2161.234669,UndecidedProblem,1.78531138,11.33291648,844406.8336,880807.276,0.342825965,8.16796702,0,2.610305189,0.739401858,2.109511119,880477.2818,11.30810454,1.345317167,0.010225934,0.662616876,877744.7639,3144.436043,3062.512125,0.40527581,2,UndecidedProblem,-6.635904308,-0.904427603,2.11893104,8.85684851,2.337136986,0.998530608,0.183563679,1.04585322997,6.80957989643,4.56110666208,2.95683017648,1.60427648561,40.2046685029
HA5 control,1,29,9,,4.345784972,0.972222222,1.519392745,54226.74272,1,4.570391932,0.749706844,3999.547096,UndecidedProblem,UndecidedProblem,7.570948067,1234137.258,1288364.001,0.795359241,8.232908869,0,2.394091092,UndecidedProblem,4.593709665,1289165.765,11.89690232,0.845140528,0.017599597,0.686723092,1284081.613,4328.085139,4282.388461,0.429781839,1,0.984929522,40.86004976,-0.932279633,2.1101999,1.024322798,2.358010994,0.99870397,0.1670584,1.00914037706,4.38550708529,4.73421351811,1.9042583957,2.82995512242,676.013116339
HA5 4-fold,1,29,10,z,6.679198194,0.944444444,3.834630047,37871.75997,1,4.391445755,0.737863978,2595.000776,UndecidedProblem,UndecidedProblem,9.876657641,756954.8247,794826.5846,0.485041096,8.2233289,0,2.337896442,UndecidedProblem,3.006121324,794825.8824,11.72383807,0.509624889,0.01346798,0.646047237,792167.0618,2692.514718,2659.522823,0.423267889,1,0.999816318,-9.888365175,-0.807582508,2.045161633,12.55930388,2.337467012,0.997362063,0.17701228,1.07267698136,7.16462215663,4.57831548805,3.11099529163,1.46732019642,29.3305492952
HA5 control,1,29,11,,4.345784972,0.986111111,1.879379047,52369.14012,1,4.56332085,0.724698442,4974.774778,UndecidedProblem,UndecidedProblem,7.573560655,1185776.973,1238146.113,0.818076256,7.959334649,0,2.824608861,UndecidedProblem,2.852695631,1238481.508,12.38999881,0.177311222,0.01328464,0.663126619,1233171.338,4923.945294,4974.774778,0.386449114,1,0.833134694,0.571176479,-0.927672519,2.041981593,1.627300928,2.353279639,0.997851586,0.158090042,1.04504928643,4.54155948398,4.71907544302,1.97201888145,2.74705656157,558.542933422
HA5 8-fold,1,29,12,,7.679024111,0.944444444,4.192807846,69785.987,1,3.565732144,0.9273872,5061.120403,UndecidedProblem,UndecidedProblem,UndecidedProblem,756557.4021,826343.3891,0.64757928,7.351140816,0,2.414725862,UndecidedProblem,3.702176034,825481.6893,12.51689011,0.177311222,0.011462638,0.878319014,821282.2687,4951.215646,5061.120403,0.564248906,1,1.013452062,15.38324888,-0.869273861,1.954298689,2.740251522,2.447208904,0.999294289,0.216481213,0.789007170463,6.05880508574,4.84376822521,2.63083156133,2.21293666388,163.281380618
HA5 control,1,29,13,,4.510389417,0.979166667,2.345311717,65301.656,1,4.341982866,0.720447151,8032.694984,UndecidedProblem,UndecidedProblem,7.650857332,1259013.283,1324314.939,0.760350209,7.365146443,0,2.695298168,UndecidedProblem,2.63216676,1325671.734,13.12459928,0.177311222,0.023918576,0.651522727,1316282.244,7873.357771,8032.694984,0.339867897,1,0.874049294,24.05318985,-0.922496042,1.950405204,1.326582624,2.35582346,0.99703526,0.164374375,1.06366205089,4.79753005758,4.81492419479,2.08316546139,2.7317587334,539.210987705
HA5 8-fold,1,29,14,,7.679024111,0.965277778,4.423227083,52276.43865,2,3.744847244,0.952905139,4560.56396,4.350987693,1.471730329,3.821102206,648561.0796,700837.5183,0.664437077,7.26372396,0,2.444958876,1.038442886,2.755357409,701314.7721,12.25857252,0.177311222,0.015240294,0.728585668,696276.9543,4496.090782,4560.56396,0.437796062,2,0,0.265605013,-0.810549601,1.954625831,3.587152667,2.512443394,0.999188746,0.190853714,0.95115788086,7.30396430049,4.71830599346,3.17149991337,1.54680608009,35.2213566545
HA5 control,1,29,15,,3.00994825,0.916666667,2.167873122,18534.99914,1,6.149389434,0.785731578,8948.323035,2.182727266,UndecidedProblem,2.182727266,1297123.71,1315658.709,0.715528584,7.164825715,0,2.451024838,UndecidedProblem,2.30507449,1314510.146,13.03496057,1.009694444,0.046287867,0.618013351,1306489.84,9154.954485,9168.869489,0.114688738,1,0.92254557,29.25281134,-0.905471338,1.964729004,1.351823151,2.261182106,0.997583025,0.178988558,1.12133499847,3.37516031632,4.26799257021,1.46554942089,2.80244314932,634.516835054
HA5 16-fold,1,29,16,,6.511028222,0.888888889,5.285840732,17317.47025,2,5.522081087,0.72514437,5363.193743,UndecidedProblem,1.994155612,10.55410466,778468.8987,795786.369,0.665493952,7.158426005,0,2.315005134,0.980551424,2.093659193,795639.0012,12.47258191,0.677804139,0.022799806,0.604203486,790215.8514,5616.566212,5570.517547,0.175408791,2,UndecidedProblem,24.60160475,-0.822787854,1.952543323,3.186502247,2.486147657,0.999027369,0.193428326,1.14696458405,7.46791877637,4.23848445023,3.24269160936,0.995792840862,9.90359429231
HA5 control,1,29,17,,4.678461722,0.993055556,2.207396777,84690.8792,1,4.064377063,0.84468766,11197.1835,UndecidedProblem,UndecidedProblem,7.944527345,1332198.847,1416889.726,0.732622748,6.983447782,0,2.547252786,UndecidedProblem,3.052014724,1417767.618,13.45526661,0.177311222,0.008608587,0.763811218,1405692.542,11174.97501,11197.1835,0.38276573,1,0.964535985,22.10277737,-0.9726769,1.923303953,1.2589515,2.456916976,0.99811505,0.157621626,0.907292251893,4.24473207115,4.92783664142,1.84313159841,3.08470504301,1215.36029185
HA5 16-fold,1,29,18,,7.010943389,0.9375,5.316622749,22784.73314,2,4.984087429,0.870016046,5714.220962,5.433692827,1.041969538,4.451377782,698328.9954,721113.7285,0.594898884,6.979526173,0,2.438834683,1.117061758,2.976084204,721302.4967,12.56177169,0.177311222,0.044041572,0.713143934,715399.5075,5690.769863,5714.220962,0.248230085,2,0,16.2745598,-0.782704443,1.916230558,3.410134618,2.561357883,0.999393013,0.196725901,0.971753340329,6.81290765712,4.35764394639,2.95827514421,1.39936880218,25.0823834089
HA5 control,1,29,19,,4.678461722,1.0,2.308008947,79614.57608,2,4.167900898,0.790619084,9914.994741,UndecidedProblem,0.922517194,7.735792126,1351438.615,1431053.191,0.762124379,7.173249574,0,2.659938922,1.084028764,2.670328728,1432645.704,13.2925326,0.177311222,0.010633631,0.739160243,1421138.196,9825.241584,9914.994741,0.381417949,2,UndecidedProblem,19.48139356,-0.956699904,1.947279457,1.309841714,2.576475043,0.997816098,0.202415655,0.937550425044,4.38629377601,4.90099258698,1.90459998958,2.99639259739,991.728050956
HA5 32-fold,1,29,20,,8.179155333,0.847222222,5.259017418,34304.20523,1,4.549327635,0.861722548,3281.038518,UndecidedProblem,UndecidedProblem,11.94931837,768910.1103,803214.3155,0.322185367,7.295104329,0,2.823534592,UndecidedProblem,3.933984541,802836.6064,11.98506568,2.178148639,0.021739319,0.767008954,798100.0153,5131.342206,5114.300189,0.362415127,1,0.982308039,32.89014963,-0.840869878,2.023866022,3.366244716,2.387052294,0.99882865,0.255317427,0.903509660984,7.38994586205,4.53534736192,3.20883450371,1.3265128582,21.2086418481
HA5 control,1,29,21,,4.178394028,0.993055556,1.57801449,47968.1761,1,4.898857397,0.80128704,5034.477934,UndecidedProblem,UndecidedProblem,8.058994838,1383086.499,1431054.675,0.723499496,8.151020896,0,2.605599701,UndecidedProblem,4.409204515,1431377.556,12.2538137,0.177311222,0.013457155,0.770052541,1426020.197,4964.996453,5034.477934,0.428003694,1,0.928427029,30.44833885,-1.019476152,2.085959343,0.916865783,2.419109189,0.998534569,0.167301532,0.899938592632,3.76029804102,4.68095320555,1.63278247548,3.04817073007,1117.30239595
HA5 32-fold,1,29,22,,9.346490556,0.881944444,5.315116176,87945.81746,1,3.115579051,1.036187072,5953.926645,UndecidedProblem,UndecidedProblem,UndecidedProblem,674305.0693,762250.8868,0.488939316,6.873873299,0,2.407744745,UndecidedProblem,2.8688604,762246.1494,12.66062598,2.678047194,0.038977819,0.923091568,755751.7468,6473.234094,6499.13995,0.588542957,1,1.050144188,-6.265343698,-0.946193862,1.901037946,9.292659807,2.860885622,0.999124668,0.722879775,0.75073808929,7.01676646158,4.94421519004,3.04679394771,1.89742124233,78.9625640783
HA5 control,1,29,23,,4.678461722,1.0,2.106975353,76279.63963,1,4.26377354,0.789247492,7854.01204,UndecidedProblem,UndecidedProblem,7.804955047,1389039.975,1465319.615,0.761898156,7.543569854,0,2.687275785,UndecidedProblem,3.660790189,1468872.231,12.93683868,0.177311222,0.009000993,0.752300169,1457465.603,7840.792639,7854.01204,0.421919863,1,0.903337597,22.36396592,-1.00036887,2.001910308,1.144943249,2.42751725,0.997890613,0.184950067,0.921174856203,4.30968130401,4.88240863263,1.87133361008,3.01107502255,1025.82911862
HA5 64-fold,1,29,24,d,9.683198306,0.9375,5.147732037,91075.57006,1,3.148052763,1.001335876,3918.913615,UndecidedProblem,UndecidedProblem,12.88523131,716271.3782,807346.9483,0.46805915,7.686591207,0,2.444541058,UndecidedProblem,3.929429731,806965.3322,12.25919331,0.177311222,0.007475926,0.946872493,803428.0347,3879.274053,3918.913615,0.727572861,1,1.030132397,-7.409199835,-0.935302323,1.996245334,10.55066202,2.51820094,0.999212446,0.206506612,0.731883125894,7.08696944485,4.95940189826,3.07727722312,1.88212467514,76.2297815347
HA5 control,1,29,25,,3.178060528,0.993055556,1.820274565,22682.9124,1,6.038209652,0.810635973,7193.98414,UndecidedProblem,UndecidedProblem,8.043429415,1467985.473,1490668.386,0.732118898,7.694952657,0,2.712379365,UndecidedProblem,3.793659455,1490828.047,12.79026755,0.177311222,0.020255278,0.733496169,1483474.401,7169.119831,7193.98414,0.213390451,1,0.882323328,22.34344671,-1.025893945,2.028871373,0.986192904,2.393195589,0.998404473,0.163349199,0.944790210622,3.00260047562,4.35569881557,1.30377788781,3.05192092776,1126.99224538
HA5 64-fold,1,29,26,,8.679149306,0.833333333,6.659983778,24986.79452,1,4.659351198,0.867610374,4930.435543,UndecidedProblem,UndecidedProblem,12.58485377,606428.382,631415.1765,0.592104523,6.818750692,0,2.448950354,UndecidedProblem,3.419618303,631567.3796,12.35650522,3.845753861,0.026910961,0.763221601,625821.897,5569.451095,5593.27954,0.285960707,1,0.963975982,22.65449408,-0.750693199,1.919811546,4.199947473,2.360729323,0.999216092,0.223384144,0.907993168815,7.88060828097,4.39771054538,3.42188809421,0.975822451166,9.45850398525
HA5 control,1,29,27,,3.678288528,0.972222222,2.141404505,31996.95245,1,5.547378296,0.78724799,8238.665561,UndecidedProblem,UndecidedProblem,8.058996918,1464362.324,1496359.277,0.63291873,7.504830214,0,2.515072559,UndecidedProblem,3.479905596,1496748.851,12.92726306,0.177311222,0.020421469,0.736935727,1488120.611,8203.883586,8238.665561,0.251495974,1,0.944865654,23.24296697,-1.011113838,2.008979917,1.118799162,2.376405679,0.997783208,0.168939498,0.940380517065,3.45899086788,4.50510861591,1.50195000776,3.00315860815,1007.29947627
HA5 128-fold,1,29,28,,8.846674111,0.875,6.994087342,16563.32178,2,5.4996466,0.706453466,2735.156744,UndecidedProblem,1.421367462,12.74236717,732823.4649,749386.7867,0.443877869,7.939227704,0,2.432316272,0.94660028,2.725780211,749154.3624,11.67444022,0.677804139,0.029043332,0.644470654,746333.5508,3110.788098,3053.235829,0.273242989,2,UndecidedProblem,43.01697436,-0.770877233,2.048197196,4.275186174,2.404657834,0.998552056,0.239280828,1.07530109509,9.51283835947,4.21914743909,4.1306289012,0.0885185378925,1.22607923685
HA5 control,1,29,29,,3.178060528,1.0,1.668876297,22661.22689,1,6.083704628,0.811081464,6267.829907,UndecidedProblem,UndecidedProblem,UndecidedProblem,1514293.223,1536954.45,0.796569066,7.937892665,0,2.773105835,UndecidedProblem,3.62585336,1537851.01,12.61875725,0.177311222,0.003055834,0.730021081,1530686.62,6183.008736,6267.829907,0.236589176,1,0.856315068,22.72326538,-1.080848646,2.054357774,0.818097415,2.374652312,0.998198067,0.144835486,0.949287654886,3.01689362571,4.35528341908,1.30998420569,3.04529921339,1109.93926041
HA5 128-fold,1,29,30,,8.179155333,0.798611111,6.738160867,8701.751993,1,6.053002662,0.76915139,2395.038574,6.73989426,UndecidedProblem,6.73989426,569051.0579,577752.8099,0.480794682,7.335806438,0,2.39249792,UndecidedProblem,3.337617893,582120.2991,11.59455181,5.678955056,0.013284716,0.728389309,574176.4247,3542.941651,3576.385176,0.166278097,1,0.961828051,24.13769943,-0.726195484,2.015693139,4.436466972,2.301171612,0.997033816,0.300906842,0.951414293754,7.78176529465,3.93960670139,3.37896886437,0.560637837016,3.63611689843
HA5 control,1,29,31,,3.345551667,0.993055556,1.888530965,23017.75829,1,6.077864669,0.755036468,6100.87276,UndecidedProblem,UndecidedProblem,7.743294402,1531811.126,1554828.884,0.736059606,7.993524457,0,2.643121952,UndecidedProblem,3.44705698,1556185.013,12.52406273,0.177311222,0.007591207,0.693318898,1548728.012,6060.903753,6100.87276,0.232325474,1,0.881023444,41.20096756,-1.049694854,2.066506634,0.91859287,2.328652404,0.997827409,0.185133621,0.999540041385,3.34401285169,4.36206302522,1.45202468593,2.91003833929,812.902275582
HA5 256-fold,1,29,32,,8.511040639,0.895833333,5.768637843,19453.32819,1,5.287323342,1.035453216,3113.122787,UndecidedProblem,UndecidedProblem,13.95871398,740237.4182,759690.7464,0.540493272,7.460555147,0,2.571993301,UndecidedProblem,2.629084248,759590.3875,11.90192191,1.677970417,0.004001357,0.910530178,755377.6819,4422.937983,4313.064501,0.341399041,1,0.951578732,-10.18287435,-1.091346847,2.042185892,13.11302523,2.447454125,0.998640157,0.297813655,0.761095037533,6.47771079459,4.28899391368,2.81272722301,1.47626669067,29.9410268467
HA5 control,1,29,33,,3.510059417,0.972222222,1.830320551,27416.70473,1,5.86311639,0.713013488,5262.800996,UndecidedProblem,UndecidedProblem,7.557503121,1568422.597,1595839.301,0.644527193,8.197065634,0,2.507785025,UndecidedProblem,2.909984656,1598854.327,12.25448255,0.677804139,0.028610108,0.629078029,1590401.46,5517.994115,5437.841243,0.255807742,1,0.909239216,26.83389516,-1.049360509,2.104345888,0.846487733,2.28017649,0.998009452,0.189943109,1.10161214993,3.86672410074,4.43801525485,1.67899439893,2.75902085591,574.144033385
HA5 256-fold,1,29,34,,10.01507008,0.826388889,7.718551413,17461.02992,1,5.323996976,0.793493939,2317.873959,UndecidedProblem,UndecidedProblem,14.24255209,681982.4772,699443.5071,0.544481919,8.051588673,0,2.381880486,UndecidedProblem,3.461048835,699410.7293,11.43049658,6.511028222,0.000859673,0.741051859,696807.2793,2579.750166,2636.227825,0.34845955,1,0.991283181,33.81208845,-0.853365245,2.071937413,4.385001755,2.361118066,0.998334749,0.303667024,0.935157224941,9.36566514361,4.24206985652,4.06672390083,0.175345955689,1.49742802092
HA5 control,1,29,35,,3.00994825,1.0,1.814609909,19600.37924,2,6.393122629,0.771480539,6744.241538,UndecidedProblem,1.17160826,UndecidedProblem,1627750.651,1647351.03,0.79807878,7.932276087,0,2.666245804,0.976866192,3.141732632,1651788.087,12.65759227,0.177311222,0.011151364,0.692361986,1640606.789,6667.002307,6744.241538,0.188317211,2,0,46.11241403,-1.070541235,2.058734642,0.861486864,2.554735076,0.997780942,0.177238117,1.00092150351,3.01272192788,4.29226447443,1.30817278675,2.98409168768,964.032527431
HA5 512-fold,1,29,36,,8.511040639,0.826388889,5.845439609,13381.00172,4,5.63424105,1.129923656,2615.031133,UndecidedProblem,1.247005871,UndecidedProblem,651224.8873,664605.889,0.403889968,7.312890054,0,2.513533639,1.338967151,2.447056225,664402.4036,11.68453265,4.510389417,0.00583903,0.953570914,660425.9983,4226.542922,4179.890685,0.278016194,4,UndecidedProblem,15.46460978,-1.130954419,2.047021488,3.012989163,2.753923121,0.997771064,0.333457452,0.726741965202,6.1853303999,4.12648862652,2.68577090747,1.44071771906,27.5878413016
HA5 control,1,29,37,,3.845753861,0.958333333,1.873863023,35122.58439,1,5.57102833,0.731579934,5472.649934,UndecidedProblem,UndecidedProblem,7.840857217,1634556.853,1669679.438,0.631765061,8.124050987,0,2.392934081,UndecidedProblem,3.505846235,1677108.877,12.32739253,0.845140528,0.011664978,0.6811099,1663694.632,6082.272452,5984.805839,0.301180792,1,0.969859969,28.01045232,-1.058356666,2.101177227,0.883388986,2.320810973,0.997334807,0.170255193,1.01745694784,3.91288898557,4.54558646467,1.69903994163,2.84654652304,702.338576499
HA5 512-fold,1,29,38,,7.179124361,0.881944444,4.230752408,5403.770483,UndecidedProblem,6.936812541,1.229416401,1317.199659,UndecidedProblem,1.71491271,UndecidedProblem,656638.2324,662042.0029,UndecidedProblem,7.540505028,0,UndecidedProblem,1.229962139,2.166765753,662338.8494,11.08418171,4.010306667,0.007015486,0.901604371,658485.957,3684.414015,3556.045818,0.100689329,4,0,52.45033522,-1.11408393,2.11130608,2.902915956,2.564223904,0.994173983,0.260183001,0.768629814019,5.51808902241,3.73269689474,2.39604386557,1.33665302917,21.7096603622
HA5 control,1,29,39,,3.845753861,0.951388889,1.501785799,33506.9221,2,5.644048418,0.732389791,3711.152614,UndecidedProblem,1.427456483,7.929955009,1642062.425,1675569.347,0.752040372,8.713569645,0,2.507858292,0.925422403,3.52270339,1677553.508,11.74598221,0.677804139,0.015063789,0.629447423,1671578.027,4074.282836,3991.320238,0.333571636,2,UndecidedProblem,28.23341953,-1.075700877,2.171159269,0.708247152,2.537015327,0.997561907,0.208786422,1.10096566397,4.23404295306,4.52513453597,1.83849020975,2.68664432622,486.009016273
HA5 1024-fold,1,29,40,,5.84629975,0.868055556,4.738055238,3076.501346,UndecidedProblem,7.651145215,1.277707887,1653.785836,6.184511368,1.468634341,6.257520738,615340.3575,618416.8588,UndecidedProblem,7.469056748,0,UndecidedProblem,1.267581862,3.157797379,618409.8262,11.28901252,4.345784972,0.019813036,1.077443107,614926.491,3583.630996,3490.367852,UndecidedProblem,2,0.832095665,42.54192126,-1.239176143,2.085273723,2.5908212,2.556372888,0.995601351,0.298281164,0.643189413434,3.76027810696,3.48805710943,1.63277381978,1.85528328965,71.661070189
HA5 control,1,29,41,,4.510389417,0.972222222,2.566937833,76459.71527,1,4.522777897,0.928113917,17955.63382,UndecidedProblem,UndecidedProblem,8.375944658,1681158.266,1757617.981,0.732584516,6.60227064,0,2.552825302,UndecidedProblem,2.937344922,1761270.479,14.03250322,0.677804139,0.010858891,0.879304886,1739527.797,18140.41945,18090.18403,0.316204811,1,0.973209759,33.56707582,-1.118115417,1.878469095,1.138327481,2.484434497,0.996655816,0.183155935,0.788122539785,3.55473956275,4.88343267641,1.543525646,3.3399070304,2187.29333905
HA5 1024-fold,1,29,42,,11.85419158,0.916666667,4.392144091,73470.98143,4,3.071464149,2.146178792,4430.954957,4.142755688,0.901072018,4.465166933,544145.2211,617616.2025,-0.11557554,7.122949129,0,2.958624123,2.104933659,1.17062663,617655.7272,12.25759669,0.177311222,0.009329564,1.057597845,613185.2475,4355.3505,4430.954957,0.725468535,4,UndecidedProblem,-9.627162131,-1.36011369,1.977552609,12.051842,2.474037207,0.998714156,0.29406907,0.655258521258,7.76756004542,4.86611584122,3.37280071447,1.49331512675,31.13975037
HA5 control,1,29,43,,4.010306667,0.986111111,2.281277491,37462.63361,2,5.546226385,0.694820859,6678.378978,UndecidedProblem,1.094421051,UndecidedProblem,1713104.658,1750567.291,0.733512113,8.03410884,0,2.619922219,0.906106236,2.732825724,1753973.148,12.62512274,0.177311222,0.014170538,0.656789788,1743888.912,6678.322166,6678.378978,0.283599531,2,0,29.94108528,-1.051654241,2.067219172,1.041549952,2.484827601,0.996808309,0.157788148,1.05513211786,4.23140336681,4.57359830486,1.83734405854,2.73625424632,544.821510977
HA5 2048-fold,1,29,44,,11.85419158,0.944444444,5.033909447,70814.01131,4,3.126866032,1.631479055,3888.058344,UndecidedProblem,0.905856474,UndecidedProblem,547771.3868,618585.3981,0.212402687,7.00942176,0,2.656157181,2.51297086,1.463466088,618973.2954,12.108171,2.345529417,0.011538678,1.386978228,613784.1576,4710.417641,4801.240512,0.90849712,4,UndecidedProblem,-8.466352486,-1.554189213,2.024452348,10.34464875,2.778666068,0.99860183,0.361487277,0.499647352792,5.92291544243,4.850119196,2.5718260714,2.2782931246,189.798652426
HA5 control,1,29,45,,3.678288528,0.965277778,2.115030304,26524.97317,1,6.109647356,0.63121845,4745.94285,UndecidedProblem,UndecidedProblem,UndecidedProblem,1805123.256,1831648.229,0.705299863,8.484639787,0,2.463365336,UndecidedProblem,3.003632272,1836107.419,12.11234547,0.845140528,0.012357741,0.58279088,1826534.815,5207.622711,5113.414424,0.24170691,1,0.932027151,27.8443445,-1.067767463,2.137877252,0.878644014,2.295923376,0.996657575,0.135543352,1.18910577324,4.37387412429,4.42365495328,1.89920717511,2.52444777817,334.539788628
HA5 2048-fold,1,29,46,,11.01859839,0.763888889,8.189550887,9353.559583,2,6.181387096,1.133930979,1523.615008,8.153988599,0.499695463,9.126744015,669474.5972,678828.1567,1.614270338,8.282773966,0,3.088172211,0.691930819,2.008177423,680558.1202,10.9587005,7.846507194,0.034581808,0.651608421,676648.4582,2159.103421,2179.698557,0.239218661,2,0,34.28871362,-0.912399591,2.109190001,4.662966176,2.280812016,0.997665738,0.274806965,1.0635221671,11.7185236381,3.97097691708,5.08837326882,-1.11739635174,0.0763138999376
HA5 control,1,29,47,,4.345784972,0.729166667,1.816646211,56909.97308,2,4.073487723,0.796897852,6380.964555,UndecidedProblem,0.930413887,8.877572462,901233.1164,958143.0895,0.718086386,7.230322795,0,2.684278978,1.072651654,3.258267649,965039.9684,12.64429549,0.177311222,0.013868942,0.72848616,951762.125,6355.710223,6380.964555,0.394307776,2,0,0.028108712,-0.848895393,2.017278486,2.125737696,2.564904719,0.996259162,0.344007528,0.951287804836,4.1340922463,4.75518838018,1.79508998971,2.96009839046,912.217481022
HA5 undiluted,1,30,0,,4.845858389,0.722222222,3.713467181,22622.58624,UndecidedProblem,5.304222076,0.546634852,5273.523684,UndecidedProblem,UndecidedProblem,UndecidedProblem,871242.9665,893865.5527,UndecidedProblem,5.306365839,0,UndecidedProblem,UndecidedProblem,3.819220025,894719.6823,13.64200494,3.510059417,0.024557396,0.51533312,871276.5574,23456.19607,22588.99532,0.009358918,1,1.105784161,22.70947726,-0.485334932,1.831659476,3.598411815,2.178667313,0.980232076,0.21046141,1.3447612294,6.51652248467,4.35454225247,2.82957988913,1.52496236334,33.4936411769
HA5 undiluted,1,30,1,,5.010367222,0.868055556,2.95353155,33000.21634,UndecidedProblem,5.032382083,0.712553423,4417.026308,UndecidedProblem,1.852938742,8.550267712,1046977.373,1079977.589,UndecidedProblem,7.364665871,0,UndecidedProblem,0.951798438,2.287819298,1078919.358,12.23525712,2.010097222,0.020616999,0.678003359,1073424.752,6743.089622,6552.83765,0.274761468,3,UndecidedProblem,26.67661945,-0.809935042,2.035178507,2.058689742,2.316491189,0.996964412,0.179728826,1.02211882995,5.12119068255,4.518516787,2.2237041609,2.2948126261,197.157192903
HA5 undiluted,1,30,2,,3.00994825,0.909722222,2.739807456,4111.125036,UndecidedProblem,8.011367281,0.638729719,1943.10191,UndecidedProblem,2.058151691,8.517907758,1056662.086,1060773.211,UndecidedProblem,8.567914053,0,UndecidedProblem,0.555782955,3.044190486,1060916.281,10.99799101,2.010097222,0.183535802,0.404245277,1057977.944,2866.744198,2795.267746,0.047001102,2,0,24.99631238,-0.902315525,2.172324794,1.688654222,2.266786009,0.995469351,0.171540754,1.71430574314,5.15997157154,3.61396068564,2.24054345269,1.37341723295,23.6274706822
HA5 undiluted,1,30,3,,3.00994825,0.930555556,2.152421395,2809.987344,UndecidedProblem,8.605649386,0.479731335,763.9952693,UndecidedProblem,2.221999668,UndecidedProblem,1091808.96,1094618.947,UndecidedProblem,9.73099017,0,UndecidedProblem,0.64943136,2.933473967,1094694.556,9.712788769,1.677970417,0.232363235,0.355827086,1093330.866,1341.718218,1288.08058,0.076500139,3,UndecidedProblem,37.48345854,-0.914473447,2.315715083,1.445042776,2.36943559,0.995883485,0.139254424,1.94757517701,5.86210049577,3.44870436388,2.54541923394,0.903285129932,8.00359547351
HA5 2-fold,1,30,4,,5.510712528,0.979166667,3.623981406,19600.76198,1,5.693563134,0.570885438,1980.425566,UndecidedProblem,UndecidedProblem,UndecidedProblem,994792.2306,1014392.993,0.69275707,9.00059049,0,2.531694219,UndecidedProblem,2.726819815,1014589.095,11.33068279,0.177311222,0.015622712,0.510784043,1012412.567,1960.123588,1980.425566,0.292846889,1,0.897642801,-5.946195478,-0.879935651,2.131715526,8.112400781,2.272557089,0.996244044,0.163032954,1.35673776324,7.47659178911,4.29227295489,3.24645757235,1.04581538254,11.1125923345
HA5 2-fold,1,30,5,y,5.678955056,0.986111111,4.367863988,31702.14796,1,5.082067669,0.628340907,7325.35036,UndecidedProblem,UndecidedProblem,8.870778133,1042147.544,1073849.692,0.725532944,7.195678594,0,2.364669541,UndecidedProblem,2.226206919,1073684.513,12.94688447,0.177311222,0.016552685,0.564487048,1066524.342,7260.095637,7325.35036,0.20968409,1,0.976280053,39.27479305,-0.852224322,1.931922405,2.481004355,2.308579705,0.996250267,0.192196559,1.22766324304,6.97184438111,4.50108868858,3.02728805085,1.47380063773,29.7714945941
HA5 2-fold,1,30,6,,5.678955056,0.993055556,3.700379425,24795.46375,2,5.339668229,0.562217353,2169.818571,UndecidedProblem,0.982006828,UndecidedProblem,979294.2987,1004089.762,0.566875351,8.854098115,0,2.426611587,0.854136857,2.226477342,1004302.104,11.45876326,0.177311222,0.008882753,0.524308899,1001919.944,2118.973487,2169.818571,0.31857507,2,UndecidedProblem,26.34842006,-0.848843175,2.110006382,2.208602009,2.369325084,0.996494627,0.15446681,1.32173991577,7.50610157736,4.39437223532,3.25927120163,1.13510103369,13.6490062831
HA5 2-fold,1,30,7,,5.678955056,1.0,3.309222535,26313.82717,1,5.367257416,0.590313898,1640.65456,UndecidedProblem,UndecidedProblem,UndecidedProblem,1059835.393,1086149.22,0.534197336,9.370735094,0,2.350514341,UndecidedProblem,3.194801913,1087380.544,10.85727797,0.177311222,0.024755233,0.534471683,1084508.565,1616.796714,1640.65456,0.367966199,1,0.963795573,15.87215578,-0.885799269,2.197193032,1.995853802,2.265415315,0.997969106,0.15865133,1.29660751363,7.36337579517,4.4201840179,3.19729734919,1.22288666872,16.7065459189
HA5 4-fold,1,30,8,,6.346647194,0.951388889,3.895042248,27360.80778,1,5.156878673,0.658294309,2128.259165,3.757086715,UndecidedProblem,3.757086715,948761.144,976121.9518,0.622782536,8.841243748,0,2.180958965,UndecidedProblem,3.774240968,976825.9978,11.13810886,0.177311222,0.01064193,0.573895738,973993.6926,2104.198083,2128.259165,0.363799366,1,1.051981577,25.84849998,-0.838523848,2.147946248,2.477282093,2.294328652,0.998058352,0.176037945,1.20753641143,7.66380757726,4.43712891502,3.32774970789,1.10937920714,12.864094067
HA5 4-fold,1,30,9,,6.511028222,0.909722222,3.969720529,34407.80618,UndecidedProblem,4.9498384,0.625094926,2042.826326,UndecidedProblem,1.697030218,UndecidedProblem,1029017.07,1063424.876,UndecidedProblem,8.922320055,0,UndecidedProblem,1.390772963,3.309554776,1063302.09,11.1113906,2.510107167,0.033624289,0.530439488,1061232.975,2072.000573,2191.900562,0.362600518,2,0,33.63224186,-0.851463565,2.167178333,2.435124721,2.260831604,0.998336219,0.160250055,1.30646382043,8.50642280585,4.53665698316,3.69362692395,0.843030059215,6.96674732018
HA5 4-fold,1,30,10,,6.346647194,0.909722222,3.755107971,30247.15865,1,5.002331458,0.644556714,1865.222431,UndecidedProblem,UndecidedProblem,UndecidedProblem,939227.3658,969474.5245,0.459578144,8.64072198,0,2.37048451,UndecidedProblem,3.544543109,969653.989,11.06305566,2.510107167,0.018436686,0.565829438,967045.5671,2417.118106,2428.957418,0.354621784,1,0.96212292,49.59961673,-0.839283352,2.151559857,2.403868735,2.280697479,0.99753599,0.156867669,1.22475069952,7.77306059046,4.48068458426,3.37518914045,1.10549544381,12.7495672427
HA5 4-fold,1,30,11,,6.346647194,0.902777778,3.750412469,30210.24323,UndecidedProblem,5.138719885,0.609073719,1554.201837,UndecidedProblem,1.675451368,UndecidedProblem,1034087.268,1064297.511,UndecidedProblem,8.673636213,0,UndecidedProblem,1.098242675,2.579385016,1065502.237,10.91746798,2.345529417,0.020247966,0.548213309,1061691.127,2627.263422,2606.383844,0.33454161,3,UndecidedProblem,31.49534561,-0.890064871,2.190707228,2.236294274,2.311023763,0.997841949,0.160698575,1.2641064867,8.02283788671,4.4801542219,3.48364649879,0.996507723111,9.91990979776
HA5 8-fold,1,30,12,,6.010929361,0.965277778,3.797935369,15134.50315,1,5.947450911,0.750402692,1940.122291,UndecidedProblem,UndecidedProblem,UndecidedProblem,918827.6761,933962.1792,0.624088823,8.533513529,0,2.47409227,UndecidedProblem,4.129682539,934468.5204,11.21506473,0.845140528,0.017388022,0.689238423,931441.6848,2650.13719,2520.494472,0.308477406,1,0.932493335,16.33838596,-0.902525822,2.134793838,2.434036583,2.307074553,0.998289862,0.163170973,1.0054575846,6.04373451649,4.17996816809,2.62428767542,1.55568049267,35.948476749
HA5 8-fold,1,30,13,,7.346503806,0.972222222,4.356576845,52780.33701,1,4.323346337,0.764890351,3480.964968,UndecidedProblem,UndecidedProblem,UndecidedProblem,1003864.628,1056644.965,0.551435935,8.245787699,0,2.361733457,UndecidedProblem,3.364028531,1057111.64,12.08021495,0.177311222,0.017250862,0.708320882,1053164.0,3458.376341,3480.964968,0.473125162,1,1.007681491,-6.484997555,-0.816527013,2.0524568,9.413153516,2.37987509,0.998688719,0.168563829,0.978370139312,7.18759995213,4.72247215893,3.12097262359,1.60149953533,39.9484133886
HA5 8-fold,1,30,14,,5.346070972,0.972222222,4.268238093,9000.622867,1,6.689088434,0.778602284,3484.862533,UndecidedProblem,UndecidedProblem,UndecidedProblem,919727.9927,928728.6156,0.835725172,8.057287805,0,2.596543757,UndecidedProblem,3.817975365,928913.2894,11.86750151,1.009694444,0.044953642,0.647940261,925242.0045,3464.978564,3486.611146,0.158229479,1,0.885687198,20.48341541,-0.836098963,2.049217112,2.751014486,2.299725565,0.998240894,0.159144247,1.06954304542,5.71785302842,3.95427256481,2.48278464109,1.47148792372,29.6133761936
HA5 8-fold,1,30,15,,7.510941583,0.930555556,4.594056365,57013.07165,2,4.220164749,0.699902346,3056.412556,UndecidedProblem,1.547349401,UndecidedProblem,1005588.896,1062601.968,0.571973417,8.441546282,0,2.227021342,1.88763177,4.095674957,1063062.614,11.75028768,0.177311222,0.022180513,0.615595447,1059545.555,2999.21085,3056.412556,0.443536499,2,UndecidedProblem,15.92315032,-0.776122187,2.092093574,3.051751003,2.909722061,0.999026481,0.228651865,1.12573932016,8.45536227142,4.75597443979,3.67145561069,1.0845188291,12.1483928942
HA5 16-fold,1,30,16,,6.511028222,0.909722222,4.829857212,13363.13482,2,6.089794656,0.706146975,2536.234442,UndecidedProblem,1.251838968,UndecidedProblem,896799.9331,910163.0679,0.659872039,8.32713458,0,2.436932043,0.772164222,2.230700291,910514.0815,11.44675448,2.678047194,0.032294512,0.674334723,907329.0543,2787.482222,2834.01355,0.262593898,2,0,37.91663842,-0.858380309,2.103164385,2.950881815,2.241163334,0.998812344,0.168809707,1.02767954306,6.69125050802,4.12590835001,2.9054496344,1.22045871561,16.6134074184
HA5 16-fold,1,30,17,,7.846507194,0.909722222,5.131788967,38906.06349,2,4.679799334,0.663382004,2329.49108,UndecidedProblem,0.876724067,UndecidedProblem,958282.4437,997188.5072,0.577952644,8.274396575,0,2.261292092,0.968137875,2.667194953,997902.017,11.37517269,2.510107167,0.015263518,0.558021146,993967.9153,3273.125684,3220.591923,0.345919402,2,UndecidedProblem,2.336604549,-0.841709784,2.128537917,3.131401474,2.441120691,0.99859919,0.168888318,1.2418884212,9.74448643106,4.59001729117,4.23121425578,0.358803035393,2.28456245587
HA5 16-fold,1,30,18,,6.679198194,0.930555556,4.983347422,15312.64024,1,5.889793717,0.765161985,3301.311048,5.364138417,UndecidedProblem,5.364138417,892622.147,907934.7872,0.570979964,8.103405794,0,2.324969813,UndecidedProblem,3.173967975,908465.3313,11.81576645,0.177311222,0.019824469,0.627632798,904633.4762,3301.502591,3301.311048,0.2425806,1,0.982280799,27.47699421,-0.815495179,2.049990965,3.15680678,2.283773205,0.998600996,0.173280877,1.1041487988,7.37482866286,4.18505007919,3.20227037033,0.982779708864,9.61124634736
HA5 16-fold,1,30,19,,7.846507194,0.9375,4.562154317,43807.00947,3,4.503010969,0.819712915,2612.910621,UndecidedProblem,1.956563417,UndecidedProblem,949503.3823,993310.3918,0.535317222,8.570443019,0,2.310027154,0.634824891,2.37587898,994784.8941,11.57251777,0.177311222,0.01583212,0.594468875,990697.4812,2535.52173,2612.910621,0.413780263,3,0,16.15790716,-0.811932311,2.103159589,3.126225108,2.48064806,0.998767041,0.170948844,1.16574648252,9.14703816149,4.64154360664,3.97179251476,0.669751091878,4.67467144055
HA5 32-fold,1,30,20,,7.510941583,0.930555556,5.724351501,17589.46791,1,5.648167438,0.675534695,2801.208504,UndecidedProblem,UndecidedProblem,UndecidedProblem,864516.015,882105.483,0.629662886,8.298758002,0,2.265681873,UndecidedProblem,2.799872691,883420.4858,11.53742056,0.177311222,0.012040873,0.598888541,879304.2744,2782.708023,2801.208504,0.275786115,1,1.020324408,22.6928722,-0.816373116,2.083774581,3.408216414,2.311730517,0.998824656,0.202098687,1.15714352932,8.69123745184,4.24525270204,3.77387644457,0.471376257466,2.96057629497
HA5 32-fold,1,30,21,,8.179155333,0.930555556,5.537690754,34584.95367,2,4.802695716,0.762680004,3117.740225,4.533110876,1.365204994,5.576498191,930671.3995,965256.3532,0.762437709,8.274267609,0,2.499534696,1.448323365,3.166034749,966174.7472,11.69427478,0.177311222,0.013964258,0.696076618,962138.6129,3080.606075,3117.740225,0.413536265,2,0,16.87075363,-0.88323214,2.085683939,3.168642284,2.370550488,0.999121312,0.175619633,0.995580058401,8.1430039441,4.53888719823,3.53582455237,1.00306264587,10.0707692665
HA5 32-fold,1,30,22,,7.679024111,0.9375,5.731465475,26498.06737,1,5.007341693,0.892134531,5810.99838,UndecidedProblem,UndecidedProblem,12.00647648,825766.1366,852264.204,0.68231004,7.181191775,0,2.497435755,UndecidedProblem,3.469494767,853317.7121,12.57140075,3.510059417,0.018662561,0.77370343,846391.7433,5863.680466,5872.460699,0.291629543,1,0.950899584,17.82217339,-0.824920168,1.940907594,3.496808124,2.374810621,0.998869028,0.18776653,0.895692035384,6.87804073574,4.42321419993,2.98655698469,1.43665721524,27.3311065489
HA5 32-fold,1,30,23,,8.179155333,0.902777778,5.839487116,38950.58175,1,4.657235063,0.752812493,4484.292722,5.949064952,UndecidedProblem,5.949064952,943886.1957,982836.7775,0.478697088,7.604283685,0,2.387668572,UndecidedProblem,2.508502972,983316.2834,12.23912478,3.510059417,0.016985714,0.686365221,977785.9339,5045.972067,5050.843528,0.348700756,1,0.989407413,16.75183413,-0.852904319,2.018951261,3.339594124,2.362376984,0.999249742,0.182993412,1.00966654311,8.25821949065,4.5905139485,3.58585301374,1.00466093476,10.1078999552
HA5 64-fold,1,30,24,,8.346460917,0.923611111,6.521173744,32151.73103,1,4.75445014,0.964164261,8712.44726,UndecidedProblem,UndecidedProblem,UndecidedProblem,835681.8774,867833.6084,0.786385484,6.447474026,0,2.493901797,UndecidedProblem,3.032439102,868013.9656,13.18041182,1.177710472,0.018928947,0.870755982,857889.7854,10121.36357,9943.823038,0.256809323,1,0.973828403,34.10537846,-0.852142496,1.856198243,3.747290074,2.428632404,0.998755579,0.18735142,0.795860165564,6.64261576727,4.50720436005,2.88433164015,1.62287271989,41.9635981874
HA5 64-fold,1,30,25,,9.011071639,0.902777778,5.718886697,47697.72331,2,4.315568076,0.811332107,2855.409681,5.007072217,1.938368801,5.704937589,902060.5584,949758.2817,0.486188601,8.348656623,0,2.498452701,1.093626648,2.593056711,950944.5968,11.62004429,0.509624889,0.022952325,0.767941766,946844.7683,2933.176595,2913.513415,0.525968068,2,0,-1.561351555,-0.926923018,2.097360236,4.927869465,2.41615814,0.999399283,0.180556478,0.902412175873,8.1317007647,4.67849764995,3.53091652831,1.14758112164,14.0469204077
HA5 64-fold,1,30,26,,7.846507194,0.881944444,5.947617222,20830.2175,1,5.391614746,0.875442528,4580.683421,UndecidedProblem,UndecidedProblem,UndecidedProblem,853612.9088,874443.1263,0.616436841,7.369018495,0,2.454034181,UndecidedProblem,3.340045538,875780.2007,12.32815056,4.678461722,0.028627608,0.783111434,869153.3664,5229.585351,5289.759932,0.269268016,1,0.965638631,24.50287915,-0.824631805,1.977930267,3.680672506,2.369710206,0.99825207,0.190859356,0.884931530702,6.94362162185,4.31869380468,3.01503327045,1.30366053423,20.1215083969
HA5 64-fold,1,30,27,,7.510941583,0.888888889,5.940530659,18328.72763,1,5.732802877,0.898270758,5523.297105,UndecidedProblem,UndecidedProblem,UndecidedProblem,956386.93,974715.6577,0.693767521,7.354099478,0,2.568079243,UndecidedProblem,3.970902508,975387.4164,12.59724913,3.510059417,0.005912235,0.843207435,968758.0293,5920.458095,5957.628366,0.238851182,1,0.949442701,16.42773218,-0.8554633,1.970473862,3.561695288,2.438244093,0.999201665,0.191448369,0.82186182336,6.17295614456,4.26313231753,2.68039780484,1.58273451268,38.2590791336
HA5 128-fold,1,30,28,,8.846674111,0.868055556,7.019475306,21888.18146,2,5.224616931,0.678465548,3390.252378,UndecidedProblem,1.186146934,UndecidedProblem,796531.5524,818419.7338,0.689563101,7.533964595,0,2.440384023,0.996661885,2.082867364,818434.3277,11.96458393,2.510107167,0.022181794,0.627825859,814003.7572,4420.972161,4415.976598,0.252728474,2,0,27.09670888,-0.84763127,2.021100795,3.875902232,2.409595577,0.998799831,0.206430232,1.10380926505,9.76504084857,4.34020968049,4.24013931766,0.100070362835,1.2591293949
HA5 128-fold,1,30,29,,9.850454889,0.902777778,6.554356239,41595.834,2,4.470208647,0.851165644,3382.439741,UndecidedProblem,1.573972168,UndecidedProblem,880374.0304,921969.8644,0.623514606,8.068646033,0,2.320389104,0.946558346,1.665398422,923949.12,11.90826294,0.509624889,0.033943583,0.497821971,918535.7699,3451.603516,3434.094529,0.30998074,2,0,-6.458047756,-0.796261326,2.05112122,10.64856764,2.463297276,0.998786811,0.19989397,1.39206391114,13.7124627593,4.61904983636,5.95417401618,-1.33512417982,0.0462248829571
HA5 128-fold,1,30,30,,8.679149306,0.9375,6.912273307,16859.7462,1,5.541655982,0.692847879,2882.397376,7.157930664,UndecidedProblem,7.157930664,768476.6201,785336.3663,0.709580561,8.089897651,0,2.364714008,UndecidedProblem,2.765148201,784916.8166,11.68865339,0.177311222,0.014570346,0.644155424,782453.969,2844.430465,2882.397376,0.28484812,1,0.986282583,14.73892489,-0.805883619,2.044011463,4.02229887,2.33227624,0.999047765,0.222637459,1.07582731462,9.33726589106,4.22685103264,4.05439248418,0.172458548461,1.48750539132
HA5 128-fold,1,30,31,,11.01859839,0.902777778,6.219747505,133429.5914,1,2.807332043,0.907143763,3377.356039,UndecidedProblem,UndecidedProblem,UndecidedProblem,800562.7363,933992.3277,0.391622484,7.968965164,0,2.215602534,UndecidedProblem,3.955598652,934447.7548,11.89340641,4.845858389,0.024459208,0.816216477,930264.5865,3714.16839,3727.741254,0.713448464,1,1.147153101,25.49129889,-0.911159748,2.060605455,3.550583788,2.541635317,0.999220585,0.18027967,0.849039463828,9.35522486919,5.12525215609,4.06219056413,1.06306159196,11.5627621451
HA5 256-fold,1,30,32,,9.850454889,0.861111111,7.474838672,28119.43424,1,4.780394271,0.901114477,4436.876975,UndecidedProblem,UndecidedProblem,UndecidedProblem,744647.7032,772767.1374,0.670940985,7.222963016,0,2.483557247,UndecidedProblem,3.83947268,773552.971,12.27410002,4.178394028,0.014887761,0.848032353,767594.4037,5116.579273,5172.733685,0.356707973,1,0.977158566,28.10153229,-0.85387446,1.967683198,4.253544944,2.426829237,0.99856492,0.21795887,0.817185803759,8.04965189586,4.44900657848,3.49528957701,0.953717001465,8.98911634463
HA5 256-fold,1,30,33,,11.35425711,0.895833333,5.721156322,116939.6705,1,2.902234612,1.130287841,3722.944245,UndecidedProblem,UndecidedProblem,UndecidedProblem,757281.9413,874221.6118,0.526022495,7.558481698,0,2.476509947,UndecidedProblem,3.637616821,875664.4345,12.11800221,2.510107167,0.011474895,1.024358712,869584.0274,4668.338452,4637.584394,0.80659748,1,1.054928872,-8.217868314,-1.138242479,2.037611344,11.05971463,2.612541844,0.998545317,0.21128607,0.676520824084,7.68139137692,5.06796186579,3.33538487925,1.73257698654,54.0227871425
HA5 256-fold,1,30,34,,9.683198306,0.902777778,7.824631235,21775.81196,2,5.164012201,0.721338785,3612.99122,UndecidedProblem,1.431250448,UndecidedProblem,758947.1058,780722.9178,-1.315236688,7.712494638,0,3.116180059,0.950195404,1.573392858,781093.8257,12.0044027,0.677804139,0.00358855,0.63019281,777000.6749,3742.106957,3722.242817,0.278908799,2,0,33.38547626,-0.836437899,2.006391007,4.291235796,2.426628246,0.99911129,0.226232006,1.09966345062,10.6482592622,4.33797435763,4.62364709605,-0.285672738425,0.517997020343
HA5 256-fold,1,30,35,,10.35042817,0.958333333,6.037433562,61905.27863,1,3.802842371,1.144748461,4529.819499,UndecidedProblem,UndecidedProblem,UndecidedProblem,802062.0209,863967.2996,0.510904014,7.575379334,0,2.46553958,UndecidedProblem,3.428545432,865734.5605,12.33586365,0.177311222,0.004053299,1.086611647,859437.4801,4474.208381,4529.819499,0.694417731,1,1.032936332,-7.791425521,-1.120241902,2.002376101,10.76069459,2.54674541,0.999253035,0.217268463,0.637762352275,6.60111341675,4.79172768266,2.86631064557,1.92541703709,84.2203490637
HA5 512-fold,1,30,36,,10.68304719,0.840277778,9.540231304,33077.7445,2,4.371883189,0.749876536,11529.12031,9.644131384,1.503896722,8.370787892,651785.5109,684863.2554,0.733521817,5.836748798,0,2.501750557,1.365413499,1.584748145,686685.1897,13.51229263,4.845858389,0.019305756,0.677713352,672880.2046,11961.14641,11983.0508,0.176093732,2,0,13.10715556,-0.892666786,1.748613938,4.643451581,2.724232876,0.998526342,0.236710599,1.02255621489,10.9240162981,4.51953588829,4.74338527923,-0.223849390946,0.597242368453
HA5 512-fold,1,30,37,,12.35397717,0.895833333,6.181028901,118933.122,UndecidedProblem,2.804843426,1.214301413,3520.48543,UndecidedProblem,1.736924957,UndecidedProblem,712150.6914,831083.8134,UndecidedProblem,7.753787516,0,UndecidedProblem,1.903978519,3.227449265,832751.739,11.95945901,4.178394028,0.009178838,1.134589751,827233.2684,3850.538322,3850.544985,0.946344682,3,0,-8.201152752,-1.234644557,2.060450067,10.96561822,2.663152835,0.998652045,0.248806417,0.61079346027,7.54572846376,5.07530281928,3.27647783924,1.79882498005,62.9252544027
HA5 512-fold,1,30,38,,9.011071639,0.819444444,7.589145145,5803.104252,2,6.990990446,0.747359208,1554.847149,7.563475334,1.413238273,6.686513699,732369.9642,738173.0685,0.635214869,7.686648491,0,2.432106627,0.940379172,3.479760005,739420.2079,11.08119222,4.845858389,0.013610678,0.68984099,734590.0716,3633.765801,3582.996917,0.089861516,2,0,24.02997186,-0.820310789,2.107022607,4.527766508,2.449513659,0.99329377,0.230111188,1.00457933067,9.05233631569,3.76366037268,3.93067143538,-0.167011062706,0.680752017798
HA5 512-fold,1,30,39,,10.68304719,0.881944444,4.650363051,51317.09452,3,4.04332377,1.496643407,2586.661956,UndecidedProblem,2.217000854,UndecidedProblem,794786.9994,846104.0939,0.638135097,7.595462291,0,3.030265687,1.19431995,2.598400449,848780.931,11.72697504,4.345784972,0.003938095,1.16344895,841729.2575,4456.343302,4374.836391,0.700015004,3,0,16.99964592,-1.238574989,2.087180068,2.632251728,2.532737161,0.997915945,0.272261653,0.595642808393,6.36328023045,4.71026205944,2.76303961374,1.9472224457,88.5569082302
HA5 1024-fold,1,30,40,,8.846674111,0.854166667,7.874035361,1128.44254,2,9.026579284,0.406992494,211.023763,UndecidedProblem,1.871034441,UndecidedProblem,587377.1206,588505.5632,-1.33957631,10.27820058,0,3.025250126,1.133691233,2.939835321,590472.3858,8.279083598,4.678461722,0.041013111,0.366291208,588031.6444,495.6863031,473.918756,0.086257383,2,0.923243082,24.54517779,-0.938688527,2.371738976,3.962498266,2.668066774,0.996374877,0.261774279,1.89193730252,16.7373527538,3.05247944981,7.26763037509,-4.21515092527,6.09325108824e-05
HA5 1024-fold,1,30,41,,12.69090608,0.868055556,5.745938686,94782.28752,2,2.996097008,1.204809602,1735.249597,UndecidedProblem,2.578885235,UndecidedProblem,661427.4324,756209.72,0.340625807,8.075787751,0,2.723296517,1.473378451,3.555684015,758476.4655,11.12854858,4.345784972,0.007873079,1.123381827,753406.9471,2869.168215,2802.772861,0.961386724,2,0,23.37006022,-1.283368,2.148071655,2.638990041,2.666210452,0.998208013,0.25709507,0.61688731591,7.82885898816,4.97672718596,3.39941771088,1.57730947508,37.7841341997
HA5 1024-fold,1,30,42,h,10.51502822,0.888888889,9.134492183,7073.975958,1,6.471329758,0.569604573,1312.711289,9.66487756,UndecidedProblem,9.66487756,620591.0767,627665.0526,0.44820216,8.901301422,0,2.438817445,UndecidedProblem,3.077843812,630343.412,10.91281037,0.177311222,0.012617346,0.521688842,626352.3413,1265.937539,1312.711289,0.222187426,1,0.990918655,27.27089953,-0.790350323,2.095560009,5.098907258,2.299211178,0.995244251,0.211580293,1.32837803727,13.9679325487,3.84966357946,6.0651031475,-2.21543956803,0.00608920270966
HA5 1024-fold,1,30,43,,9.850454889,0.972222222,6.668378832,13563.52873,1,5.886161429,1.091249327,2027.699699,UndecidedProblem,UndecidedProblem,UndecidedProblem,788638.6572,802202.186,0.243279202,8.627978081,0,2.887358618,UndecidedProblem,2.963582325,804112.6222,11.52059688,0.177311222,0.014890149,0.831925871,800174.4863,1925.871104,2027.699699,0.391224738,1,1.046552411,-8.569647988,-1.128441364,2.099828642,11.93900883,2.526655118,0.997048588,0.225728357,0.833006911021,8.20549699924,4.13237269164,3.56296005177,0.569412639866,3.71033087144
HA5 2048-fold,1,30,44,,11.51866667,0.833333333,10.03199602,8885.106762,1,5.877518306,0.620713721,1674.580293,10.0697542,UndecidedProblem,10.0697542,513477.3559,522362.4627,-0.06755514,8.285107865,0,3.066781866,UndecidedProblem,2.813175187,524937.0803,10.89503351,0.177311222,0.017481964,0.575098149,520687.8824,1628.942715,1674.580293,0.24178677,1,1.043607833,26.59518733,-0.825069123,2.06810259,5.301888283,2.382358352,0.998123924,0.256461716,1.20501170314,13.8801281419,3.94866265058,6.02697704817,-2.07831439759,0.00834998321388
HA5 2048-fold,1,30,45,,10.51502822,0.888888889,7.545239512,19519.46385,2,5.317784504,1.021594495,2585.527106,7.727182569,0.680890208,7.727182569,759019.819,778539.2828,0.309892998,8.017123757,0,2.624728567,1.225646544,2.183842511,780948.1188,11.61760125,3.510059417,0.01170248,0.956437818,775533.9969,3006.55027,3005.285948,0.440751407,2,UndecidedProblem,-8.496759233,-1.283278514,2.104076696,11.42056999,2.597268183,0.997568092,0.301237677,0.724563570112,7.61880638691,4.29046788453,3.30820946023,0.9822584243,9.59971686934
HA5 2048-fold,1,30,46,,8.346460917,0.868055556,6.770930117,813.911398,3,9.544993958,0.827596366,184.3697859,7.814930326,2.176810231,5.227812116,607190.3458,608004.2572,2.991290587,11.30785039,0,3.112072185,0.371299157,3.726527562,610910.0448,7.875158422,0.845140528,0.409792501,0.291576602,607764.4267,255.7930735,239.8305293,0.09559742,3,0,23.86064633,-1.134586962,2.436569747,3.321908803,2.565546514,0.997706077,0.226650544,2.37673391914,19.8373167662,2.91057713038,8.6136850917,-5.70310796132,1.98103449896e-06
HA5 2048-fold,1,30,47,I,11.85419158,0.916666667,7.498693384,56598.54378,2,4.127546076,1.103508736,3639.380605,UndecidedProblem,1.482189346,UndecidedProblem,932684.2023,989282.7461,0.355199951,7.831766519,0,2.849601938,2.134945965,2.356292971,991389.5792,12.08980641,2.010097222,0.002043958,1.051926383,984940.4064,4403.690522,4342.339683,0.66040889,2,0,-8.896353634,-1.395078772,2.099542849,11.49919083,2.641279589,0.997603119,0.280366776,0.658791348139,7.80943885209,4.7528052574,3.39098517242,1.36182008498,23.0048859737
HA5 undiluted,1,31,0,,4.178394028,0.847222222,3.188363656,14855.47958,1,5.916507174,0.759599927,5864.770089,UndecidedProblem,UndecidedProblem,8.558312773,882434.4746,897289.9542,0.752352714,7.210575505,0,2.341956973,UndecidedProblem,3.928496298,897319.3548,12.48100764,1.177710472,0.026416279,0.671094429,891231.898,6073.97973,6058.056126,0.155191324,1,0.96358561,23.15003575,-0.818803527,2.002102317,2.146157078,2.256676037,0.997693806,0.272208783,1.03264156288,4.31478333939,4.17188667671,1.87354899669,2.29833768002,198.76397801
HA5 control,1,31,1,,3.845753861,0.784722222,2.128303781,29329.54569,1,5.034054846,0.610024421,4146.197072,UndecidedProblem,UndecidedProblem,7.300253247,931633.8485,960963.3941,0.643449315,7.854479013,0,2.457469634,UndecidedProblem,3.105197768,961823.8587,11.98012091,0.509624889,0.017521349,0.547944578,956811.2439,4153.814705,4152.150256,0.268749772,1,0.922002142,21.78397896,-0.86283062,2.094231654,1.275174341,2.265792266,0.997666047,0.216132233,1.2647264483,4.86382662166,4.46730533588,2.11195250615,2.35535282973,226.648489857
HA5 undiluted,1,31,2,,4.345784972,0.756944444,3.666979879,9551.462427,UndecidedProblem,6.762190288,0.442712054,3260.580255,UndecidedProblem,1.344653203,8.459043854,1027241.367,1036792.829,UndecidedProblem,8.244998839,0,UndecidedProblem,0.622689554,2.846255243,1036783.75,11.74404803,3.510059417,0.035488405,0.418413563,1033375.396,3444.568208,3417.433088,0.113490591,2,0,33.85048975,-0.672937955,2.096885239,2.544474409,2.206916403,0.99394668,0.202869964,1.65625606166,7.19773270255,3.98006987162,3.12537242838,0.854697443244,7.15644673574
HA5 control,1,31,3,,3.845753861,0.8125,1.55523816,25052.2061,2,5.329797585,0.707063624,3290.240969,UndecidedProblem,1.143565333,11.37021395,982517.0784,1007569.285,1.38251461,8.258470085,0,3.010681923,1.319225199,1.899847726,1008929.196,11.81172093,0.177311222,0.01119045,0.498243596,1004279.044,3278.246317,3290.240969,0.2542916,2,0.987892276,26.39097655,-0.825276571,2.111791214,1.383411994,2.341686273,0.997044755,0.206895449,1.39088591517,5.34900487848,4.39884597591,2.3226247844,2.07622119151,119.184887672
HA5 2-fold,1,31,4,,5.010367222,0.909722222,3.900361332,6376.850528,2,7.503684983,0.364713609,753.2951415,UndecidedProblem,1.505191831,UndecidedProblem,1150908.606,1157285.456,0.507897762,9.945983788,0,2.161091516,0.553806869,2.935932926,1157596.414,9.747327594,2.178148639,0.07141158,0.346732197,1156112.178,1186.776153,1173.278301,0.151556445,2,UndecidedProblem,24.62983,-0.683779025,2.305126836,2.601768011,2.19537403,0.995234557,0.14326144,1.9986606551,10.0140238342,3.80460623734,4.34825177343,-0.543645536093,0.285992381314
HA5 control,1,31,5,,3.678288528,0.805555556,1.674197897,18345.48335,2,5.893846849,0.621181971,2356.401721,UndecidedProblem,2.043264452,UndecidedProblem,1072476.421,1090821.904,0.412605929,8.675438639,0,2.426618095,0.556422978,2.20373237,1093260.242,11.17288126,0.845140528,0.043074706,0.44513342,1088153.9,2709.572568,2668.004725,0.217240342,2,0,25.58886398,-0.768155027,2.189272713,1.473435832,2.250890286,0.997427498,0.198061864,1.55683659969,5.7264942046,4.26352915864,2.48653678011,1.77699237852,59.8401093568
HA5 2-fold,1,31,6,,5.510712528,0.847222222,3.324045888,20151.29674,UndecidedProblem,5.845578776,0.517317518,1060.615014,UndecidedProblem,1.827611107,10.38042331,1138619.528,1158770.825,UndecidedProblem,9.621412622,0,UndecidedProblem,0.780182222,3.389755953,1157220.966,10.17886427,2.178148639,0.043152206,0.47180487,1157299.652,1484.597156,1471.173022,0.308316984,3,UndecidedProblem,33.64851141,-0.808363565,2.27920602,2.145925628,2.348413217,0.997262162,0.189252798,1.46882756848,8.0942864831,4.30430299831,3.51467063965,0.789632358668,6.16073259364
HA5 control,1,31,7,,3.178060528,0.791666667,1.930435959,8688.155279,2,6.878508792,0.45069985,1270.923308,UndecidedProblem,1.838183246,6.389651716,1013580.503,1022268.659,0.763381004,9.548123552,0,2.324190121,0.644343482,3.187904902,1027238.129,10.24736269,0.845140528,0.038159515,0.42526421,1020903.153,1389.651592,1365.505503,0.199991914,2,UndecidedProblem,38.5756885,-0.740553773,2.279850512,1.349677109,2.251819551,0.997866529,0.203521117,1.62957517634,5.17888854532,3.93892757424,2.24875750991,1.69017006433,48.9970648233
HA5 4-fold,1,31,8,,2.845433861,0.909722222,3.63700678,518.2408447,1,11.13340903,0.40124457,216.8950736,UndecidedProblem,2.57530482,UndecidedProblem,1163665.983,1164184.223,0.990439089,11.41734903,0,2.868079126,0.410460482,3.863788732,1164689.929,8.225083634,2.178148639,0.183549256,0.325826379,1163758.569,436.676685,425.6544533,0.024728483,2,0.737854476,22.71565879,-0.90045342,2.458019161,1.934030369,2.11622502,0.99506055,0.138712544,2.12689961484,6.05195218302,2.71453163854,2.62785591968,0.0866757188628,1.22088770131
HA5 control,1,31,9,,2.845433861,0.770833333,1.956640628,5641.065993,2,7.564414366,0.442147233,1440.560063,UndecidedProblem,1.923369183,7.053664341,1062126.695,1067767.761,0.825591372,9.460264046,0,2.318076347,0.620892898,3.25763301,1057792.395,10.36409828,0.845140528,0.061375478,0.423958961,1066251.921,1531.463986,1515.840685,0.144316224,2,0,24.67350063,-0.735421056,2.278458887,1.347992673,2.271847349,0.997455877,0.196085567,1.63459217459,4.65112392252,3.75136118043,2.01959353996,1.73176764047,53.9222046651
HA5 4-fold,1,31,10,,6.010929361,0.958333333,3.702851522,17082.81728,1,6.134193247,0.475511534,595.4567021,UndecidedProblem,1.220956714,UndecidedProblem,1182791.236,1199874.053,0.917990976,10.95831106,0,2.905495368,1.994631105,3.20485332,1200997.916,9.473441229,0.509624889,0.03376772,0.419286303,1199271.001,604.7233914,603.05279,0.348690027,3,0,-8.16986471,-0.892599859,2.354199551,10.25368472,2.179324043,0.996899164,0.139246875,1.65280858221,9.9349156349,4.23255949564,4.3139017086,-0.0813422129541,0.829197123876
HA5 control,1,31,11,,3.00994825,0.798611111,1.324206362,6629.739522,2,7.083340448,0.517357063,953.0284214,UndecidedProblem,1.652631871,UndecidedProblem,892442.1309,899071.8704,0.868167292,9.881701493,0,2.618421041,0.389248953,2.942927208,902030.4285,9.934654547,0.177311222,0.078282389,0.326303231,898118.842,918.9852419,953.0284214,0.162702421,2,UndecidedProblem,24.13247491,-0.704051419,2.314058106,1.337904326,2.197251616,0.996928855,0.208604094,2.1237914129,6.39250224663,3.8214964656,2.77572828772,1.04576817788,11.1113845418
HA5 8-fold,1,31,12,,6.846513861,0.972222222,4.765462079,23427.8507,2,5.586368999,0.608366854,2107.731564,UndecidedProblem,1.605314849,UndecidedProblem,1102205.84,1125633.691,0.701374487,9.06083056,0,2.350834654,0.731054634,2.40778354,1126382.09,11.28416478,0.177311222,0.027041479,0.524615169,1123525.96,2045.264598,2107.731564,0.315240379,2,0,31.20333018,-0.797129525,2.141196646,2.98361708,2.339560977,0.996617373,0.157393849,1.32096828485,9.04402767216,4.36973244771,3.92706368744,0.442668760276,2.77120567864
HA5 control,1,31,13,,3.678288528,0.854166667,2.172242514,25363.97971,1,5.607415173,0.599088194,4513.953328,UndecidedProblem,UndecidedProblem,6.991857162,1211202.764,1236566.744,0.869654796,8.097732894,0,2.687783515,UndecidedProblem,3.420743517,1242023.124,12.27144869,0.177311222,0.020953145,0.548298544,1232052.791,4435.904785,4513.953328,0.238574274,1,0.836899168,19.01038593,-0.770952514,2.065496057,1.547332112,2.249403787,0.998554094,0.226855945,1.26390997675,4.64902556791,4.4042173971,2.01868240031,2.38553499679,242.960121891
HA5 8-fold,1,31,14,,6.679198194,0.9375,4.465845088,24994.85916,1,5.55206199,0.759594251,3961.23594,UndecidedProblem,UndecidedProblem,10.65311167,1147707.748,1172702.607,0.63495345,8.209670849,0,2.037236415,UndecidedProblem,2.219518714,1172756.067,12.00060637,0.177311222,0.036328206,0.518718782,1168741.371,3925.312836,3961.23594,0.240772753,1,1.164639862,43.62087965,-0.817669972,2.075367046,2.934194854,2.372646737,0.9977696,0.179588606,1.33598401301,8.92330200691,4.39785069395,3.87464264303,0.523208050916,3.33586180598
HA5 control,1,31,15,,3.845753861,0.805555556,2.017182514,27652.49026,2,5.331032055,0.577319243,3063.680864,UndecidedProblem,1.886125801,UndecidedProblem,1085449.103,1113101.593,0.782851799,8.505103536,0,2.774846664,0.7122937,1.958067113,1117254.223,11.65588981,0.177311222,0.015042373,0.506717468,1110037.912,3066.339006,3063.680864,0.279298093,2,UndecidedProblem,2.0628927,-0.827567785,2.141244086,1.424168261,2.351125048,0.997762639,0.218908088,1.36762603179,5.25955309216,4.44173424803,2.28378336612,2.15795088191,143.863586138
HA5 16-fold,1,31,16,,7.510941583,0.958333333,4.966167266,27754.07261,1,5.330508196,0.581491054,1330.818555,UndecidedProblem,UndecidedProblem,UndecidedProblem,1089030.945,1116785.018,0.600854387,9.712821892,0,2.108138371,UndecidedProblem,3.89669457,1118147.016,10.57408944,0.177311222,0.026864706,0.527203141,1115454.199,1312.863551,1330.818555,0.396062982,1,1.07280555,23.76582229,-0.794540319,2.222333475,3.117009177,2.261622544,0.997741605,0.157968231,1.31448382247,9.87301120237,4.44332672015,4.28702179869,0.156304921468,1.4331938024
HA5 control,1,31,17,,4.178394028,0.763888889,1.585414046,43444.46772,2,4.356275734,0.625463723,2475.062422,UndecidedProblem,1.321913176,7.197884865,846379.595,889824.0627,0.820423606,8.489911391,0,2.752335364,0.874399068,3.656100032,891939.0107,11.40083079,0.177311222,0.023647788,0.563661941,887349.0002,2400.236626,2475.062422,0.399291113,2,UndecidedProblem,-0.055953367,-0.757441557,2.158613128,2.155513689,2.485952882,0.997507835,0.268892633,1.22946033711,5.13716973026,4.63793448063,2.23064252291,2.40729195772,255.441795221
HA5 16-fold,1,31,18,,7.510941583,0.979166667,5.409401531,31764.37101,1,5.18385701,0.630242799,3173.330528,UndecidedProblem,UndecidedProblem,UndecidedProblem,1122849.348,1154613.719,0.733480652,8.50719676,0,2.347701206,UndecidedProblem,3.25901763,1154667.1,11.76465185,0.177311222,0.010152246,0.563983289,1151440.388,3133.699513,3173.330528,0.323882852,1,0.971370534,24.96672134,-0.802084085,2.100983267,3.2343649,2.280487773,0.998339936,0.164533352,1.22875981171,9.2291431653,4.50194025997,4.00744384077,0.494496419194,3.12245666111
HA5 control,1,31,19,,4.178394028,0.798611111,1.738634618,50690.80899,2,4.560810687,0.84867696,6747.881676,UndecidedProblem,1.581802574,7.907481133,1145691.668,1196382.477,0.812963114,7.470028294,0,2.644096904,0.835952264,2.290593506,1199916.882,12.75908918,0.177311222,0.025025244,0.629161942,1189634.596,6748.641713,6747.881676,0.316516772,2,0,17.57709832,-0.857829863,2.007674485,1.356287797,2.453834251,0.999034669,0.266401067,1.10146522499,4.60235571815,4.70492922232,1.99841759364,2.70651162868,508.75844199
HA5 32-fold,1,31,20,,8.511040639,0.861111111,5.553338851,37621.44923,1,4.838414799,0.707810286,2077.669583,UndecidedProblem,UndecidedProblem,UndecidedProblem,1038703.747,1076325.196,0.679008871,8.775068178,0,2.325490849,UndecidedProblem,4.374477453,1077350.978,11.15593461,2.845433861,0.007277397,0.670754117,1073868.311,2457.450123,2456.884675,0.450430141,1,1.010731322,23.54856918,-0.857937882,2.15761216,3.288560321,2.350446441,0.998361812,0.169663684,1.03316548111,8.79331339658,4.57543552116,3.81819947746,0.757236043702,5.71789325856
HA5 control,1,31,21,,4.510389417,0.826388889,2.124173565,64203.2519,1,4.231551989,0.720362112,6468.637061,UndecidedProblem,UndecidedProblem,7.631489541,1141890.597,1206093.849,0.576934382,7.542664687,0,2.594657109,UndecidedProblem,2.593957963,1209363.302,12.70245602,0.177311222,0.015664801,0.653114177,1199625.212,6469.976271,6468.637061,0.37171891,1,0.904414322,1.515811472,-0.896676809,2.018037424,1.515487998,3.078196203,0.998925285,0.666264331,1.06107021468,4.78583986699,4.80755702568,2.07808939079,2.72946763489,536.373897532
HA5 32-fold,1,31,22,,8.679149306,0.875,6.793561266,56012.01087,1,4.331630242,0.742622814,9621.369313,6.848373946,UndecidedProblem,6.848373946,1071787.228,1127799.239,0.643136172,6.873052327,0,2.383475251,UndecidedProblem,2.978566434,1124184.424,13.2499446,0.177311222,0.010529407,0.657283058,1118177.87,9624.570158,9621.369313,0.289704736,1,0.992741397,32.4603365,-0.732690178,1.898983231,4.142862733,2.366174551,0.998403445,0.209938187,1.05434027481,9.15077666441,4.74828116442,3.97341583344,0.774865330983,5.95477465153
HA5 control,1,31,23,,4.510389417,0.784722222,1.750314251,71023.55435,1,3.944352654,0.811795622,6778.873725,UndecidedProblem,UndecidedProblem,7.866472119,1022355.789,1093379.344,0.787255347,7.333532713,0,2.63879157,UndecidedProblem,3.63784693,1100179.733,12.80207659,0.177311222,0.007273876,0.754961055,1086600.47,6662.799954,6778.873725,0.436955551,1,0.913571289,1.946158202,-0.883980749,1.998159187,1.44405512,2.410724216,0.998950034,0.262751298,0.917928143989,4.14021338621,4.85140240263,1.79774788806,3.05365451457,1131.49988608
HA5 64-fold,1,31,24,,9.011071639,0.9375,6.893192736,26617.85303,2,5.325241729,0.520315811,1546.899163,6.965086471,1.180869261,5.315671856,1040544.552,1067162.405,0.701058104,9.430184877,0,2.2912262,0.839899405,2.08270275,1068252.146,10.84120014,0.177311222,0.051346872,0.494673274,1065615.506,1470.737894,1546.899163,0.349994078,2,0,-7.717082975,-1.071083438,2.215423301,10.50959628,2.44916348,0.994001428,0.202022893,1.40092468388,12.6238326872,4.42517302278,5.4814731599,-1.05630013711,0.087841524193
HA5 control,1,31,25,,3.178060528,0.854166667,1.970689538,24407.86351,1,5.745240081,0.816812538,8706.351091,UndecidedProblem,UndecidedProblem,7.947747511,1284832.43,1309240.293,0.78522971,7.232445994,0,2.607777883,UndecidedProblem,3.620602709,1311627.271,13.10815093,0.177311222,0.009164076,0.748496023,1300533.942,8586.971733,8706.351091,0.196282997,1,0.920690776,27.86947927,-0.93556242,1.974797139,1.257077049,2.400957043,0.998977417,0.253234679,0.925856622755,2.94242838736,4.38752976604,1.27765018991,3.10987957613,1287.89238739
HA5 64-fold,1,31,26,,9.179088833,0.916666667,7.072941144,79457.52325,2,3.816836342,0.930699357,16783.14512,7.052628571,0.819456973,6.184381277,1040282.628,1119740.151,0.667565717,6.060007068,0,2.500295936,1.208751487,1.894076003,1119011.312,14.13421666,0.177311222,0.020402184,0.871852651,1102957.006,16779.71103,16783.14512,0.337530042,2,0,18.64617552,-0.835840776,1.767201348,3.939588817,2.56124506,0.998913713,0.230818239,0.794859084508,7.29608214642,4.90013502365,3.16807735407,1.73205766958,53.9582268411
HA5 control,1,31,27,,4.510389417,0.805555556,1.632761505,79748.08993,2,3.957514236,0.821189297,6989.098638,UndecidedProblem,2.10713992,7.884037923,1159193.361,1238941.451,1.229509739,7.469785888,0,2.886785137,1.004904127,2.379838731,1239895.365,12.77227025,0.177311222,0.005678983,0.785521609,1231952.352,6965.817538,6989.098638,0.469933541,2,0,2.044412328,-0.971340788,2.016968564,1.127800707,3.056947581,0.999091437,0.806290456,0.882216341422,3.97913924985,4.90172028994,1.72780688226,3.17391340767,1492.49679665
HA5 128-fold,1,31,28,e,8.511040639,0.9375,6.350348526,17900.95697,2,5.824082231,0.820338208,2899.419178,UndecidedProblem,0.982008206,UndecidedProblem,996243.2106,1014144.168,0.774158534,8.426991452,0,2.494863911,1.026732127,2.771484364,1015778.99,11.71942645,0.509624889,0.011523593,0.744097184,1011197.559,2960.38259,2946.608906,0.334362105,2,UndecidedProblem,-7.029019448,-0.979166299,2.093680009,10.33075845,2.507841809,0.998821545,0.19464235,0.931329959179,7.92658713089,4.25287624862,3.44185285753,0.811023391086,6.47177471766
HA5 control,1,31,29,,2.845433861,0.861111111,1.673831966,14444.91883,2,6.516679978,0.592392157,3705.102354,UndecidedProblem,2.09233558,6.68680086,1308163.404,1322608.323,0.92520318,8.479656772,0,2.715325984,0.795390383,2.104705166,1321297.556,11.78852083,0.177311222,0.03102828,0.563960546,1318903.221,3680.394783,3705.102354,0.195255974,2,UndecidedProblem,23.99219262,-0.984585436,2.146107498,0.838339298,2.297152151,0.998902274,0.231397582,1.22880936426,3.49649577379,4.15971510577,1.51823524698,2.64147985879,438.005797369
HA5 128-fold,1,31,30,,8.511040639,0.909722222,6.100305296,21134.80369,1,5.724919278,0.854971431,2990.194157,UndecidedProblem,UndecidedProblem,UndecidedProblem,1096682.025,1117816.829,0.509183542,8.456276431,0,2.395141079,UndecidedProblem,3.632435741,1118178.271,11.64743928,4.510389417,0.010508261,0.72896069,1114634.26,3165.731424,3182.568691,0.343454152,1,0.979474397,33.50859832,-0.952132955,2.121875122,3.340728217,2.345979365,0.999572518,0.20204229,0.950668547024,8.09117863794,4.32499821825,3.51332116281,0.811677055447,6.48152283526
HA5 control,1,31,31,,3.345551667,0.819444444,1.973678363,25890.78171,1,5.605319759,0.742773915,7140.064661,UndecidedProblem,UndecidedProblem,7.534202638,1234527.07,1260417.852,0.840615234,7.463749239,0,2.663314617,UndecidedProblem,2.874232886,1263043.109,12.82832643,0.177311222,0.025829966,0.648717634,1253277.787,7119.238398,7140.064661,0.211777948,1,0.851002181,32.00489509,-0.920459118,2.008820206,1.227641393,2.266486548,0.998622275,0.251653531,1.06826138782,3.57392366681,4.41314516311,1.55185569553,2.86128946758,726.590085612
HA5 256-fold,1,31,32,,8.511040639,0.923611111,5.793187305,15538.7771,2,6.003822681,0.878952675,1836.017564,5.411072069,1.478308794,4.871167193,981581.5098,997120.2869,0.520327351,9.085043883,0,2.494509277,1.003065291,2.726386932,997750.1065,11.02349437,0.177311222,0.007447378,0.749446712,995284.2694,1833.908306,1836.017564,0.39587222,2,0,-8.934087649,-1.141799113,2.188471505,11.64011511,2.468057452,0.998385162,0.203677767,0.924682154053,7.8700073913,4.19141683688,3.41728501576,0.77413182112,5.94472571105
HA5 control,1,31,33,,3.510059417,0.8125,1.415738327,33030.52671,1,5.311114185,0.785094918,5266.975592,UndecidedProblem,UndecidedProblem,7.650768487,1278324.18,1311354.706,0.834457073,7.959867482,0,2.711833474,UndecidedProblem,3.721329894,1328898.451,12.38370412,0.177311222,0.015679248,0.676110816,1306087.731,5234.13633,5266.975592,0.309891815,1,0.855391091,27.16392332,-0.968455221,2.072692569,0.926348168,2.319678195,0.999010839,0.244068511,1.02497990507,3.59774036802,4.51891549908,1.56219729397,2.9567182051,905.145100822
HA5 256-fold,1,31,34,,8.511040639,0.958333333,5.107627969,21102.36465,2,5.66393273,1.125044584,2807.141249,UndecidedProblem,1.346202732,UndecidedProblem,1048801.53,1069903.895,-0.142811893,8.052943683,0,3.069886099,1.652207152,3.072072153,1071497.446,11.6554192,1.177710472,0.016956686,0.92509065,1065875.174,4244.468949,4028.72076,0.379543575,2,0.857491339,-9.838564015,-1.141271731,2.127348976,12.59246342,2.595829285,0.999396775,0.228733331,0.749115775843,6.37575481152,4.3243311234,2.76845627943,1.55587484397,35.9645676664
HA5 control,1,31,35,,4.678461722,0.763888889,1.719804892,93546.03803,1,3.647722595,0.835182125,7995.580551,UndecidedProblem,UndecidedProblem,7.737591087,1078917.419,1172463.457,0.733045869,7.196124452,0,2.629804141,UndecidedProblem,3.715162389,1192639.029,12.97892666,0.177311222,0.000372979,0.800217687,1164467.876,7980.98056,7995.580551,0.483194247,1,0.912722027,26.37619995,-0.928004715,1.987091512,1.167341176,2.400280166,0.998323146,0.282657059,0.866014349918,4.05161498679,4.97102539848,1.75927702423,3.21174837426,1628.35230874
HA5 512-fold,1,31,36,,8.511040639,0.895833333,6.386747592,15263.84764,2,5.970077927,1.163826756,4295.035365,UndecidedProblem,0.749325135,UndecidedProblem,941570.0547,956833.9024,0.707513109,7.779092966,0,2.518974476,1.355917271,3.239182818,957985.3907,12.15718932,1.345317167,0.005772229,1.029774759,952477.8185,4343.053535,4356.08387,0.321966683,2,UndecidedProblem,32.64568688,-1.167317955,2.044921964,2.954967284,2.655765703,0.9995614,0.253854312,0.672962697855,5.72761286998,4.18366402236,2.48702252279,1.69664149957,49.7326383632
HA5 control,1,31,37,,3.178060528,0.763888889,1.856463846,24838.12367,1,5.361708371,0.773189711,7624.252736,UndecidedProblem,UndecidedProblem,7.051941062,996463.0541,1021301.178,1.005255516,7.065596715,0,2.772587079,UndecidedProblem,3.406954047,1025523.737,13.00846909,0.177311222,0.01877961,0.693420569,1013676.925,7473.00751,7624.252736,0.207740309,1,0.835821836,33.66441181,-0.872729524,1.979975627,1.32764427,2.317388823,0.996886207,0.253881673,0.999393486408,3.17613299109,4.39511878512,1.37912852414,3.01599026098,1037.50514959
HA5 512-fold,1,31,38,,8.511040639,0.916666667,4.508567585,16991.25776,UndecidedProblem,5.940737551,1.19456773,1682.404497,UndecidedProblem,0.833141285,UndecidedProblem,1026684.816,1043676.073,UndecidedProblem,9.266491663,0,UndecidedProblem,1.371855495,3.007366686,1045239.23,11.19815333,0.677804139,0.011585825,0.984328647,1041981.448,1695.452889,1694.625675,0.555644625,4,UndecidedProblem,-9.30136452,-1.338762394,2.202347932,11.53080741,2.479764531,0.997661668,0.268048957,0.704033152049,5.9920547683,4.23022552825,2.60184748949,1.62837803876,42.4989341933
HA5 control,1,31,39,,3.345551667,0.791666667,1.994809242,31236.34445,1,5.3459661,0.766509058,9062.174133,UndecidedProblem,UndecidedProblem,UndecidedProblem,1239210.079,1270446.424,0.983330696,7.131262608,0,2.73795512,UndecidedProblem,3.013082278,1277282.163,13.2116271,0.177311222,0.029121407,0.689925607,1261384.25,8925.590746,9062.174133,0.216157756,1,0.84166873,25.32251959,-0.927120588,1.96625347,1.234707684,2.304451208,0.998043565,0.25932342,1.00445612247,3.36045985496,4.49466020324,1.45916624184,3.0354939614,1085.16046104
HA5 1024-fold,1,31,40,,1.009694444,0.895833333,5.022240563,2567.394578,2,8.532918263,1.273534166,2301.301227,UndecidedProblem,1.803465734,UndecidedProblem,948381.0391,950948.4337,0.421207108,8.191884951,0,2.567835694,1.49736379,2.825660051,952031.3782,11.61100845,0.677804139,0.254378576,0.9800217,947696.4087,3420.38335,3252.025005,UndecidedProblem,2,0,-9.288182312,-1.375843592,2.138092438,11.55264326,2.660056218,0.998447363,0.270231664,0.707127199326,0.713982404361,3.4094926197,0.310022754825,3.09946986487,1257.38960271
HA5 control,1,31,41,,3.678288528,0.854166667,1.891576018,40495.68408,1,5.211930981,0.829110248,9086.504166,UndecidedProblem,UndecidedProblem,7.928135087,1460420.015,1500915.699,0.805823926,7.367901877,0,2.541790965,UndecidedProblem,3.699763318,1507098.434,13.06583118,0.177311222,0.019456055,0.742662937,1491829.195,9070.341578,9086.504166,0.278091434,1,0.939801133,27.70935815,-0.996866281,1.997276687,1.081557552,3.134888999,0.998487995,3.472404727,0.933128564082,3.43231609241,4.60740873975,1.49036738707,3.11704135269,1309.30658673
HA5 1024-fold,1,31,42,,11.68668019,0.909722222,4.718711763,89958.80953,5,3.538844359,1.506539982,3823.593554,4.798714819,1.744592702,5.040152894,955584.4379,1045543.247,0.739290414,8.042517161,0,2.841086106,1.487244592,1.999446972,1046651.246,11.92252954,3.678288528,0.008890081,1.156244033,1041577.701,3960.520204,3965.546944,0.879259928,5,0,-8.782384353,-1.355230758,2.116833037,11.16307627,2.787287506,0.999240243,0.284291338,0.599354444409,7.00446371226,4.95404369957,3.04145189417,1.9125918054,81.7695872196
HA5 control,1,31,43,,3.178060528,0.715277778,2.086103982,22020.52311,1,5.742336674,0.737696278,7943.379926,UndecidedProblem,UndecidedProblem,UndecidedProblem,1156787.86,1178808.383,0.813531161,7.138390267,0,2.487238556,UndecidedProblem,3.541156417,1183703.192,12.90310165,0.845140528,0.006874309,0.68261539,1170441.309,8475.405972,8367.074278,0.169403297,1,0.930619649,36.57894299,-0.896691127,2.002814812,1.315072495,2.314673073,0.99780366,0.254349088,1.01521297374,3.22640827934,4.34282763167,1.40095887075,2.94186876092,874.719404565
HA5 2048-fold,1,31,44,,7.346503806,0.9375,3.463305547,10808.74591,9,6.43848824,1.516655516,1860.679064,UndecidedProblem,0.989847131,UndecidedProblem,926652.6546,937461.4005,0.293577672,8.824964307,0,2.755464202,1.943067474,1.036869509,938964.7362,10.98108138,2.010097222,0.005357616,1.211216644,935394.2389,1990.183336,2067.161596,0.491599961,9,UndecidedProblem,42.38325374,-1.760973429,2.257683279,1.147793848,2.764713253,0.999473606,0.399803075,0.572151979114,4.20331669217,4.03377530765,1.82514836829,2.20862693936,161.669069744
HA5 control,1,31,45,,3.510059417,0.840277778,1.821867365,26383.26207,1,5.760541264,0.640302479,4175.042409,UndecidedProblem,UndecidedProblem,7.1430843,1403907.07,1430290.332,0.853296199,8.42030146,0,2.700186265,UndecidedProblem,3.232724186,1441150.323,12.07118695,0.177311222,0.030177345,0.582449052,1426115.29,4102.868265,4175.042409,0.269376534,1,0.832874842,35.04831599,-0.952980345,2.122784752,1.025803935,2.248917209,0.99820958,0.246951383,1.18980363625,4.1762814578,4.42132849142,1.81340923048,2.60791926093,405.433154943
HA5 2048-fold,1,31,46,,9.683198306,0.895833333,7.634449802,6200.414161,1,7.356084921,0.780336764,1001.432344,UndecidedProblem,UndecidedProblem,UndecidedProblem,1009633.976,1015834.39,0.571873186,9.921129894,0,2.431532235,UndecidedProblem,3.976972775,1018711.771,10.11222449,4.845858389,0.020882482,0.71560194,1014786.622,1005.298298,1047.768221,0.317385525,1,0.994337723,-5.331878558,-1.08233296,2.284067328,8.879133053,2.417764226,0.999456965,0.258846615,0.968415485291,9.37735918667,3.79242069947,4.07180164423,-0.279380944763,0.525556068579
HA5 control,1,31,47,,2.678047194,0.708333333,1.652619677,8324.818168,1,6.57325618,0.554153414,2346.624624,UndecidedProblem,UndecidedProblem,UndecidedProblem,784399.2345,792724.0526,0.944363903,8.40008786,0,2.747204083,UndecidedProblem,3.472791974,793626.7331,11.27912373,0.177311222,0.078368629,0.483688137,790377.428,2298.62067,2346.624624,0.157742779,1,0.787312865,1.270898616,-0.72785314,2.166701714,1.623279715,2.162909118,0.99497287,0.276202885,1.43274136161,3.83694898319,3.92037475635,1.66606555935,2.254309197,179.601184672
